7 0.655790103515625 0.375707408203125 0.630185416015625 0.3736694453125 0.5728609375 0.3967694453125 0.557574478515625 0.40967777734375 0.533116146484375 0.413753703125 0.522033333984375 0.4320981484375 0.524326041015625 0.450441666015625 0.5296765625 0.461991666015625 0.549548958984375 0.453159259765625 0.5663640625 0.421906482421875 0.595790625 0.402883333984375 0.640503646484375 0.392692591796875 0.682159375 0.38929537109375 0.680630728515625 0.3709518515625 0.655790103515625 0.375707408203125
7 0.90878125 0.912433333984375 0.912220833984375 0.889333333984375 0.925596353515625 0.847889814453125 0.943176041015625 0.801012037109375 0.964958853515625 0.754812037109375 0.977952603515625 0.738506482421875 0.999479166015625 0.72152222265625 0.999479166015625 0.709032408203125 0.999479166015625 0.681117591796875 0.988178646484375 0.681117591796875 0.97413125 0.706575 0.960755208984375 0.73375092578125 0.933621875 0.78810277734375 0.918717708984375 0.831584259765625 0.900373958984375 0.891371296875 0.899227083984375 0.913112037109375 0.90878125 0.912433333984375
7 0.664609375 0.6331481484375 0.653144271484375 0.6331481484375 0.648176041015625 0.637903703125 0.616074478515625 0.637903703125 0.567922396484375 0.658964814453125 0.550342708984375 0.6569268515625 0.5423171875 0.66507962890625 0.528177083984375 0.6691555546875 0.521680728515625 0.662362037109375 0.51475625 0.666171296875 0.512508853515625 0.67255277734375 0.515183853515625 0.682743517578125 0.523209375 0.685461111328125 0.5369671875 0.6834231484375 0.554164583984375 0.673912037109375 0.590469791015625 0.66507962890625 0.617603125 0.652171296875 0.645501041015625 0.65624722265625 0.659641146484375 0.6644 0.67378125 0.661682408203125 0.678748958984375 0.6569268515625 0.679513541015625 0.64130092578125 0.6745453125 0.634506482421875 0.664609375 0.6331481484375
7 0.345609375 0.27354537109375 0.333559375 0.294143517578125 0.337730728515625 0.30485462890625 0.345609375 0.305678703125 0.365075 0.2661305546875 0.3840765625 0.238116666015625 0.408640103515625 0.212575 0.435520833984375 0.199391666015625 0.451278646484375 0.198567591796875 0.469353646484375 0.199391666015625 0.477696353515625 0.197743517578125 0.484647916015625 0.190328703125 0.486965103515625 0.17467407421875 0.482794271484375 0.162314814453125 0.478159375 0.159842591796875 0.472134375 0.157371296875 0.4651828125 0.159018517578125 0.455913541015625 0.163962962890625 0.448961458984375 0.17137777734375 0.422544271484375 0.183737037109375 0.399834375 0.200215740234375 0.366465103515625 0.239763888671875 0.345609375 0.27354537109375
2 0.999479166015625 0.00979722265625 0.973640103515625 0.017962037109375 0.963536458984375 0.078381482421875 0.974558853515625 0.0914444453125 0.999479166015625 0.109406482421875 0.999479166015625 0.068583333984375 0.999479166015625 0.03102592578125 0.999479166015625 0.00979722265625
7 0.141923958984375 0.12125092578125 0.170843228515625 0.1242231484375 0.173183853515625 0.1132268515625 0.171010416015625 0.104013888671875 0.163153646484375 0.109661111328125 0.136574478515625 0.109066666015625 0.104980208984375 0.095693517578125 0.081911458984375 0.07964537109375 0.063021353515625 0.061813888671875 0.051152603515625 0.0416055546875 0.051152603515625 0.032689814453125 0.043972396484375 0.0073944453125 0.0344359375 0.00237777734375 0.026740103515625 0.006337962890625 0.0239046875 0.014264814453125 0.024740625 0.0216944453125 0.026077603515625 0.033581482421875 0.031092708984375 0.041011111328125 0.038782291015625 0.047846296875 0.045803646484375 0.050818517578125 0.084753125 0.096287037109375 0.101302603515625 0.1075805546875 0.117183333984375 0.114118517578125 0.1300546875 0.120953703125 0.141923958984375 0.12125092578125
7 0.841520833984375 0.981731482421875 0.860628646484375 0.971540740234375 0.864450521484375 0.96542592578125 0.878208333984375 0.959990740234375 0.90878125 0.9538768515625 0.941265103515625 0.955914814453125 0.999479166015625 0.93757037109375 0.9982921875 0.930837037109375 0.950436978515625 0.943006482421875 0.929418228515625 0.943685185546875 0.8976984375 0.940967591796875 0.871329166015625 0.943685185546875 0.856425 0.94640277734375 0.8373171875 0.9423268515625 0.8269984375 0.947082408203125 0.825383853515625 0.96150462890625 0.833877603515625 0.9776555546875 0.841520833984375 0.981731482421875
7 0.5143640625 0.54932777734375 0.525332291015625 0.580928703125 0.530248958984375 0.593031482421875 0.5408390625 0.60177222265625 0.546133853515625 0.60042777734375 0.54878125 0.588325 0.54878125 0.5768944453125 0.540082291015625 0.560758333984375 0.538947916015625 0.559412962890625 0.5268453125 0.539914814453125 0.519659375 0.5231055546875 0.507934896484375 0.49217592578125 0.501505208984375 0.4619194453125 0.495453646484375 0.432335185546875 0.489780728515625 0.406112037109375 0.4852421875 0.3778731484375 0.482216666015625 0.354339814453125 0.481081771484375 0.33820277734375 0.475030728515625 0.341564814453125 0.475408853515625 0.364425 0.4788125 0.398716666015625 0.4863765625 0.438386111328125 0.493184375 0.4746944453125 0.501505208984375 0.5056231484375 0.5143640625 0.54932777734375
2 0.662685416015625 0.554360185546875 0.656390103515625 0.560328703125 0.6530328125 0.577488888671875 0.660586978515625 0.587934259765625 0.667721875 0.59539537109375 0.676955208984375 0.57972777734375 0.676955208984375 0.5648055546875 0.671498958984375 0.554360185546875 0.662685416015625 0.554360185546875
2 0.709270833984375 0.81027592578125 0.724799478515625 0.80952962890625 0.742426041015625 0.80057592578125 0.740327603515625 0.778938888671875 0.7327734375 0.761778703125 0.724799478515625 0.758793517578125 0.717244791015625 0.759539814453125 0.7063328125 0.76625462890625 0.7021359375 0.7819231484375 0.7021359375 0.793861111328125 0.70549375 0.80579907421875 0.709270833984375 0.81027592578125
2 0.488002083984375 0.0701981484375 0.495728125 0.060278703125 0.501307291015625 0.04272962890625 0.499161458984375 0.012971296875 0.489719271484375 0.0030518515625 0.4777015625 0.013734259765625 0.473838541015625 0.025942591796875 0.469976041015625 0.038913888671875 0.4691171875 0.0465444453125 0.469976041015625 0.054175 0.475984896484375 0.064857408203125 0.4789890625 0.0701981484375 0.488002083984375 0.0701981484375
7 0.460684375 0.2716268515625 0.4532765625 0.26462962890625 0.444942708984375 0.25475277734375 0.435451041015625 0.243228703125 0.4273484375 0.232116666015625 0.420171875 0.21977037109375 0.414153125 0.208658333984375 0.408365625 0.1967231484375 0.4009578125 0.183553703125 0.3940125 0.167914814453125 0.389151041015625 0.15762592578125 0.384289583984375 0.147337037109375 0.378965103515625 0.138282408203125 0.37665 0.134166666015625 0.3720203125 0.127993517578125 0.3692421875 0.124289814453125 0.3664640625 0.120586111328125 0.3634546875 0.11852777734375 0.363031771484375 0.122531482421875 0.368224478515625 0.128406482421875 0.3734171875 0.134281482421875 0.379082291015625 0.14267407421875 0.383803125 0.15274537109375 0.388523958984375 0.1636555546875 0.393716666015625 0.172887037109375 0.39933125 0.187546296875 0.402907291015625 0.194963888671875 0.407079166015625 0.203440740234375 0.411847396484375 0.21244722265625 0.416913541015625 0.2209231484375 0.422575521484375 0.230989814453125 0.42734375 0.241585185546875 0.434794271484375 0.252181482421875 0.440754166015625 0.2595981484375 0.446714583984375 0.266485185546875 0.452972396484375 0.2733731484375 0.458038541015625 0.2797305546875 0.463403125 0.288737037109375 0.471746875 0.299332408203125 0.4786015625 0.3046305546875 0.48724375 0.30410092578125 0.488733853515625 0.290856482421875 0.485157291015625 0.283968517578125 0.483603125 0.28315 0.478741666015625 0.2778 0.473185416015625 0.272037962890625 0.466703646484375 0.270391666015625 0.460684375 0.2716268515625
8 0.45374375 0.183082408203125 0.453935416015625 0.178309259765625 0.452401041015625 0.175582408203125 0.449141146484375 0.175241666015625 0.445880728515625 0.1759231484375 0.444730208984375 0.1796731484375 0.444538541015625 0.18342407421875 0.444730208984375 0.1878555546875 0.448182291015625 0.1899018515625 0.452401041015625 0.188537962890625 0.45374375 0.183082408203125
3 0.094561978515625 0.113142591796875 0.094691146484375 0.108790740234375 0.093660416015625 0.105813888671875 0.091921353515625 0.10317962890625 0.090181771484375 0.102034259765625 0.088120833984375 0.102607408203125 0.086445833984375 0.104782408203125 0.08638125 0.106042591796875 0.086252603515625 0.109134259765625 0.086252603515625 0.11302777734375 0.087541146484375 0.116807408203125 0.089666666015625 0.118181482421875 0.092822916015625 0.11612037109375 0.094561978515625 0.113142591796875
7 0.283341666015625 0.5076694453125 0.281779166015625 0.50072407421875 0.295059896484375 0.4784981484375 0.308341146484375 0.445160185546875 0.317716146484375 0.4090444453125 0.330997396484375 0.34792407421875 0.338028646484375 0.310418517578125 0.340372396484375 0.30069537109375 0.340372396484375 0.29652777734375 0.333341146484375 0.31319722265625 0.327091146484375 0.342367591796875 0.316153646484375 0.40209907421875 0.302872396484375 0.447938888671875 0.280997916015625 0.496556482421875 0.266288021484375 0.5097805546875 0.259122916015625 0.52572777734375 0.260685416015625 0.543786111328125 0.271622916015625 0.541007408203125 0.276310416015625 0.5285055546875 0.278654166015625 0.52294907421875 0.283341666015625 0.5076694453125
7 0.306469791015625 0.4370555546875 0.3188953125 0.4461981484375 0.327679166015625 0.4526731484375 0.33410625 0.460291666015625 0.337747916015625 0.46372037109375 0.3379625 0.461815740234375 0.334534375 0.4561018515625 0.318466666015625 0.442007408203125 0.304327083984375 0.431341666015625 0.293186978515625 0.417628703125 0.283546353515625 0.41077222265625 0.271334896484375 0.395915740234375 0.259552083984375 0.37725092578125 0.24926875 0.35972777734375 0.242198958984375 0.34487222265625 0.237485416015625 0.333825 0.2398421875 0.32735 0.236842708984375 0.31135092578125 0.232986458984375 0.300303703125 0.229558853515625 0.294590740234375 0.223774478515625 0.28849537109375 0.2205609375 0.29192407421875 0.217990103515625 0.300303703125 0.218204166015625 0.31135092578125 0.221417708984375 0.32125462890625 0.225916666015625 0.330015740234375 0.232630208984375 0.336258333984375 0.2362 0.336491666015625 0.246483333984375 0.3612518515625 0.269835416015625 0.400487037109375 0.292330208984375 0.424865740234375 0.306469791015625 0.4370555546875
7 0.292972916015625 0.49267037109375 0.2919015625 0.482766666015625 0.289759375 0.47857592578125 0.287402603515625 0.47362407421875 0.283117708984375 0.448863888671875 0.2764765625 0.416486111328125 0.2706921875 0.395915740234375 0.260408853515625 0.370775 0.252696353515625 0.353633333984375 0.246055208984375 0.341443517578125 0.248626041015625 0.35439537109375 0.257409375 0.368489814453125 0.267264583984375 0.399725 0.273477083984375 0.4191518515625 0.278833333984375 0.4370555546875 0.282903646484375 0.466767591796875 0.284617708984375 0.4804805546875 0.284617708984375 0.493812962890625 0.285045833984375 0.499908333984375 0.283760416015625 0.505240740234375 0.283975 0.50905 0.283975 0.511335185546875 0.284403125 0.5151444453125 0.28511875 0.519392591796875 0.287188541015625 0.527334259765625 0.289759375 0.527334259765625 0.292330208984375 0.526953703125 0.29404375 0.518953703125 0.294686458984375 0.511716666015625 0.292972916015625 0.49267037109375
7 0.242198958984375 0.32582592578125 0.242198958984375 0.328111111328125 0.244555208984375 0.336491666015625 0.247983333984375 0.34372962890625 0.2533390625 0.348681482421875 0.256552603515625 0.354013888671875 0.261480208984375 0.357062037109375 0.26469375 0.3563 0.269620833984375 0.358966666015625 0.279904166015625 0.365441666015625 0.287616666015625 0.3711555546875 0.295329166015625 0.37877407421875 0.3034703125 0.38334537109375 0.309897396484375 0.388678703125 0.318252603515625 0.395915740234375 0.327679166015625 0.403153703125 0.334534375 0.41115277734375 0.342675521484375 0.4191518515625 0.3518875 0.431341666015625 0.364527603515625 0.44467407421875 0.372454166015625 0.450007408203125 0.378453125 0.456863888671875 0.381666666015625 0.457625 0.381666666015625 0.456482408203125 0.3786671875 0.45305462890625 0.376310416015625 0.450007408203125 0.37116875 0.4461981484375 0.366241666015625 0.442388888671875 0.362170833984375 0.436675 0.356601041015625 0.43057962890625 0.34953125 0.422961111328125 0.345032291015625 0.418771296875 0.339033333984375 0.41115277734375 0.333248958984375 0.4046768515625 0.327036458984375 0.397439814453125 0.320180728515625 0.3913444453125 0.3111828125 0.384487962890625 0.301970833984375 0.3757268515625 0.289330728515625 0.365061111328125 0.2803328125 0.357442591796875 0.270263541015625 0.35020462890625 0.265764583984375 0.348681482421875 0.263836458984375 0.346014814453125 0.261480208984375 0.342587037109375 0.259588541015625 0.342288888671875 0.256552603515625 0.333825 0.251839583984375 0.325063888671875 0.246697916015625 0.31935 0.244983853515625 0.3189694453125 0.242841666015625 0.32087407421875 0.242198958984375 0.32582592578125
7 0.343746875 0.426389814453125 0.334963021484375 0.427912962890625 0.321466146484375 0.428675 0.311396875 0.427532408203125 0.30325625 0.423342591796875 0.291258853515625 0.419533333984375 0.279476041015625 0.415342591796875 0.2687640625 0.40772407421875 0.256338541015625 0.405058333984375 0.249696875 0.400487037109375 0.229558853515625 0.39667777734375 0.226559375 0.398962962890625 0.2224890625 0.398962962890625 0.219275521484375 0.403153703125 0.220132291015625 0.406581482421875 0.224203125 0.405438888671875 0.230630208984375 0.403153703125 0.234700521484375 0.402010185546875 0.242627083984375 0.402010185546875 0.249054166015625 0.405058333984375 0.25548125 0.407343517578125 0.2687640625 0.41115277734375 0.277119271484375 0.416866666015625 0.2841890625 0.42029537109375 0.29404375 0.426389814453125 0.306469791015625 0.429817591796875 0.3169671875 0.432484259765625 0.324036978515625 0.432865740234375 0.33410625 0.432865740234375 0.344175 0.431341666015625 0.347603125 0.431341666015625 0.350602083984375 0.43057962890625 0.3516734375 0.434388888671875 0.355315625 0.436293517578125 0.359171875 0.440484259765625 0.363670833984375 0.442007408203125 0.369669271484375 0.443531482421875 0.374168228515625 0.44010277734375 0.375239583984375 0.436293517578125 0.375239583984375 0.434008333984375 0.375453646484375 0.429056482421875 0.375453646484375 0.4271518515625 0.3728828125 0.42410462890625 0.371383333984375 0.421818517578125 0.369455208984375 0.42029537109375 0.3654578125 0.417510185546875 0.3596 0.41572407421875 0.353815625 0.417628703125 0.3518875 0.417628703125 0.351030728515625 0.421818517578125 0.348888541015625 0.42562777734375 0.343746875 0.426389814453125
7 0.749467708984375 0.079025 0.734816146484375 0.0866231484375 0.718333333984375 0.08987962890625 0.707955728515625 0.095306482421875 0.7006296875 0.095306482421875 0.69269375 0.094221296875 0.685368228515625 0.0866231484375 0.6780421875 0.079025 0.674379166015625 0.076853703125 0.674379166015625 0.080110185546875 0.685368228515625 0.094221296875 0.690861978515625 0.1018194453125 0.7128390625 0.0996481484375 0.730543228515625 0.094221296875 0.749467708984375 0.085537962890625 0.7665609375 0.0844518515625 0.778159896484375 0.082281482421875 0.789758853515625 0.088793517578125 0.794642708984375 0.0866231484375 0.797084896484375 0.090964814453125 0.798916146484375 0.100734259765625 0.8080734375 0.103989814453125 0.814788541015625 0.106161111328125 0.823945833984375 0.10507592578125 0.825166666015625 0.098562962890625 0.825166666015625 0.0844518515625 0.8165265625 0.0809 0.8062421875 0.077938888671875 0.800747396484375 0.076853703125 0.794032291015625 0.082281482421875 0.786096353515625 0.080110185546875 0.7665609375 0.075768517578125 0.749467708984375 0.079025
7 0.791672916015625 0.251290740234375 0.789372396484375 0.241062962890625 0.788413541015625 0.233562962890625 0.788413541015625 0.22572222265625 0.7889890625 0.21822222265625 0.7895640625 0.211403703125 0.790522916015625 0.202881482421875 0.791097916015625 0.196062962890625 0.79148125 0.190608333984375 0.79148125 0.181403703125 0.791097916015625 0.172539814453125 0.7901390625 0.16572222265625 0.7901390625 0.160267591796875 0.7895640625 0.1517444453125 0.7895640625 0.147653703125 0.7895640625 0.142539814453125 0.7895640625 0.138108333984375 0.7895640625 0.134016666015625 0.788605208984375 0.12719907421875 0.788605208984375 0.122766666015625 0.787646875 0.118335185546875 0.787646875 0.1166305546875 0.787646875 0.113221296875 0.787071353515625 0.106403703125 0.787071353515625 0.102312037109375 0.7863046875 0.09515277734375 0.7863046875 0.091062037109375 0.788030208984375 0.0879944453125 0.788030208984375 0.086971296875 0.788605208984375 0.081857408203125 0.788797396484375 0.075721296875 0.788797396484375 0.06890277734375 0.789180728515625 0.062085185546875 0.7889890625 0.055607408203125 0.788413541015625 0.049471296875 0.787071353515625 0.044016666015625 0.785345833984375 0.042993517578125 0.783811978515625 0.042993517578125 0.781319791015625 0.04265277734375 0.779210416015625 0.04265277734375 0.7771015625 0.044357408203125 0.776718228515625 0.0453805546875 0.7738421875 0.052538888671875 0.773075 0.06242592578125 0.7738421875 0.076062037109375 0.7776765625 0.088335185546875 0.782661458984375 0.09515277734375 0.783428646484375 0.105721296875 0.7841953125 0.1166305546875 0.784579166015625 0.1278805546875 0.785345833984375 0.138108333984375 0.7855375 0.144585185546875 0.785921353515625 0.156858333984375 0.787071353515625 0.1691305546875 0.787263541015625 0.173903703125 0.787455208984375 0.1841305546875 0.787646875 0.1929944453125 0.7868796875 0.202881482421875 0.786113021484375 0.210039814453125 0.784579166015625 0.216517591796875 0.784579166015625 0.225381482421875 0.7863046875 0.239358333984375 0.7895640625 0.25674537109375 0.792056771484375 0.27072222265625 0.7955078125 0.28299537109375 0.809120833984375 0.303109259765625 0.8041359375 0.294586111328125 0.799534375 0.286062962890625 0.797041666015625 0.278562962890625 0.7949328125 0.26799537109375 0.793015103515625 0.259131482421875 0.791672916015625 0.251290740234375
7 0.731874478515625 0.0654268515625 0.727583333984375 0.06660092578125 0.7216421875 0.066013888671875 0.712730728515625 0.067775 0.706294271484375 0.067481482421875 0.696061978515625 0.067481482421875 0.689295833984375 0.0668944453125 0.67939375 0.064840740234375 0.6711421875 0.061906482421875 0.658269791015625 0.06014537109375 0.643581771484375 0.058971296875 0.633184896484375 0.0598518515625 0.626088021484375 0.061906482421875 0.614701041015625 0.068362037109375 0.590465625 0.091543517578125 0.5917859375 0.095064814453125 0.5934359375 0.094184259765625 0.5995421875 0.089782408203125 0.60779375 0.081566666015625 0.619841146484375 0.073056482421875 0.631228646484375 0.068068517578125 0.637994791015625 0.067775 0.6404703125 0.067187962890625 0.647731771484375 0.066307408203125 0.653672916015625 0.0654268515625 0.661759896484375 0.066307408203125 0.672156771484375 0.0686555546875 0.677767708984375 0.071296296875 0.684204166015625 0.0724694453125 0.692455728515625 0.072762962890625 0.702688021484375 0.07452407421875 0.711434896484375 0.074817591796875 0.719521353515625 0.072762962890625 0.728103125 0.073056482421875 0.735694271484375 0.070709259765625 0.7389953125 0.069828703125 0.742130728515625 0.069828703125 0.746586458984375 0.07217592578125 0.7528578125 0.07217592578125 0.759954166015625 0.070709259765625 0.76375 0.069241666015625 0.765565625 0.062786111328125 0.7658953125 0.0577981484375 0.764410416015625 0.053983333984375 0.761109375 0.049581482421875 0.7587484375 0.048031482421875 0.751843228515625 0.047821296875 0.744911978515625 0.049875 0.7426015625 0.055743517578125 0.739465625 0.0577981484375 0.736660416015625 0.063960185546875 0.731874478515625 0.0654268515625
7 0.898151041015625 0.33067407421875 0.8963578125 0.339178703125 0.89845 0.34662037109375 0.9020375 0.356187962890625 0.906521875 0.3668194453125 0.911305208984375 0.37372962890625 0.917881771484375 0.3758555546875 0.9238609375 0.38967592578125 0.927747396484375 0.399775 0.930438021484375 0.4077481484375 0.93223125 0.421568517578125 0.934323958984375 0.433262037109375 0.93581875 0.4460194453125 0.938210416015625 0.461965740234375 0.939107291015625 0.474191666015625 0.939705208984375 0.488012037109375 0.939705208984375 0.505021296875 0.939705208984375 0.5129944453125 0.940602083984375 0.539039814453125 0.940901041015625 0.55179722265625 0.9447875 0.54290092578125 0.942096875 0.515260185546875 0.942096875 0.5040981484375 0.942395833984375 0.492935185546875 0.942395833984375 0.478583333984375 0.940901041015625 0.456258333984375 0.940004166015625 0.44987962890625 0.939107291015625 0.44297037109375 0.935220833984375 0.41905 0.932829166015625 0.4046981484375 0.928644271484375 0.395662037109375 0.921469271484375 0.378121296875 0.9166859375 0.366958333984375 0.9184796875 0.3630981484375 0.915490103515625 0.34927777734375 0.913098958984375 0.336521296875 0.9092125 0.330142591796875 0.905625 0.325889814453125 0.901140625 0.325889814453125 0.898151041015625 0.33067407421875
7 0.929839583984375 0.692960185546875 0.93223125 0.6940231484375 0.937313541015625 0.6903018515625 0.9412 0.68020277734375 0.9450859375 0.66957222265625 0.946580728515625 0.663725 0.9468796875 0.66000462890625 0.945385416015625 0.654688888671875 0.9486734375 0.648841666015625 0.960930728515625 0.60259722265625 0.967208333984375 0.53562222265625 0.969002083984375 0.50745 0.966610416015625 0.5031981484375 0.966610416015625 0.504792591796875 0.966610416015625 0.514360185546875 0.963919791015625 0.537216666015625 0.9612296875 0.574425 0.9576421875 0.60259722265625 0.9504671875 0.6307694453125 0.943694791015625 0.650806482421875 0.941498958984375 0.652562962890625 0.938509375 0.65787777734375 0.935220833984375 0.663193517578125 0.931932291015625 0.6716981484375 0.9274484375 0.682861111328125 0.929839583984375 0.692960185546875
8 0.976177083984375 0.733888888671875 0.979166146484375 0.7307 0.97956875 0.723883333984375 0.978568228515625 0.719537037109375 0.976476041015625 0.719537037109375 0.973785416015625 0.721132408203125 0.971094791015625 0.727510185546875 0.973486458984375 0.73282592578125 0.976177083984375 0.733888888671875
1 0.580666666015625 0.659118517578125 0.564822396484375 0.66549722265625 0.554358853515625 0.66549722265625 0.545988541015625 0.666560185546875 0.537019791015625 0.672407408203125 0.5289484375 0.67772222265625 0.522969271484375 0.678253703125 0.522371353515625 0.675064814453125 0.5208765625 0.668686111328125 0.517289583984375 0.668686111328125 0.515495833984375 0.669217591796875 0.514001041015625 0.674533333984375 0.515794791015625 0.681975 0.518783853515625 0.680912037109375 0.522072396484375 0.681443517578125 0.531938021484375 0.681443517578125 0.543596875 0.67187592578125 0.558544271484375 0.669217591796875 0.567811458984375 0.6676231484375 0.577976041015625 0.66337037109375 0.598304166015625 0.655928703125 0.618034896484375 0.64742407421875 0.634776041015625 0.64742407421875 0.6488265625 0.6516768515625 0.649975 0.645491666015625 0.645538021484375 0.646892591796875 0.638064583984375 0.643703703125 0.627003646484375 0.64317222265625 0.6177359375 0.644235185546875 0.600695833984375 0.650613888671875 0.580666666015625 0.659118517578125
8 0.556003125 0.428908333984375 0.559291146484375 0.427313888671875 0.5598890625 0.420935185546875 0.557796875 0.4161518515625 0.554209375 0.414557408203125 0.552116666015625 0.417746296875 0.551817708984375 0.418809259765625 0.55151875 0.423593517578125 0.553611458984375 0.428908333984375 0.556003125 0.428908333984375
7 0.472115625 0.3162018515625 0.466607291015625 0.325106482421875 0.462350521484375 0.325106482421875 0.4590953125 0.324215740234375 0.456341146484375 0.324215740234375 0.454588541015625 0.327332408203125 0.4528359375 0.330003703125 0.452585416015625 0.336236111328125 0.44983125 0.3397981484375 0.444572916015625 0.34202407421875 0.43405625 0.341578703125 0.425292708984375 0.343359259765625 0.416028646484375 0.343359259765625 0.401005208984375 0.342913888671875 0.387984896484375 0.340242591796875 0.377218228515625 0.33757222265625 0.366451041015625 0.33757222265625 0.357186978515625 0.33757222265625 0.3526796875 0.338016666015625 0.352429166015625 0.341133333984375 0.354182291015625 0.341133333984375 0.356435416015625 0.3424694453125 0.3626953125 0.34380462890625 0.36970625 0.345585185546875 0.376216146484375 0.345585185546875 0.392241146484375 0.3487018515625 0.404009896484375 0.3513731484375 0.411020833984375 0.350482408203125 0.41778125 0.350482408203125 0.424040625 0.349592591796875 0.4388140625 0.349592591796875 0.4470765625 0.346921296875 0.452334896484375 0.345585185546875 0.453836978515625 0.34202407421875 0.455590103515625 0.3397981484375 0.458344271484375 0.33935277734375 0.460847916015625 0.338016666015625 0.461348958984375 0.336236111328125 0.462350521484375 0.33490092578125 0.464353646484375 0.331784259765625 0.466356771484375 0.32822222265625 0.472115625 0.325106482421875 0.475370833984375 0.319318517578125 0.478626041015625 0.31219537109375 0.481380208984375 0.308187962890625 0.486388021484375 0.3072981484375 0.4911453125 0.304181482421875 0.495902603515625 0.297503703125 0.498907291015625 0.29305092578125 0.501411458984375 0.288153703125 0.501411458984375 0.280585185546875 0.499408333984375 0.2774694453125 0.497905728515625 0.27702407421875 0.4911453125 0.276133333984375 0.483633853515625 0.2810305546875 0.477373958984375 0.29037962890625 0.474619791015625 0.29972962890625 0.474869791015625 0.305516666015625 0.472115625 0.3162018515625
7 0.348422916015625 0.4813731484375 0.351678125 0.484935185546875 0.355684375 0.484935185546875 0.3626953125 0.478256482421875 0.363947396484375 0.475140740234375 0.367953646484375 0.465346296875 0.369205728515625 0.457332408203125 0.369205728515625 0.450209259765625 0.373963021484375 0.440414814453125 0.378970833984375 0.434181482421875 0.383728125 0.424832408203125 0.390488541015625 0.417709259765625 0.398250521484375 0.407913888671875 0.407515103515625 0.39990092578125 0.419283333984375 0.384763888671875 0.426294271484375 0.378085185546875 0.4370609375 0.366064814453125 0.441317708984375 0.358941666015625 0.444572916015625 0.3540444453125 0.4490796875 0.347366666015625 0.452334896484375 0.34380462890625 0.458344271484375 0.3397981484375 0.461849478515625 0.33490092578125 0.462601041015625 0.326887037109375 0.460847916015625 0.324215740234375 0.458594791015625 0.324215740234375 0.457342708984375 0.324661111328125 0.455590103515625 0.325996296875 0.4540875 0.326887037109375 0.451834375 0.330893517578125 0.451583853515625 0.3331194453125 0.447828125 0.340687962890625 0.446075 0.342913888671875 0.4388140625 0.3540444453125 0.4330546875 0.363393517578125 0.4298 0.366064814453125 0.423540103515625 0.37185277734375 0.417030208984375 0.377640740234375 0.413775 0.38164722265625 0.408266146484375 0.38787962890625 0.402006771484375 0.395003703125 0.391490103515625 0.406578703125 0.384229166015625 0.41414722265625 0.379221353515625 0.421715740234375 0.373963021484375 0.429284259765625 0.368955208984375 0.438187962890625 0.366451041015625 0.443086111328125 0.362945833984375 0.4488731484375 0.358188541015625 0.4488731484375 0.3546828125 0.4515444453125 0.3526796875 0.456887037109375 0.348923958984375 0.460003703125 0.345919271484375 0.465346296875 0.34541875 0.470687962890625 0.346419791015625 0.4760305546875 0.348422916015625 0.4813731484375
1 0.460597916015625 0.3251055546875 0.457342708984375 0.3251055546875 0.4550890625 0.328667591796875 0.452585416015625 0.331338888671875 0.452796353515625 0.336990740234375 0.454588541015625 0.33935277734375 0.4590953125 0.33935277734375 0.4621 0.3331194453125 0.460847916015625 0.328667591796875 0.460597916015625 0.3251055546875
7 0.476275521484375 0.571534259765625 0.469527603515625 0.573428703125 0.462069271484375 0.576586111328125 0.4546109375 0.58795277734375 0.452125 0.593636111328125 0.445731771484375 0.59489907421875 0.442535416015625 0.59489907421875 0.434366666015625 0.597425 0.426553646484375 0.598056482421875 0.423356771484375 0.598687962890625 0.417674478515625 0.5993194453125 0.414122916015625 0.601213888671875 0.40524375 0.601213888671875 0.398140625 0.601213888671875 0.389261978515625 0.60184537109375 0.37683125 0.603739814453125 0.369728125 0.611317591796875 0.364045833984375 0.61637037109375 0.359428646484375 0.620159259765625 0.3530359375 0.627737037109375 0.347708333984375 0.63847222265625 0.346642708984375 0.642892591796875 0.345222396484375 0.64857592578125 0.345222396484375 0.65362777734375 0.347708333984375 0.652364814453125 0.34841875 0.6479444453125 0.349129166015625 0.6409981484375 0.354101041015625 0.632788888671875 0.3601390625 0.627737037109375 0.365821353515625 0.625842591796875 0.3686625 0.623316666015625 0.37683125 0.62142222265625 0.386065625 0.61637037109375 0.390682291015625 0.613843517578125 0.397785416015625 0.613843517578125 0.406664583984375 0.61194907421875 0.422646875 0.6094231484375 0.434366666015625 0.60689722265625 0.4464421875 0.60500277734375 0.4560921875 0.60585277734375 0.4688171875 0.604371296875 0.47840625 0.600582408203125 0.4840890625 0.59489907421875 0.4840890625 0.586058333984375 0.4819578125 0.57595462890625 0.476275521484375 0.571534259765625
7 0.741046875 0.88072407421875 0.731102083984375 0.88072407421875 0.721513021484375 0.882618517578125 0.714409896484375 0.882618517578125 0.705530728515625 0.881987037109375 0.695941666015625 0.880092591796875 0.688128125 0.877565740234375 0.679249478515625 0.874408333984375 0.671791146484375 0.869987962890625 0.666463541015625 0.865567591796875 0.661491146484375 0.858621296875 0.659360416015625 0.8497805546875 0.657584375 0.852937962890625 0.659005208984375 0.859884259765625 0.663977603515625 0.86619907421875 0.667529166015625 0.87125092578125 0.670015103515625 0.874408333984375 0.677828646484375 0.88072407421875 0.6870625 0.8851444453125 0.695941666015625 0.888933333984375 0.705176041015625 0.889564814453125 0.716895833984375 0.890196296875 0.7271953125 0.890196296875 0.739626041015625 0.889564814453125 0.749215103515625 0.8851444453125 0.755253125 0.881987037109375 0.762711458984375 0.887038888671875 0.763421875 0.88767037109375 0.771590103515625 0.8883018515625 0.7765625 0.883881482421875 0.780469271484375 0.880092591796875 0.7882828125 0.875671296875 0.788993228515625 0.867462037109375 0.785441666015625 0.858621296875 0.780469271484375 0.858621296875 0.775496875 0.858621296875 0.772777603515625 0.861042591796875 0.766618228515625 0.862410185546875 0.760225 0.864936111328125 0.7577390625 0.8706194453125 0.7541875 0.876934259765625 0.747084375 0.876934259765625 0.741046875 0.88072407421875
7 0.739533333984375 0.821537962890625 0.732303125 0.81700092578125 0.728475521484375 0.814731482421875 0.722946353515625 0.8101944453125 0.71869375 0.80414537109375 0.702106771484375 0.796583333984375 0.697428646484375 0.7897768515625 0.692750521484375 0.78675277734375 0.687221353515625 0.781459259765625 0.679991666015625 0.776165740234375 0.672761458984375 0.77389722265625 0.6629796875 0.778434259765625 0.657450521484375 0.781459259765625 0.657025521484375 0.782214814453125 0.657025521484375 0.78675277734375 0.668508333984375 0.785239814453125 0.674036978515625 0.785239814453125 0.680416666015625 0.78675277734375 0.688922916015625 0.7928018515625 0.698279166015625 0.803388888671875 0.705083853515625 0.805657408203125 0.715291146484375 0.8132194453125 0.7212453125 0.818512962890625 0.735280208984375 0.831368517578125 0.739958333984375 0.8359055546875 0.747188541015625 0.8419555546875 0.7565453125 0.8502731484375 0.766752083984375 0.854811111328125 0.77228125 0.85707962890625 0.775683333984375 0.860860185546875 0.776959375 0.866153703125 0.7812125 0.86842222265625 0.784614583984375 0.869935185546875 0.788867708984375 0.872203703125 0.793545833984375 0.872203703125 0.798649478515625 0.873715740234375 0.803328125 0.872959259765625 0.8058796875 0.86539722265625 0.804178646484375 0.8563231484375 0.798649478515625 0.849517591796875 0.791844791015625 0.846492591796875 0.786741146484375 0.843467591796875 0.779936458984375 0.84800462890625 0.767603125 0.842711111328125 0.759947396484375 0.8389305546875 0.7569703125 0.837417591796875 0.7480390625 0.8291 0.739533333984375 0.821537962890625
7 0.796219791015625 0.554153703125 0.7975703125 0.558957408203125 0.800947396484375 0.561359259765625 0.806351041015625 0.566162962890625 0.813105208984375 0.561359259765625 0.819859375 0.555353703125 0.823236458984375 0.55055092578125 0.825938021484375 0.5481481484375 0.833367708984375 0.54694722265625 0.846876041015625 0.54694722265625 0.855656771484375 0.545746296875 0.864436978515625 0.538540740234375 0.878620833984375 0.526531482421875 0.885375 0.5253305546875 0.890778646484375 0.522928703125 0.89483125 0.522928703125 0.9049625 0.52412962890625 0.911041146484375 0.530134259765625 0.925225 0.533737037109375 0.926576041015625 0.528933333984375 0.925900521484375 0.52412962890625 0.9231984375 0.522928703125 0.921172396484375 0.5205268515625 0.916444271484375 0.51692407421875 0.870515625 0.51932592578125 0.8576828125 0.530134259765625 0.843498958984375 0.538540740234375 0.8272890625 0.5433444453125 0.820654166015625 0.534787962890625 0.8124296875 0.533737037109375 0.8070265625 0.533737037109375 0.801622916015625 0.536138888671875 0.798921353515625 0.540942591796875 0.796219791015625 0.5481481484375 0.796219791015625 0.554153703125
7 0.497180208984375 0.69315 0.490893228515625 0.696643517578125 0.489714583984375 0.6945481484375 0.494822396484375 0.691403703125 0.495215625 0.69175277734375 0.499341146484375 0.688958333984375 0.4995375 0.683368517578125 0.496197916015625 0.681971296875 0.494233333984375 0.684416666015625 0.496197916015625 0.687211111328125 0.49226875 0.688608333984375 0.487553125 0.6921018515625 0.485981771484375 0.69559537109375 0.4869640625 0.702233333984375 0.490107291015625 0.7036305546875 0.496394271484375 0.699787962890625 0.503073958984375 0.69594537109375 0.506806771484375 0.69315 0.509950521484375 0.691053703125 0.514076041015625 0.691403703125 0.5199703125 0.688608333984375 0.525078646484375 0.683018517578125 0.5274359375 0.673936111328125 0.529204166015625 0.66345462890625 0.5258640625 0.6554194453125 0.518988021484375 0.654721296875 0.512985416015625 0.660953703125 0.5093609375 0.66869537109375 0.507789583984375 0.674983333984375 0.506610416015625 0.6788268515625 0.503270833984375 0.683717591796875 0.502484896484375 0.689307408203125 0.497180208984375 0.69315
1 0.496983853515625 0.69175277734375 0.498752083984375 0.683717591796875 0.496590625 0.685114814453125 0.493447396484375 0.688608333984375 0.486178125 0.6935 0.485784896484375 0.700487037109375 0.489714583984375 0.703281482421875 0.498358853515625 0.697691666015625 0.505431771484375 0.69384907421875 0.514665625 0.691053703125 0.508115103515625 0.6738018515625 0.505235416015625 0.681621296875 0.500913021484375 0.691053703125 0.494036458984375 0.6962944453125 0.490303646484375 0.6945481484375 0.496983853515625 0.69175277734375
1 0.361946353515625 0.450116666015625 0.356019271484375 0.450537962890625 0.368110416015625 0.459390740234375 0.374511458984375 0.441685185546875 0.385654166015625 0.422713888671875 0.401064583984375 0.40627222265625 0.418133853515625 0.3873018515625 0.4292765625 0.374233333984375 0.44089375 0.361586111328125 0.448954166015625 0.346409259765625 0.456777603515625 0.33797777734375 0.463179166015625 0.33249722265625 0.461519271484375 0.3236444453125 0.451325 0.330389814453125 0.446346353515625 0.340928703125 0.4399453125 0.352311111328125 0.429039583984375 0.364958333984375 0.421453125 0.373812037109375 0.388736458984375 0.40964537109375 0.3714296875 0.432831482421875 0.361946353515625 0.450116666015625
7 0.070947916015625 0.083285185546875 0.077268228515625 0.092709259765625 0.082365103515625 0.1053944453125 0.084403646484375 0.119167591796875 0.090519791015625 0.126778703125 0.095616666015625 0.140913888671875 0.105606771484375 0.170634259765625 0.119878125 0.221013888671875 0.1323140625 0.265231482421875 0.140672916015625 0.281903703125 0.142711978515625 0.285890740234375 0.144342708984375 0.28045462890625 0.140672916015625 0.267043517578125 0.137003125 0.254358333984375 0.128236458984375 0.22427592578125 0.120285416015625 0.194917591796875 0.1072375 0.14635 0.096432291015625 0.12025462890625 0.096228646484375 0.116267591796875 0.094597396484375 0.1068444453125 0.0901125 0.102132408203125 0.0837921875 0.089084259765625 0.079103125 0.073862037109375 0.077471875 0.06915 0.072375 0.0582768515625 0.066666666015625 0.05102777734375 0.061569791015625 0.043778703125 0.056677083984375 0.04015462890625 0.052191666015625 0.044141666015625 0.049541146484375 0.05320277734375 0.052803125 0.06552592578125 0.0607546875 0.07712407421875 0.070947916015625 0.083285185546875