2 0.124305728515625 0.076512962890625 0.128602083984375 0.08584907421875 0.136602083984375 0.084737962890625 0.142922396484375 0.077362037109375 0.1443546875 0.06462962890625 0.1348078125 0.05274722265625 0.125260416015625 0.058687962890625 0.124305728515625 0.076512962890625
7 0.271807291015625 0.249484259765625 0.272284375 0.2172305546875 0.2627375 0.2172305546875 0.25891875 0.3097481484375 0.232664583984375 0.36407037109375 0.201159375 0.389533333984375 0.184929166015625 0.39717222265625 0.170131771484375 0.408206482421875 0.168699478515625 0.430275 0.174427603515625 0.44470462890625 0.184452083984375 0.44470462890625 0.193521875 0.4345194453125 0.202770833984375 0.4215981484375 0.207365103515625 0.41329907421875 0.229322916015625 0.398021296875 0.2579640625 0.35982592578125 0.267033853515625 0.305503703125 0.271807291015625 0.249484259765625
7 0.063205208984375 0.636258333984375 0.053658333984375 0.637107408203125 0.046975 0.652385185546875 0.0402921875 0.674453703125 0.0383828125 0.688883333984375 0.025971875 0.721986111328125 0.013083333984375 0.76102962890625 0.009264583984375 0.786493517578125 0.008309896484375 0.81620092578125 0.014992708984375 0.839966666015625 0.028358333984375 0.842512962890625 0.037428125 0.8331768515625 0.0402921875 0.805166666015625 0.033132291015625 0.80262037109375 0.0307453125 0.81620092578125 0.024539583984375 0.827235185546875 0.017856771484375 0.81620092578125 0.016425 0.792435185546875 0.021020833984375 0.7760268515625 0.0326546875 0.738961111328125 0.051271353515625 0.6931268515625 0.058908853515625 0.682941666015625 0.067023958984375 0.665117591796875 0.067978646484375 0.647292591796875 0.063205208984375 0.636258333984375
7 0.302777603515625 0.705381482421875 0.307960416015625 0.690008333984375 0.311779166015625 0.667940740234375 0.312256771484375 0.648418517578125 0.3008 0.64672037109375 0.2941171875 0.654360185546875 0.291730728515625 0.673033333984375 0.289821353515625 0.69679907421875 0.2845703125 0.718018517578125 0.272636458984375 0.740087037109375 0.259270833984375 0.758760185546875 0.247336978515625 0.76385277734375 0.234926041015625 0.760458333984375 0.220128125 0.737540740234375 0.21058125 0.7324481484375 0.201988541015625 0.737540740234375 0.206208333984375 0.749060185546875 0.217741146484375 0.757912037109375 0.23349375 0.779131482421875 0.252110416015625 0.78422407421875 0.277409896484375 0.760458333984375 0.2941171875 0.73075 0.302777603515625 0.705381482421875
7 0.449047396484375 0.674553703125 0.474346875 0.6771 0.500123958984375 0.666914814453125 0.52065 0.648241666015625 0.5311515625 0.633812037109375 0.527809896484375 0.62277777734375 0.506329166015625 0.64569537109375 0.489621875 0.65672962890625 0.467186458984375 0.66182222265625 0.446660416015625 0.651637037109375 0.437113541015625 0.637207408203125 0.4270890625 0.632963888671875 0.4165875 0.616837037109375 0.414678125 0.599861111328125 0.405608333984375 0.579489814453125 0.394629166015625 0.57439722265625 0.385082291015625 0.5862805546875 0.383172916015625 0.60580277734375 0.389378646484375 0.616837037109375 0.39698125 0.62360462890625 0.407040625 0.6261731484375 0.418019791015625 0.64060277734375 0.422793228515625 0.655032408203125 0.432340103515625 0.662671296875 0.449047396484375 0.674553703125
2 0.54738125 0.667753703125 0.534493228515625 0.6669055546875 0.529719271484375 0.682183333984375 0.529719271484375 0.70255462890625 0.539266666015625 0.711041666015625 0.54738125 0.712739814453125 0.553109375 0.7093444453125 0.555973958984375 0.69152037109375 0.555496353515625 0.676241666015625 0.54738125 0.667753703125
2 0.393322396484375 0.957008333984375 0.3871171875 0.971437962890625 0.387528646484375 0.9921981484375 0.39761875 0.99907407421875 0.4043015625 0.990960185546875 0.407165625 0.974833333984375 0.404779166015625 0.955311111328125 0.393322396484375 0.957008333984375
2 0.503113021484375 0.861096296875 0.510750521484375 0.866188888671875 0.518865625 0.85855 0.522207291015625 0.848363888671875 0.5236390625 0.834783333984375 0.5131375 0.831388888671875 0.503113021484375 0.84412037109375 0.503113021484375 0.861096296875
2 0.793652603515625 0.70152407421875 0.796516666015625 0.71680277734375 0.807315103515625 0.7195018515625 0.813701041015625 0.711710185546875 0.815610416015625 0.691338888671875 0.8074953125 0.68285092578125 0.795084375 0.68285092578125 0.793652603515625 0.70152407421875
2 0.925878125 0.58287592578125 0.927310416015625 0.59985092578125 0.937075 0.600340740234375 0.941153646484375 0.5871194453125 0.943540103515625 0.576085185546875 0.940676041015625 0.558261111328125 0.929697396484375 0.5616555546875 0.925878125 0.58287592578125
2 0.7864921875 0.471684259765625 0.7855375 0.484416666015625 0.7909875 0.4918731484375 0.801290103515625 0.49375277734375 0.806063541015625 0.484416666015625 0.803199478515625 0.471684259765625 0.7960390625 0.4648944453125 0.7864921875 0.471684259765625
7 0.693408853515625 0.435187037109375 0.681475 0.4275481484375 0.6728828125 0.438582408203125 0.6709734375 0.456406482421875 0.6671546875 0.478475 0.670495833984375 0.500543517578125 0.677984896484375 0.507913888671875 0.683861978515625 0.507333333984375 0.688635416015625 0.4920555546875 0.691021875 0.475928703125 0.69293125 0.455557408203125 0.693408853515625 0.435187037109375
7 0.583448958984375 0.368337037109375 0.603009896484375 0.3449194453125 0.629349478515625 0.331833333984375 0.627219271484375 0.324257408203125 0.6165671875 0.32494537109375 0.6002984375 0.3339 0.585579166015625 0.3473305546875 0.562919271484375 0.386588888671875 0.551880208984375 0.426191666015625 0.539484896484375 0.47957037109375 0.534643228515625 0.486457408203125 0.530382291015625 0.500232408203125 0.5284453125 0.515385185546875 0.5290265625 0.527437962890625 0.5329 0.53122592578125 0.5371609375 0.529160185546875 0.541615103515625 0.52502777734375 0.544413021484375 0.5184694453125 0.545488541015625 0.501610185546875 0.545876041015625 0.49024537109375 0.5443265625 0.482325 0.554978646484375 0.437556482421875 0.5691171875 0.39347592578125 0.583448958984375 0.368337037109375
7 0.5691171875 0.395887037109375 0.562532291015625 0.409317591796875 0.556721875 0.42102592578125 0.549555728515625 0.422059259765625 0.539097396484375 0.431012962890625 0.531931771484375 0.44685462890625 0.531350521484375 0.45615277734375 0.5216671875 0.476814814453125 0.519342708984375 0.4961 0.526508853515625 0.516417591796875 0.546651041015625 0.54017962890625 0.5482 0.5329481484375 0.539484896484375 0.52055092578125 0.530382291015625 0.508841666015625 0.525927603515625 0.496788888671875 0.525927603515625 0.482325 0.534449478515625 0.466483333984375 0.538710416015625 0.47027222265625 0.5482 0.46579537109375 0.556721875 0.446165740234375 0.559239583984375 0.43927777734375 0.560451041015625 0.43200277734375 0.570666146484375 0.422059259765625 0.578800521484375 0.411039814453125 0.581124478515625 0.402086111328125 0.579575521484375 0.3951981484375 0.574152603515625 0.39175462890625 0.5691171875 0.395887037109375
7 0.874133333984375 0.605109259765625 0.8687234375 0.606484259765625 0.869496353515625 0.6216 0.868916666015625 0.64839722265625 0.859642708984375 0.693059259765625 0.853266666015625 0.732567591796875 0.8391625 0.750432408203125 0.823898958984375 0.770014814453125 0.824671353515625 0.7841 0.82795625 0.791658333984375 0.833945833984375 0.794062962890625 0.837893228515625 0.789925 0.846504166015625 0.7775731484375 0.85036875 0.763487037109375 0.859449478515625 0.74390462890625 0.8642796875 0.711267591796875 0.876452083984375 0.6525194453125 0.874133333984375 0.605109259765625
7 0.884373958984375 0.881178703125 0.871621875 0.91175462890625 0.858483333984375 0.93339907421875 0.8598359375 0.93889537109375 0.874519791015625 0.923092591796875 0.886305728515625 0.889767591796875 0.897125521484375 0.844418517578125 0.901955728515625 0.801131482421875 0.901569271484375 0.769868517578125 0.905240625 0.7575 0.9035015625 0.742384259765625 0.900603646484375 0.725206482421875 0.895386978515625 0.717991666015625 0.887078646484375 0.72177037109375 0.883601041015625 0.73379537109375 0.885339583984375 0.74685 0.889196875 0.761171296875 0.891522396484375 0.766088888671875 0.894807291015625 0.7705555546875 0.895386978515625 0.80387962890625 0.892488541015625 0.843387962890625 0.884373958984375 0.881178703125
7 0.881282291015625 0.904160185546875 0.877997916015625 0.908283333984375 0.874713021484375 0.91790277734375 0.875099478515625 0.92752222265625 0.872588021484375 0.94092037109375 0.861768228515625 0.97802407421875 0.854039583984375 0.99907407421875 0.859449478515625 0.99907407421875 0.872008333984375 0.965312962890625 0.8799296875 0.93404907421875 0.882828125 0.928209259765625 0.884760416015625 0.921681482421875 0.8839875 0.914810185546875 0.888044791015625 0.90209907421875 0.892102083984375 0.885264814453125 0.896159375 0.87942407421875 0.9002171875 0.868087037109375 0.904274478515625 0.849878703125 0.902728646484375 0.838885185546875 0.900410416015625 0.830639814453125 0.892681771484375 0.829609259765625 0.887078646484375 0.8364805546875 0.884953125 0.848161111328125 0.882066666015625 0.862890740234375 0.882634896484375 0.867743517578125 0.883214583984375 0.874271296875 0.886498958984375 0.88182962890625 0.884953125 0.890762037109375 0.881282291015625 0.904160185546875
7 0.7098125 0.79429722265625 0.740726041015625 0.7888 0.773958333984375 0.78055462890625 0.787483333984375 0.7771194453125 0.789994791015625 0.769561111328125 0.7838125 0.769217591796875 0.731452083984375 0.782615740234375 0.693969271484375 0.7877694453125 0.667692708984375 0.782959259765625 0.664794271484375 0.77677592578125 0.658997916015625 0.771278703125 0.652815103515625 0.76372037109375 0.6419953125 0.764408333984375 0.636778646484375 0.7702481484375 0.635039583984375 0.783990740234375 0.636005728515625 0.7929231484375 0.6419953125 0.79704537109375 0.6493375 0.7984194453125 0.65598125 0.797963888671875 0.6588046875 0.7967018515625 0.662861978515625 0.7915481484375 0.66943125 0.793953703125 0.687013541015625 0.79807592578125 0.7098125 0.79429722265625
7 0.744977083984375 0.742113888671875 0.742078646484375 0.733868517578125 0.736475521484375 0.733525 0.7293265625 0.7026055546875 0.713869791015625 0.656912962890625 0.708459896484375 0.663096296875 0.712903646484375 0.6789 0.725655728515625 0.71462962890625 0.7316453125 0.735586111328125 0.7283609375 0.73867777734375 0.725269271484375 0.752763888671875 0.724496353515625 0.7733768515625 0.7260421875 0.78437037109375 0.719859375 0.799487037109375 0.7159953125 0.812885185546875 0.717347916015625 0.8228481484375 0.7215984375 0.826971296875 0.726815103515625 0.82422222265625 0.728850521484375 0.817132408203125 0.730679166015625 0.806013888671875 0.732611458984375 0.792615740234375 0.734543228515625 0.785057408203125 0.739180728515625 0.778187037109375 0.744783853515625 0.75722962890625 0.744977083984375 0.742113888671875
7 0.721913541015625 0.7872981484375 0.717083333984375 0.779739814453125 0.71109375 0.778365740234375 0.704524478515625 0.788328703125 0.697761978515625 0.80825462890625 0.6948640625 0.82027962890625 0.692352083984375 0.834708333984375 0.685396353515625 0.847762962890625 0.665882291015625 0.875934259765625 0.645208853515625 0.891737962890625 0.6297515625 0.898265740234375 0.6141015625 0.903418517578125 0.602315625 0.907541666015625 0.585892708984375 0.9267805546875 0.591302603515625 0.931246296875 0.599997396484375 0.921283333984375 0.619897916015625 0.9109768515625 0.644049478515625 0.903418517578125 0.666461978515625 0.887615740234375 0.676702083984375 0.874903703125 0.687407291015625 0.862281482421875 0.693897916015625 0.84845092578125 0.7020125 0.8378 0.705877083984375 0.828867591796875 0.717663021484375 0.8154694453125 0.723265625 0.800009259765625 0.721913541015625 0.7872981484375
7 0.590794271484375 0.9258768515625 0.599102603515625 0.918662962890625 0.6062515625 0.913509259765625 0.607024478515625 0.90595092578125 0.619969271484375 0.898737037109375 0.627891146484375 0.89530092578125 0.634073958984375 0.892209259765625 0.6363921875 0.885337962890625 0.6487578125 0.86609907421875 0.664601041015625 0.82452962890625 0.677739583984375 0.77677592578125 0.685854166015625 0.7527268515625 0.690877603515625 0.744137962890625 0.691457291015625 0.737267591796875 0.6879796875 0.733487962890625 0.67619375 0.76097222265625 0.668078646484375 0.796014814453125 0.658225 0.82727777734375 0.634653646484375 0.871939814453125 0.628277603515625 0.872283333984375 0.623833333984375 0.88465092578125 0.6180375 0.886712037109375 0.607410416015625 0.89152222265625 0.599875521484375 0.886712037109375 0.590215103515625 0.891178703125 0.580554166015625 0.897706482421875 0.578042708984375 0.903889814453125 0.577849478515625 0.9152268515625 0.580167708984375 0.924846296875 0.584611978515625 0.929312962890625 0.590794271484375 0.9258768515625
7 0.692616666015625 0.7888 0.704402603515625 0.760285185546875 0.721984896484375 0.743107408203125 0.7389875 0.7382981484375 0.756569271484375 0.747917591796875 0.7585015625 0.742763888671875 0.753478125 0.7352055546875 0.7405328125 0.73005277734375 0.726621875 0.7314268515625 0.7125171875 0.73795462890625 0.695128646484375 0.7578805546875 0.680444271484375 0.80322962890625 0.672909375 0.8317444453125 0.671943228515625 0.8568231484375 0.6767734375 0.8743444453125 0.676000521484375 0.882589814453125 0.676580208984375 0.894957408203125 0.6800578125 0.9087 0.684694791015625 0.918662962890625 0.691070833984375 0.918662962890625 0.6957078125 0.914883333984375 0.698413021484375 0.90595092578125 0.6980265625 0.898737037109375 0.696155208984375 0.894117591796875 0.69184375 0.883963888671875 0.686240625 0.87297037109375 0.681990103515625 0.86884722265625 0.679478125 0.852013888671875 0.681023958984375 0.82727777734375 0.692616666015625 0.7888
2 0.276201041015625 0.281887037109375 0.275433333984375 0.292808333984375 0.2775828125 0.3001805546875 0.2811265625 0.30222222265625 0.2848 0.29745 0.286642708984375 0.29062407421875 0.2863359375 0.281067591796875 0.281268228515625 0.27642592578125 0.276201041015625 0.281887037109375
4 0.576944791015625 0.396278703125 0.572585416015625 0.39547592578125 0.5685265625 0.399488888671875 0.5656703125 0.409387962890625 0.563716146484375 0.414738888671875 0.5584546875 0.42169537109375 0.554696353515625 0.4278481484375 0.549434896484375 0.4340018515625 0.542970833984375 0.442562962890625 0.53620625 0.45192777734375 0.529039583984375 0.462888888671875 0.5255828125 0.470738888671875 0.5222453125 0.47837592578125 0.520933853515625 0.48665 0.520338021484375 0.495984259765625 0.524654166015625 0.511253703125 0.529303125 0.51825462890625 0.536528646484375 0.526862962890625 0.539866666015625 0.5308944453125 0.543561978515625 0.53237962890625 0.542965625 0.5275 0.539389583984375 0.52049907421875 0.5350984375 0.514558333984375 0.529615103515625 0.5077694453125 0.526754166015625 0.5003444453125 0.525085416015625 0.492282408203125 0.525085416015625 0.486342591796875 0.528303646484375 0.476371296875 0.536528646484375 0.461096296875 0.541416146484375 0.4549444453125 0.552458853515625 0.4398944453125 0.558411978515625 0.433865740234375 0.5628140625 0.429453703125 0.566722396484375 0.425708333984375 0.5715328125 0.420089814453125 0.576644271484375 0.41340092578125 0.578898958984375 0.40457222265625 0.576944791015625 0.396278703125
1 0.681466146484375 0.437109259765625 0.678197396484375 0.44110462890625 0.676359375 0.446188888671875 0.676359375 0.4552694453125 0.679561458984375 0.45922777734375 0.684938541015625 0.458175 0.688615625 0.450184259765625 0.687185416015625 0.44292037109375 0.684121353515625 0.439287962890625 0.681466146484375 0.437109259765625
3 0.4359609375 0.6548305546875 0.4359609375 0.651884259765625 0.43518125 0.648937962890625 0.433329166015625 0.64720462890625 0.431574478515625 0.646857408203125 0.430111978515625 0.6470305546875 0.4289421875 0.64737777734375 0.4270578125 0.650817591796875 0.427480208984375 0.654657408203125 0.428357291015625 0.656910185546875 0.429527083984375 0.658990740234375 0.432061458984375 0.6603768515625 0.434888541015625 0.65829722265625 0.4359609375 0.6548305546875
3 0.627733333984375 0.88975462890625 0.630782291015625 0.888887037109375 0.633221353515625 0.88715277734375 0.6347265625 0.881118517578125 0.633343228515625 0.87782777734375 0.630904166015625 0.876309259765625 0.628586978515625 0.876743517578125 0.625903646484375 0.881513888671875 0.6255375 0.8873694453125 0.627733333984375 0.88975462890625
8 0.7006671875 0.837275 0.701155208984375 0.834238888671875 0.700994271484375 0.827453703125 0.698471875 0.825131482421875 0.694569271484375 0.82860092578125 0.69408125 0.834238888671875 0.6965203125 0.836841666015625 0.69835 0.837275 0.7006671875 0.837275
4 0.720283853515625 0.691362037109375 0.725771875 0.706542591796875 0.731260416015625 0.724541666015625 0.733090103515625 0.733215740234375 0.733821875 0.743841666015625 0.733821875 0.761189814453125 0.732480208984375 0.772466666015625 0.729823671875 0.78135173828125 0.731016666015625 0.78185092578125 0.729965857421875 0.7889681875 0.730406771484375 0.788139814453125 0.73443125 0.771441666015625 0.735651041015625 0.747153703125 0.73443125 0.73197407421875 0.731260416015625 0.71722777734375 0.7276015625 0.70595092578125 0.722601041015625 0.693807408203125 0.714207291015625 0.66609907421875 0.713209896484375 0.668068517578125 0.720283853515625 0.691362037109375
4 0.724796353515625 0.8213194453125 0.725894271484375 0.8185 0.7274796875 0.8119944453125 0.728455208984375 0.7992 0.729965857421875 0.7889681875 0.7275915390625 0.79342896875 0.72837812109375 0.7861865390625 0.7273578125 0.78959907421875 0.720649478515625 0.803043517578125 0.7191859375 0.809332408203125 0.7190640625 0.81540462890625 0.719795833984375 0.820392591796875 0.721625521484375 0.82364537109375 0.724796353515625 0.8213194453125
4 0.9070703125 0.846703703125 0.904726041015625 0.844759259765625 0.904101041015625 0.848093517578125 0.9066015625 0.85087222265625 0.9086328125 0.8542055546875 0.9091015625 0.85837407421875 0.9091015625 0.86309722265625 0.9087890625 0.870321296875 0.905194791015625 0.876988888671875 0.901444791015625 0.8831018515625 0.89175625 0.8953268515625 0.878317708984375 0.9092194453125 0.864253646484375 0.930891666015625 0.863473791015625 0.9315783359375 0.863490654296875 0.933163306640625 0.865034896484375 0.93144722265625 0.878630208984375 0.912553703125 0.901288541015625 0.886436111328125 0.905976041015625 0.878934259765625 0.9089453125 0.872821296875 0.9106640625 0.86837592578125 0.9108203125 0.864208333984375 0.9108203125 0.860040740234375 0.9095703125 0.852538888671875 0.9070703125 0.846703703125
4 0.849721353515625 0.954786111328125 0.851908853515625 0.949785185546875 0.855503125 0.945338888671875 0.863499478515625 0.933992591796875 0.863490654296875 0.933163306640625 0.857534375 0.939782408203125 0.85545644140625 0.941703578125 0.86314069921875 0.931871626953125 0.847845833984375 0.945338888671875 0.8406578125 0.949507408203125 0.8403453125 0.95339722265625 0.8403453125 0.957842591796875 0.8420640625 0.959509259765625 0.846595833984375 0.95867592578125 0.849721353515625 0.954786111328125
3 0.879880208984375 0.928112962890625 0.881598958984375 0.92672407421875 0.883161458984375 0.920611111328125 0.883474478515625 0.915610185546875 0.880348958984375 0.913387037109375 0.8767546875 0.915610185546875 0.8769109375 0.918943517578125 0.8769109375 0.923389814453125 0.878005208984375 0.92672407421875 0.879880208984375 0.928112962890625
8 0.048793228515625 0.688793517578125 0.048793228515625 0.68672222265625 0.047434896484375 0.6816055546875 0.0438 0.685835185546875 0.043966666015625 0.6905694453125 0.0459640625 0.69412037109375 0.0472953125 0.693232408203125 0.04829375 0.6902731484375 0.048793228515625 0.688793517578125
7 0.908138541015625 0.879731482421875 0.913741666015625 0.866332408203125 0.912582291015625 0.851216666015625 0.907752083984375 0.840566666015625 0.9002171875 0.839191666015625 0.900603646484375 0.846406482421875 0.90408125 0.850186111328125 0.907172396484375 0.858087037109375 0.90408125 0.874234259765625 0.890749478515625 0.8934731484375 0.883214583984375 0.8986268515625 0.875872396484375 0.9024055546875 0.867178125 0.91065092578125 0.860222396484375 0.9237055546875 0.858096875 0.931263888671875 0.8486296875 0.93882222265625 0.839935416015625 0.94260092578125 0.8362640625 0.95222037109375 0.839548958984375 0.961496296875 0.843799478515625 0.961839814453125 0.84780625 0.961343517578125 0.856938021484375 0.949128703125 0.8665984375 0.938478703125 0.884180728515625 0.9305768515625 0.890942708984375 0.918896296875 0.888624478515625 0.905153703125 0.908138541015625 0.879731482421875