2 0.222624279296875 0 0.220563455078125 0.007655939453125 0.222824837890625 0.017681296875 0.230881033203125 0.018257759765625 0.238596771484375 0.01235708203125 0.24264498046875 0.000200697265625 0.242543689453125 0 0.222624279296875 0
7 0.26676786328125 0.3114586015625 0.2306570703125 0.3298148359375 0.21319331640625 0.333912345703125 0.19642512890625 0.3416289296875 0.19043583203125 0.36291740625 0.1930386953125 0.378222658203125 0.2028441171875 0.380306865234375 0.213833330078125 0.372229966796875 0.225566666015625 0.361513998046875 0.231786013671875 0.35435148046875 0.256440423828125 0.343972845703125 0.29239695703125 0.31256696484375 0.31256277734375 0.261317529296875 0.328879 0.207514697265625 0.33605158203125 0.176065005859375 0.326713328125 0.17408009765625 0.303742537109375 0.263781998046875 0.26676786328125 0.3114586015625
7 0 0.62650837890625 0.0209238203125 0.595610634765625 0.03051204296875 0.5872359453125 0.042155646484375 0.571488595703125 0.046795498046875 0.55425160546875 0.0444205234375 0.54246601953125 0.034905736328125 0.5413116328125 0.025192021484375 0.554866009765625 0.01406694140625 0.575062841796875 0.009199203125 0.588780169921875 0 0.603191095703125 0 0.62650837890625
7 0.2746481171875 0.602098169921875 0.26652293359375 0.6081816015625 0.2603062578125 0.6259505234375 0.25349743359375 0.6487999453125 0.243949369140625 0.668463939453125 0.22768799609375 0.687569021484375 0.210732076171875 0.70305524609375 0.1980001953125 0.705555365234375 0.1865662109375 0.69965471875 0.1768565 0.67416126953125 0.168577056640625 0.667195056640625 0.15911330859375 0.670389837890625 0.16084586328125 0.682534900390625 0.170286251953125 0.693591125 0.1812828515625 0.717622025390625 0.198433890625 0.726473953125 0.22812169140625 0.708487609375 0.25064059765625 0.682902115234375 0.264386173828125 0.6598885625 0.27265198828125 0.645928921875 0.280975400390625 0.62513751953125 0.285501466796875 0.606141205078125 0.2746481171875 0.602098169921875
7 0.50264973828125 0.637364697265625 0.501675248046875 0.625876791015625 0.475899087890625 0.643827484375 0.457262740234375 0.6511469765625 0.43425878125 0.65146369921875 0.416298900390625 0.63723348046875 0.409960736328125 0.621134267578125 0.40103759375 0.614899271484375 0.3941184765625 0.59694143359375 0.3957803203125 0.579939490234375 0.39114415625 0.558127640625 0.38146371875 0.55086363671875 0.369654783203125 0.5605023828125 0.363728234375 0.579201015625 0.367504203125 0.59128439453125 0.373533609375 0.59948476953125 0.382839138671875 0.60408862109375 0.390578294921875 0.620485625 0.39224733203125 0.635592388671875 0.39999737109375 0.645049255859375 0.413869078125 0.66014564453125 0.438086296875 0.66789635546875 0.465417708984375 0.66329309765625 0.489377572265625 0.64929560546875 0.50264973828125 0.637364697265625
2 0.49453056640625 0.7145938984375 0.50211476171875 0.7179420546875 0.508423650390625 0.715811826171875 0.51493146875 0.69897283203125 0.517640921875 0.683928703125 0.511467900390625 0.673938998046875 0.499037853515625 0.6704298125 0.4911917890625 0.68438117578125 0.486956359375 0.70430730859375 0.49453056640625 0.7145938984375
2 0.30431644140625 0.960334703125 0.310470876953125 0.945155734375 0.312195466796875 0.925563947265625 0.30063618359375 0.924842083984375 0.291566484375 0.937666255859375 0.287652666015625 0.958058328125 0.29609269140625 0.966881849609375 0.30431644140625 0.960334703125
2 0.453517123046875 0.8323823515625 0.4439507890625 0.826878685546875 0.431498345703125 0.837247748046875 0.427968853515625 0.8538527109375 0.434380646484375 0.86042194140625 0.44390662890625 0.85463720703125 0.449293083984375 0.84536845703125 0.453517123046875 0.8323823515625
2 0.768931978515625 0.75277676953125 0.76275895703125 0.742787064453125 0.750619228515625 0.740206685546875 0.74533637890625 0.758174099609375 0.744961234375 0.7737143984375 0.754962529296875 0.778599611328125 0.7628288984375 0.772305923828125 0.768931978515625 0.75277676953125
2 0.918028689453125 0.66663971484375 0.918933046875 0.64860966796875 0.90748856640625 0.649647345703125 0.89934079296875 0.6696099296875 0.897212482421875 0.686511775390625 0.906661849609375 0.689021056640625 0.91340023046875 0.676936677734375 0.918028689453125 0.66663971484375
2 0.802615275390625 0.54839138671875 0.802461015625 0.5353417421875 0.79686875390625 0.527211568359375 0.786118818359375 0.5318681015625 0.78253777734375 0.544123783203125 0.786318392578125 0.552550443359375 0.7960050625 0.556531029296875 0.802615275390625 0.54839138671875
7 0.667977255859375 0.513698787109375 0.666657087890625 0.535979716796875 0.672450109375 0.544746091796875 0.678319466796875 0.545400138671875 0.6861650234375 0.53144866796875 0.69185229296875 0.516170400390625 0.697955373046875 0.496641248046875 0.702657779296875 0.476815318359375 0.692572921875 0.466862169921875 0.68187434375 0.475868888671875 0.676300859375 0.492906482421875 0.667977255859375 0.513698787109375
7 0.650415818359375 0.353006416015625 0.63264080859375 0.358382900390625 0.615450818359375 0.368459658203125 0.585123830078125 0.402148845703125 0.5660921171875 0.438591056640625 0.542869615234375 0.4882261796875 0.536701853515625 0.493956078125 0.529670044921875 0.506544162109375 0.524624955078125 0.520963095703125 0.52268758984375 0.53287333984375 0.5256888203125 0.537383859375 0.530286138671875 0.536249158203125 0.535502146484375 0.533133126953125 0.5396024765625 0.527299830078125 0.54415973046875 0.51103259765625 0.546901640625 0.49999669921875 0.547032759765625 0.491927251953125 0.56675996875 0.4503517265625 0.589754412109375 0.41017400390625 0.60899966796875 0.388564203125 0.633001943359375 0.3697252890625 0.661486697265625 0.362401447265625 0.6609781640625 0.3545481796875 0.650415818359375 0.353006416015625
7 0.552586236328125 0.44064930078125 0.542283529296875 0.454654970703125 0.539781787109375 0.463629083984375 0.526014177734375 0.481826328125 0.519730880859375 0.500206798828125 0.522516162109375 0.521570328125 0.5372777890625 0.549000904296875 0.540296408203125 0.54224949609375 0.534349279296875 0.5283112109375 0.527880080078125 0.514965287109375 0.526028650390625 0.5022497109375 0.52903586328125 0.488101892578125 0.540665181640625 0.474378203125 0.54404525390625 0.478970193359375 0.554258255859375 0.47656416796875 0.566675138671875 0.4591352890625 0.570569916015625 0.452921306640625 0.573267458984375 0.446057158203125 0.585326712890625 0.43845476953125 0.595574404296875 0.429367357421875 0.59970915625 0.4210924921875 0.599626134765625 0.414033001953125 0.595037669921875 0.4095372421875 0.58925311328125 0.41253242578125 0.580019744140625 0.4243004140625 0.571902 0.43454483984375 0.564677607421875 0.43406566796875 0.552586236328125 0.44064930078125
7 0.811644375 0.763614375 0.797193419921875 0.800933701171875 0.77968316015625 0.815475708984375 0.76068175390625 0.83145672265625 0.758508794921875 0.845394703125 0.76015044140625 0.853470837890625 0.7655091875 0.857068224609375 0.770230654296875 0.853841396484375 0.781221515625 0.843549775390625 0.78793031640625 0.83057497265625 0.800884021484375 0.8133084765625 0.81239430078125 0.78238889453125 0.836515126953125 0.727455318359375 0.8441041796875 0.680599064453125 0.838526623046875 0.680819236328125 0.83613991015625 0.695765359375 0.83000143359375 0.721856474609375 0.811644375 0.763614375
7 0.7665808671875 1 0.77836973828125 0.991714046875 0.796826783203125 0.961567712890625 0.816838740234375 0.919459185546875 0.830563275390625 0.87812233203125 0.83668519921875 0.847462189453125 0.842847884765625 0.836127271484375 0.844289564453125 0.8209802734375 0.845026435546875 0.803575361328125 0.84142380859375 0.795433599609375 0.832511396484375 0.79740233203125 0.826609646484375 0.808441521484375 0.82559598828125 0.82157233984375 0.826391423828125 0.836382658203125 0.827643701171875 0.841676291015625 0.829928142578125 0.846728318359375 0.823566697265625 0.879444705078125 0.812517353515625 0.917487068359375 0.79672295703125 0.952764873046875 0.777892443359375 0.980021333984375 0.76054087890625 0.998461140625 0.760589921875 1 0.7665808671875 1
7 0.784201419921875 1 0.785432701171875 0.998446302734375 0.78867996875 0.992462919921875 0.789352564453125 0.985581078125 0.795963982421875 0.97399129296875 0.803432654296875 0.9583684609375 0.808615640625 0.9534989140625 0.8149418828125 0.94325328515625 0.82269623828125 0.926286404296875 0.8234698671875 0.915211724609375 0.82291660546875 0.906664546875 0.81557111328125 0.90404963671875 0.80866180859375 0.909605822265625 0.8041542109375 0.9205892109375 0.798268365234375 0.934396833984375 0.797815228515625 0.93926170703125 0.797025046875 0.94576736328125 0.798666185546875 0.95384338671875 0.79529698046875 0.962259205078125 0.78892073046875 0.974601361328125 0.784850876953125 0.977951548828125 0.77963776953125 0.98667781640625 0.778015787109375 0.99616740234375 0.77641911328125 1 0.784201419921875 1
7 0.727612802734375 0.823963861328125 0.72163703125 0.822342478515625 0.66763518359375 0.824561501953125 0.6298999453125 0.82180947265625 0.60519768359375 0.8116411953125 0.603648169921875 0.80499036328125 0.599121416015625 0.798408138671875 0.594645177734375 0.789729494140625 0.583918791015625 0.78815286328125 0.577601955078125 0.79278045703125 0.573043650390625 0.805861169921875 0.572131529296875 0.814799255859375 0.57713316796875 0.820076703125 0.5840292265625 0.82294727734375 0.590622509765625 0.82388298828125 0.593646640625 0.8232355546875 0.59868678515625 0.81903803125 0.604612359375 0.82275684765625 0.620953376953125 0.830444552734375 0.644039759765625 0.83148859375 0.675420703125 0.83253878515625 0.709641099609375 0.831382978515625 0.72358476171875 0.8308348671875 0.727612802734375 0.823963861328125
7 0.67657218359375 0.697950068359375 0.669994919921875 0.702873501953125 0.6710557890625 0.719255763671875 0.676100599609375 0.756855919921875 0.67760219921875 0.7785997578125 0.673746802734375 0.78094100390625 0.667794029296875 0.794076505859375 0.662752326171875 0.814078328125 0.66197869921875 0.825153009765625 0.652788064453125 0.838653861328125 0.64622280859375 0.85095584375 0.6454744375 0.860982314453125 0.64877482421875 0.865899095703125 0.65444905859375 0.864294701171875 0.657914052734375 0.85778300390625 0.662014408203125 0.847287646484375 0.666690107421875 0.834584025390625 0.67015112890625 0.8275925 0.67611571875 0.821836453125 0.68595369140625 0.80250196875 0.689285439453125 0.78775671875 0.6881646484375 0.77908891015625 0.68275538671875 0.777587943359375 0.6821911640625 0.745857810546875 0.67657218359375 0.697950068359375
7 0.6293506640625 0.842635552734375 0.624015935546875 0.853795267578125 0.618558953125 0.867386400390625 0.609041013671875 0.878709576171875 0.58409623828125 0.9022080625 0.5605887890625 0.913368166015625 0.544112076171875 0.916539544921875 0.527732744140625 0.918325904296875 0.51534710546875 0.919908517578125 0.495283080078125 0.935312474609375 0.499646275390625 0.94080541015625 0.510222482421875 0.93286791015625 0.531830966796875 0.92692419921875 0.5570262265625 0.92455242578125 0.582234541015625 0.913754796875 0.594893857421875 0.9034495859375 0.607989435546875 0.8933289296875 0.617213759765625 0.881150080078125 0.62736547265625 0.87241901953125 0.6330027578125 0.864485298828125 0.64731677734375 0.8538303671875 0.656011302734375 0.83987287109375 0.6573315546875 0.8271584140625 0.654178365234375 0.8187609921875 0.648605353515625 0.816171638671875 0.640108220703125 0.82455105859375 0.6293506640625 0.842635552734375
7 0.534445564453125 0.914966689453125 0.542908734375 0.913252716796875 0.54959923046875 0.91151408984375 0.553295423828125 0.90527493359375 0.5693908203125 0.889027419921875 0.593530609375 0.851660359375 0.61631059765625 0.807681845703125 0.629247939453125 0.78584541796875 0.635947333984375 0.7784886484375 0.637942783203125 0.771888935546875 0.63532700390625 0.767468865234375 0.618084318359375 0.79190209375 0.60286078515625 0.8244916953125 0.58672252734375 0.85302280078125 0.554380505859375 0.891808103515625 0.548072373046875 0.890818462890625 0.541153853515625 0.90199177734375 0.53505614453125 0.902802828125 0.523661193359375 0.905298404296875 0.517291048828125 0.899026740234375 0.506913060546875 0.90138728515625 0.496106037109375 0.905763794921875 0.492363875 0.91128984375 0.489817763671875 0.92233896484375 0.49008533984375 0.932230189453125 0.4935038203125 0.937523263671875 0.500265421875 0.935447611328125 0.509892048828125 0.93011876171875 0.51795630078125 0.926564033203125 0.52028379296875 0.919331564453125 0.534445564453125 0.914966689453125
7 0.69941765234375 0.795843748046875 0.702379232421875 0.791204412109375 0.69903703515625 0.782766814453125 0.687445931640625 0.77503515625 0.673553294921875 0.77348695703125 0.658399626953125 0.776939556640625 0.637248234375 0.7928147734375 0.613456146484375 0.834119806640625 0.600157341796875 0.8604449140625 0.59399815234375 0.88477471484375 0.595079927734375 0.902917384765625 0.592609591796875 0.910821875 0.59060524609375 0.92303973046875 0.591149609375 0.937205048828125 0.593613841796875 0.94791437890625 0.599850552734375 0.949240033203125 0.60517203125 0.946507080078125 0.60967527734375 0.938332310546875 0.610797115234375 0.931195712890625 0.609927091796875 0.926288138671875 0.607820921875 0.9154599140625 0.604625919921875 0.903541677734375 0.601325533203125 0.898624896484375 0.602368294921875 0.881637140625 0.609023275390625 0.857762970703125 0.6283626328125 0.822536283203125 0.645819583984375 0.797095021484375 0.66658912109375 0.78394818359375 0.684220078125 0.782779056640625 0.69941765234375 0.795843748046875
2 0.3316151484375 0.257133607421875 0.33483678125 0.25083996484375 0.3365236171875 0.241428533203125 0.33253170703125 0.2358346640625 0.3264398203125 0.240122908203125 0.323418224609375 0.25064593359375 0.3239879609375 0.258303955078125 0.32702978515625 0.261037794921875 0.3316151484375 0.257133607421875
4 0.580050578125 0.429849380859375 0.573457759765625 0.435559927734375 0.5685023203125 0.4407968515625 0.562076412109375 0.445722162109375 0.553973650390625 0.45275223828125 0.545409833984375 0.46050597265625 0.536120833984375 0.469737525390625 0.531107494140625 0.476697279296875 0.52625509765625 0.4834735234375 0.52325201953125 0.491294123046875 0.520728505859375 0.500300525390625 0.52177563671875 0.516133671875 0.5248674296875 0.52394818359375 0.530145283203125 0.53387067578125 0.53257216796875 0.53850807421875 0.53587794140625 0.5407291015625 0.53630915234375 0.535832115234375 0.534266830078125 0.52824067578125 0.53130460546875 0.52153757421875 0.527352583984375 0.513756990234375 0.526097908203125 0.505899421875 0.52614181640625 0.497666607421875 0.5273767734375 0.49185658984375 0.532597828125 0.482772298828125 0.543818943359375 0.46954116796875 0.549878681640625 0.46453991796875 0.5638091484375 0.452114705078125 0.570885623046875 0.44745546484375 0.57610882421875 0.4440550859375 0.58071045703125 0.44120415234375 0.58658391015625 0.43670855078125 0.59297437109375 0.4312285625 0.59701537890625 0.423061564453125 0.596828232421875 0.414542984375 0.59273102734375 0.412851384765625 0.58792652734375 0.415932771484375 0.583074560546875 0.4250216796875 0.580050578125 0.429849380859375
1 0.6841146328125 0.497451673828125 0.689593095703125 0.497539861328125 0.6948511953125 0.49048824609375 0.69496248828125 0.483085734375 0.6927206015625 0.4788956484375 0.690576396484375 0.476212505859375 0.686548392578125 0.47944095703125 0.683693458984375 0.484031966796875 0.68180550390625 0.492914091796875 0.6841146328125 0.497451673828125
3 0.402536369140625 0.629421755859375 0.401069828125 0.629287046875 0.399853408203125 0.62938346875 0.397295033203125 0.63235633203125 0.396909857421875 0.636200060546875 0.39729939453125 0.63858596484375 0.398011052734375 0.640864267578125 0.400201857421875 0.642747015625 0.4033995390625 0.641300615234375 0.40516926171875 0.638132666015625 0.40578183203125 0.63525075390625 0.405631751953125 0.632206734375 0.40418051953125 0.630126208984375 0.402536369140625 0.629421755859375
3 0.551874546875 0.89729494921875 0.549804501953125 0.895302505859375 0.547447662109375 0.89524550390625 0.54383115234375 0.899353734375 0.542255568359375 0.90500520703125 0.543907509765625 0.90779480859375 0.54707022265625 0.90758008984375 0.54981655859375 0.906390837890625 0.55254346875 0.900801390625 0.551874546875 0.89729494921875
8 0.6219974921875 0.86187343359375 0.6203479375 0.867286728515625 0.622192552734375 0.87033973828125 0.62389216015625 0.871144015625 0.626158712890625 0.871625787109375 0.6272673125 0.868757486328125 0.628520611328125 0.86208711328125 0.62653615234375 0.859291203125 0.6219974921875 0.86187343359375
4 0.6780147734375 0.78712744140625 0.674407890625 0.8040964921875 0.670750953125 0.81484796875 0.666305158203125 0.822986556640625 0.667368294921875 0.823722873046875 0.6648606875 0.83046612890625 0.6654641953125 0.829747529296875 0.67287246875 0.81425101171875 0.67911535546875 0.790747408203125 0.6810782421875 0.775645880859375 0.681042626953125 0.76056257421875 0.67980831640625 0.7487714296875 0.67744184765625 0.735853609375 0.674992408203125 0.707005611328125 0.67360733984375 0.708724646484375 0.67568371875 0.73297990625 0.67789559765625 0.748969751953125 0.679521984375 0.76771663671875 0.67950824609375 0.77658157421875 0.6780147734375 0.78712744140625
4 0.6648606875 0.83046612890625 0.6616108046875 0.834335783203125 0.663885984375 0.827415158203125 0.66217846484375 0.830540986328125 0.65282146875 0.842296896484375 0.650082375 0.848144072265625 0.648700677734375 0.854058259765625 0.64837940234375 0.859089369140625 0.64949281640625 0.86265148046875 0.6530779453125 0.861035634765625 0.65473806640625 0.8585060703125 0.65764141796875 0.8524723046875 0.661255736328125 0.840160271484375 0.6648606875 0.83046612890625
4 0.826059728515625 0.9314248515625 0.825651552734375 0.93559973828125 0.8246695546875 0.940219673828125 0.8228619140625 0.9472209140625 0.817959916015625 0.95299551171875 0.81302090625 0.95819522265625 0.801002361328125 0.96813871484375 0.784969052734375 0.978933693359375 0.766706416015625 0.997208240234375 0.7658008359375 0.997717763671875 0.765487796875 0.99927160546875 0.7673550859375 0.997914087890625 0.7845814921875 0.9822600625 0.812174837890625 0.961424134765625 0.818319626953125 0.955060802734375 0.822494970703125 0.949698767578125 0.82510040625 0.94570788671875 0.826119732421875 0.941663853515625 0.826986224609375 0.93758733203125 0.82732326171875 0.9299895234375 0.826091095703125 0.923762072265625 0.824202326171875 0.92137271875 0.822897751953125 0.924504169921875 0.82476590625 0.927742041015625 0.826059728515625 0.9314248515625
3 0.786089423828125 0.983432533203125 0.7821114765625 0.984859810546875 0.7815712734375 0.988152787109375 0.780646837890625 0.992501921875 0.78102396484375 0.99599083203125 0.782569224609375 0.997739203125 0.784539181640625 0.996738013671875 0.787338494140625 0.99108349609375 0.788684423828125 0.98625693359375 0.786089423828125 0.983432533203125
8 0.01431047265625 0.591590384765625 0.015525943359375 0.59547899609375 0.01701271875 0.59488721875 0.018604603515625 0.592200212890625 0.019400798828125 0.590856763671875 0.0198314453125 0.58883073046875 0.019566611328125 0.5835434609375 0.0151317578125 0.586924927734375 0.01431047265625 0.591590384765625
7 0.78720516796875 1 0.795306236328125 0.991023966796875 0.79589591015625 0.9770996953125 0.820269119140625 0.956290212890625 0.828535626953125 0.94434889453125 0.830544328125 0.929322421875 0.828033931640625 0.917900892578125 0.820949568359375 0.914989345703125 0.8198275390625 0.9221268515625 0.822443318359375 0.926546919921875 0.823824220703125 0.934917876953125 0.817443427734375 0.95006955859375 0.800402998046875 0.966116201171875 0.791961244140625 0.96959069140625 0.78399386328125 0.97176029296875 0.7737752734375 0.978017841796875 0.764257333984375 0.98934101953125 0.760606794921875 0.996292265625 0.753203546875 1 0.78720516796875 1