2 0.82936973046875 0.039562125 0.826557052734375 0.021934564453125 0.81644098046875 0.017024341796875 0.808188455078125 0.029839576171875 0.810943798828125 0.04235251953125 0.818000482421875 0.04902738671875 0.826072798828125 0.04929618359375 0.82936973046875 0.039562125
7 0.80803937109375 0.4120238046875 0.8180089375 0.4109759609375 0.822197375 0.396026626953125 0.818466140625 0.37422871875 0.8025964140625 0.364801654296875 0.785656634765625 0.358901130859375 0.75166241015625 0.33687084765625 0.71987384765625 0.285590515625 0.706405294921875 0.19397891015625 0.69691071875 0.194976830078125 0.700756619140625 0.227003978515625 0.71135953515625 0.282217580078125 0.726057859375 0.335294169921875 0.758534609375 0.370286486328125 0.78196909765625 0.38318535546875 0.787405689453125 0.390958734375 0.797954623046875 0.402842466796875 0.80803937109375 0.4120238046875
7 1 0.683119775390625 0.994635216796875 0.6712206171875 0.978832083984375 0.6395964765625 0.97542486328125 0.6254454765625 0.96647187109375 0.604196396484375 0.958228185546875 0.58970091015625 0.948644857421875 0.589854408203125 0.945050962890625 0.6013271796875 0.947863640625 0.618954740234375 0.9577974140625 0.635832912109375 0.966457716796875 0.645163966796875 0.9897633828125 0.688801169921875 1 0.712427685546875 1 0.683119775390625
7 0.821208689453125 0.705088787109375 0.812130732421875 0.700922275390625 0.8031684765625 0.706984890625 0.790847166015625 0.7313237421875 0.778859033203125 0.73599688671875 0.76645823046875 0.73217962109375 0.75121394921875 0.715005853515625 0.737038681640625 0.694305654296875 0.72959837109375 0.673751337890625 0.725215259765625 0.650315373046875 0.720889998046875 0.631993970703125 0.713445216796875 0.62509455078125 0.7022287109375 0.627980955078125 0.704744328125 0.64734630859375 0.710848849609375 0.668893845703125 0.717610203125 0.68364102734375 0.728874908203125 0.7079653125 0.748596041015625 0.735764513671875 0.776241125 0.756755546875 0.794223486328125 0.7497448828125 0.807671759765625 0.726995083984375 0.818216123046875 0.716986216796875 0.821208689453125 0.705088787109375
7 0.627246494140625 0.593011423828125 0.623306951171875 0.573795728515625 0.612570228515625 0.562975416015625 0.60218352734375 0.56918774609375 0.59529280078125 0.590395498046875 0.595168353515625 0.60747801171875 0.58641003515625 0.62461423046875 0.5768840390625 0.62988234765625 0.568897771484375 0.645230849609375 0.5495488125 0.657505794921875 0.52670398046875 0.65478623828125 0.508934818359375 0.645558814453125 0.485176220703125 0.62501211328125 0.483006255859375 0.6363352265625 0.494958595703125 0.649588095703125 0.517324068359375 0.66601339453125 0.5440245859375 0.673448345703125 0.568919310546875 0.668271482421875 0.584293029296875 0.65470778125 0.592989125 0.646112818359375 0.59622810546875 0.631263275390625 0.605638818359375 0.61576505859375 0.615374603515625 0.612159119140625 0.622228154296875 0.604633912109375 0.627246494140625 0.593011423828125
2 0.489486876953125 0.68429182421875 0.483142109375 0.669596751953125 0.470413345703125 0.671787419921875 0.463229931640625 0.68107714453125 0.464352001953125 0.69632207421875 0.469064017578125 0.713749076171875 0.47511567578125 0.716527091796875 0.483008302734375 0.713990041015625 0.4916162578125 0.7045515234375 0.489486876953125 0.68429182421875
2 0.653863591796875 0.94335394921875 0.64229217578125 0.94286358203125 0.64195941796875 0.9625283125 0.646493505859375 0.978267443359375 0.653987841796875 0.98563833984375 0.663303939453125 0.977745376953125 0.661543115234375 0.95705591015625 0.653863591796875 0.94335394921875
2 0.534648873046875 0.859443572265625 0.53287440625 0.842560642578125 0.5215740390625 0.830946748046875 0.511484822265625 0.835420310546875 0.5143283046875 0.84877680859375 0.518716404296875 0.8585578203125 0.527585533203125 0.865306603515625 0.534648873046875 0.859443572265625
2 0.22902105859375 0.73111516015625 0.22564525390625 0.71269396484375 0.2133023046875 0.71399126171875 0.206118890625 0.723280986328125 0.210147185546875 0.743341103515625 0.217312591796875 0.750422572265625 0.227769744140625 0.746609541015625 0.22902105859375 0.73111516015625
2 0.0851177734375 0.62693830859375 0.079101291015625 0.606233408203125 0.06782797265625 0.604005140625 0.06684272265625 0.62203094921875 0.070369501953125 0.63275530859375 0.075807806640625 0.645477841796875 0.08546769921875 0.643970033203125 0.0851177734375 0.62693830859375
2 0.2121174453125 0.50178596484375 0.201913140625 0.496031265625 0.1955016796875 0.5035323515625 0.193984205078125 0.516494384765625 0.1997073828125 0.525280392578125 0.209757072265625 0.52233414453125 0.214397802734375 0.514348830078125 0.2121174453125 0.50178596484375
7 0.33151102734375 0.496065337890625 0.32540641015625 0.4745168828125 0.32164437109375 0.45699003515625 0.311945857421875 0.446914349609375 0.300875861328125 0.4557588203125 0.303480130859375 0.47596767578125 0.307508427734375 0.496027791015625 0.31156752734375 0.511816845703125 0.317911779296875 0.526511970703125 0.323817349609375 0.5264750234375 0.33049497265625 0.51836220703125 0.33151102734375 0.496065337890625
7 0.461228984375 0.529240634765625 0.466090703125 0.532884818359375 0.470544228515625 0.534493853515625 0.47400049609375 0.530321755859375 0.473318703125 0.518274248046875 0.469808439453125 0.50340694921875 0.46413096484375 0.490152798828125 0.458595927734375 0.48380958203125 0.440688923828125 0.432018955078125 0.425570716796875 0.393787021484375 0.39893134375 0.357112353515625 0.382888830078125 0.345293955078125 0.3657731875 0.338088927734375 0.355107546875 0.3385181796875 0.353780908203125 0.346275271484375 0.3813440703125 0.356536458984375 0.40324565625 0.377781091796875 0.420126646484375 0.401284189453125 0.438795408203125 0.443645388671875 0.45406872265625 0.487055212890625 0.45335563671875 0.49509416015625 0.4549289609375 0.506356212890625 0.457760861328125 0.523010693359375 0.461228984375 0.529240634765625
7 0.434737736328125 0.445802642578125 0.437961640625 0.452389701171875 0.4484886875 0.47102101953125 0.458394244140625 0.4744814140625 0.46223579296875 0.470267892578125 0.472366890625 0.485131998046875 0.47387877734375 0.49951665234375 0.4707083515625 0.511969044921875 0.4628795625 0.524565640625 0.455508064453125 0.537805927734375 0.45780443359375 0.5448358828125 0.475352470703125 0.519098583984375 0.480355591796875 0.498143228515625 0.47602799609375 0.4792066640625 0.4642379375 0.459669998046875 0.46268794921875 0.45048354296875 0.453905673828125 0.435477671875 0.442568716796875 0.4276662109375 0.435333814453125 0.427387603515625 0.428331375 0.416350763671875 0.42037867578125 0.403682091796875 0.414938890625 0.400098666015625 0.409905625 0.404090171875 0.409085140625 0.411102310546875 0.41233228515625 0.419764044921875 0.421573943359375 0.4298728515625 0.432772470703125 0.438694126953125 0.434737736328125 0.445802642578125
7 0.198621505859375 0.827358900390625 0.20432692578125 0.824341361328125 0.206803765625 0.816481068359375 0.206099626953125 0.8023923046875 0.188872783203125 0.7845126484375 0.172978498046875 0.768219984375 0.162507638671875 0.729594560546875 0.14861603125 0.686146580078125 0.145238447265625 0.659556748046875 0.144427103515625 0.644443021484375 0.1389031171875 0.64364104296875 0.141552783203125 0.691033884765625 0.1597993515625 0.748187841796875 0.168014599609375 0.7801411953125 0.179092501953125 0.798667134765625 0.184408314453125 0.81227212109375 0.194263201171875 0.823656220703125 0.198621505859375 0.827358900390625
7 0.14293863671875 0.77261184375 0.138223126953125 0.7610162265625 0.129565326171875 0.758126677734375 0.125131390625 0.76584726171875 0.124044916015625 0.7832338515625 0.123895404296875 0.798448568359375 0.1288395078125 0.810365568359375 0.1317230390625 0.84149766796875 0.14105151171875 0.884042677734375 0.156552302734375 0.92801234765625 0.1717570859375 0.95992282421875 0.18801233984375 0.974104154296875 0.188783013671875 0.968496580078125 0.173453986328125 0.948344056640625 0.157575705078125 0.9192685859375 0.145555369140625 0.882533072265625 0.1385430625 0.843544138671875 0.13563626171875 0.8103420234375 0.138436267578125 0.8055564609375 0.140235021484375 0.800422724609375 0.142574197265625 0.78577668359375 0.14293863671875 0.77261184375
7 0.184770119140625 1 0.175541783203125 0.977451015625 0.171643595703125 0.964388783203125 0.171022431640625 0.954781638671875 0.166750025390625 0.945558255859375 0.16305265625 0.941801005859375 0.158001443359375 0.9288599609375 0.15553038671875 0.920138068359375 0.158006708984375 0.91227783203125 0.1579008828125 0.90572521875 0.15795874609375 0.90083962890625 0.15354843359375 0.88649240625 0.15021360546875 0.875098015625 0.1439229296875 0.868850048828125 0.136344345703125 0.8706828203125 0.13490069140625 0.87912534375 0.134512462890625 0.890220220703125 0.14045081640625 0.907904705078125 0.145671443359375 0.91875548046875 0.15031703125 0.92414012109375 0.1561117578125 0.94045805859375 0.161475494140625 0.952675435546875 0.16142505859375 0.9595898828125 0.164029103515625 0.965879919921875 0.16752208984375 0.9713847734375 0.17806057421875 1 0.184770119140625 1
7 0.389832248046875 0.810260677734375 0.395358130859375 0.805534955078125 0.39538529296875 0.796550490234375 0.392219265625 0.783064962890625 0.38642075 0.7778024296875 0.375588318359375 0.7782492109375 0.3702294375 0.78641241796875 0.365039451171875 0.79248541015625 0.3628032265625 0.79893783984375 0.33717341015625 0.80646832421875 0.299357224609375 0.805260873046875 0.24588315625 0.7974092734375 0.239770638671875 0.79839713671875 0.243058400390625 0.805651546875 0.2568683828125 0.8076541640625 0.290780501953125 0.812380646484375 0.322099310546875 0.81461641015625 0.345168357421875 0.8159912734375 0.36222344140625 0.81005378125 0.36850527734375 0.80697473046875 0.373079048828125 0.81167609765625 0.376018939453125 0.812636091796875 0.382673912109375 0.81239469140625 0.389832248046875 0.810260677734375
7 0.30831786328125 0.846154734375 0.31379330859375 0.848343458984375 0.31758955859375 0.843798595703125 0.31789333984375 0.833748826171875 0.31264995703125 0.820827978515625 0.304920892578125 0.80644040234375 0.305309123046875 0.7953455234375 0.302385798828125 0.774926271484375 0.29783866796875 0.761240494140625 0.294249119140625 0.75850907421875 0.298015341796875 0.7370413125 0.3069628046875 0.700174458984375 0.3097302734375 0.683992830078125 0.303703681640625 0.678408857421875 0.293107759765625 0.7254668125 0.28922992578125 0.7569641484375 0.28369340234375 0.757891470703125 0.28167271875 0.766394640625 0.283444916015625 0.78140737890625 0.2912079921875 0.80166429296875 0.296538236328125 0.80801227734375 0.299249484375 0.815327279296875 0.3025716796875 0.82845005078125 0.305552509765625 0.839316517578125 0.30831786328125 0.846154734375
7 0.363454015625 0.891320337890625 0.374966794921875 0.90289235546875 0.398908357421875 0.9162658203125 0.42371767578125 0.92125822265625 0.4445865 0.92942807421875 0.45427507421875 0.93842760546875 0.45918853515625 0.93342083984375 0.44084457421875 0.916004005859375 0.42869221484375 0.91313541015625 0.4125893359375 0.90964673046875 0.3965343828125 0.904770439453125 0.374322259765625 0.8912142734375 0.35197039453125 0.865237076171875 0.343688189453125 0.85298103515625 0.339681759765625 0.8388939453125 0.335542765625 0.827237734375 0.326734484375 0.808127837890625 0.319159787109375 0.79890612890625 0.31334664453125 0.8008987578125 0.309332958984375 0.808920580078125 0.309316955078125 0.821703390625 0.316504896484375 0.836493251953125 0.329626755859375 0.84858603515625 0.334403861328125 0.857065552734375 0.34358731640625 0.86680992578125 0.351488072265625 0.87988626171875 0.363454015625 0.891320337890625
7 0.441094021484375 0.895033423828125 0.434103205078125 0.900604869140625 0.423031537109375 0.8969318671875 0.4170520078125 0.895487875 0.4113393203125 0.883652587890625 0.404962296875 0.883977427734375 0.3768516171875 0.842023931640625 0.363784080078125 0.811962216796875 0.352050482421875 0.7779598515625 0.33745622265625 0.751858119140625 0.334392748046875 0.75598055078125 0.33568741015625 0.76275269140625 0.341581111328125 0.7707694375 0.3521650546875 0.793838564453125 0.370223244140625 0.83995731640625 0.39032487109375 0.879642970703125 0.404633767578125 0.89748390625 0.40765754296875 0.9040752421875 0.41412965234375 0.90650369140625 0.422367302734375 0.90909291796875 0.43599523828125 0.9149141875 0.437553982421875 0.922350326171875 0.445202486328125 0.926728525390625 0.454219361328125 0.933034439453125 0.460726958984375 0.935805501953125 0.46467998828125 0.930898751953125 0.465980013671875 0.921089681640625 0.464602798828125 0.909834947265625 0.461458765625 0.9039480078125 0.451168412109375 0.89846583203125 0.441094021484375 0.895033423828125
7 0.3447376171875 0.917252126953125 0.34510733203125 0.924466892578125 0.348731412109375 0.933067595703125 0.353738068359375 0.93634182421875 0.360079181640625 0.935675345703125 0.363649345703125 0.925282265625 0.36567140625 0.911251447265625 0.36495515234375 0.89889101171875 0.363324595703125 0.890771603515625 0.366296869140625 0.87284139453125 0.362714578125 0.84800106640625 0.35224034765625 0.820430068359375 0.332896146484375 0.77686435546875 0.31352003515625 0.75886518359375 0.29881027734375 0.7538475078125 0.2848319140625 0.753935048828125 0.27249612890625 0.760412751953125 0.268290271484375 0.7684547734375 0.2707506875 0.773378265625 0.287230638671875 0.76197372265625 0.3046428046875 0.764979380859375 0.323924345703125 0.78022520703125 0.338626328125 0.80735184765625 0.354177552734375 0.844407072265625 0.358300544921875 0.868846091796875 0.357561890625 0.88584978515625 0.353765640625 0.890394646484375 0.349342345703125 0.901913626953125 0.34611585546875 0.912462376953125 0.3447376171875 0.917252126953125
2 0.7016790390625 0.2704697421875 0.699773951171875 0.259688521484375 0.694163681640625 0.2547869921875 0.689608919921875 0.259932951171875 0.69030275390625 0.2694691484375 0.69284887109375 0.276065064453125 0.69700101953125 0.280427166015625 0.700311943359375 0.278026259765625 0.7016790390625 0.2704697421875
4 0.44154578125 0.44570715234375 0.4541011484375 0.4595204296875 0.459604916015625 0.46512769921875 0.46938153125 0.4794592734375 0.473624416015625 0.489039548828125 0.474245296875 0.494946826171875 0.473428400390625 0.503139130859375 0.471359259765625 0.51082250390625 0.466615595703125 0.5181473671875 0.46296893359375 0.524504111328125 0.46014427734375 0.531840482421875 0.460061251953125 0.536755716796875 0.463581076171875 0.534892404296875 0.46647940625 0.530534087890625 0.472765529296875 0.521217638671875 0.476657224609375 0.5137691171875 0.4793536328125 0.49813216015625 0.477785369140625 0.48891131640625 0.47561621875 0.48081965234375 0.471498712890625 0.47357331640625 0.467240330078125 0.466127650390625 0.45896717578125 0.455975705078125 0.451260759765625 0.44736928515625 0.443937228515625 0.43953075 0.438061357421875 0.43396073046875 0.433680470703125 0.428234509765625 0.42772068359375 0.421866109375 0.4252178984375 0.41674876171875 0.421342560546875 0.407202474609375 0.416886474609375 0.40363576171875 0.412634892578125 0.4048898203125 0.411558337890625 0.413342173828125 0.414723525390625 0.42188683203125 0.420506162109375 0.42800478515625 0.425877521484375 0.433089701171875 0.430155943359375 0.436406021484375 0.434995095703125 0.440333744140625 0.44154578125 0.44570715234375
1 0.318981947265625 0.46491824609375 0.316622544921875 0.46005396484375 0.312954072265625 0.45642216015625 0.310541146484375 0.45886647265625 0.30787355859375 0.462799263671875 0.30721046875 0.470172857421875 0.31170266796875 0.477735462890625 0.31716033984375 0.478220416015625 0.319931123046875 0.47394905859375 0.318981947265625 0.46491824609375
3 0.58607372265625 0.63914286328125 0.584874044921875 0.638919818359375 0.583401458984375 0.638900494140625 0.581692677734375 0.6394292265625 0.580031921875 0.64134666015625 0.579564478515625 0.64435831640625 0.57987244921875 0.64728847265625 0.581301337890625 0.650624052734375 0.5843303125 0.652396779296875 0.586705916015625 0.65075334765625 0.58765182421875 0.648561912109375 0.58828862109375 0.646229796875 0.588307333984375 0.64236686328125 0.58607372265625 0.63914286328125
3 0.407976931640625 0.898957337890625 0.410583912109375 0.90042714453125 0.41370685546875 0.90097128125 0.41564133984375 0.89836963671875 0.414665126953125 0.8925844296875 0.41149785546875 0.88812067578125 0.40914796875 0.887931009765625 0.40688099609375 0.88969616015625 0.405849216796875 0.893113470703125 0.407976931640625 0.898957337890625
8 0.334884216796875 0.853434337890625 0.33568692578125 0.8564028046875 0.337991419921875 0.85616059375 0.339765787109375 0.85553837890625 0.341919423828125 0.852694908203125 0.34084475 0.847138841796875 0.336600869140625 0.844096337890625 0.334335029296875 0.8466695 0.334884216796875 0.853434337890625
4 0.2914744765625 0.770432009765625 0.295226369140625 0.79445941796875 0.300974232421875 0.810645419921875 0.3014993203125 0.81142316796875 0.2997103125 0.804454734375 0.300844591796875 0.803833580078125 0.29727386328125 0.79527486328125 0.294760794921875 0.78420003125 0.292947419921875 0.76694691796875 0.292564470703125 0.7563027109375 0.293477447265625 0.7474848984375 0.297054505859375 0.729010716796875 0.3009256640625 0.71333966796875 0.305526033203125 0.68943432421875 0.304328240234375 0.68757992578125 0.29887678125 0.71601385546875 0.29517299609375 0.728613546875 0.292712939453125 0.740211076171875 0.2911008828125 0.75520803515625 0.2914744765625 0.770432009765625
4 0.30278759765625 0.80849079296875 0.30432691015625 0.815611328125 0.3014993203125 0.81142316796875 0.304071208984375 0.8214410234375 0.30637876953125 0.83406341015625 0.308635515625 0.84036760546875 0.3100221328125 0.843056841796875 0.31341871875 0.845038583984375 0.314898375 0.841612369140625 0.31510475390625 0.83657523828125 0.314348828125 0.830549021484375 0.312235935546875 0.824447564453125 0.3041590234375 0.811777982421875 0.30278759765625 0.80849079296875
4 0.14130333203125 0.926265248046875 0.166567572265625 0.94987132421875 0.182063318359375 0.96724024609375 0.18377848046875 0.96878551171875 0.183629576171875 0.9672074609375 0.182782216796875 0.9666060703125 0.166529833984375 0.94652266796875 0.151712740234375 0.934110888671875 0.1407994140625 0.9229655859375 0.136430978515625 0.91727809375 0.132159443359375 0.91102273046875 0.131093533203125 0.903870896484375 0.130599830078125 0.89917362109375 0.130630283203125 0.894978939453125 0.132301978515625 0.891451544921875 0.13449834765625 0.888426685546875 0.13352824609375 0.8851760234375 0.13140006640625 0.887354857421875 0.129523705078125 0.8934193984375 0.129064708984375 0.901010814453125 0.129500341796875 0.905155578125 0.1300913671875 0.9092840078125 0.132265369140625 0.9135253671875 0.135857353515625 0.919294470703125 0.14130333203125 0.926265248046875
4 0.183991501953125 0.967464328125 0.1926613828125 0.9764391953125 0.190394015625 0.97474575390625 0.18377848046875 0.96878551171875 0.183856388671875 0.969611177734375 0.192994947265625 0.980059470703125 0.197034294921875 0.98410570703125 0.19973255078125 0.98885058203125 0.20324754296875 0.992392380859375 0.20784159765625 0.992747451171875 0.209376716796875 0.99091025390625 0.208912048828125 0.98648923828125 0.208194666015625 0.982653396484375 0.200610291015625 0.97925906640625 0.183991501953125 0.967464328125
3 0.162903373046875 0.95835823828125 0.165096291015625 0.964274388671875 0.1669508046875 0.965476009765625 0.16867035546875 0.96389873828125 0.169410107421875 0.960468361328125 0.168945341796875 0.956046421875 0.16875230859375 0.952715017578125 0.16494534375 0.950879751953125 0.162069328125 0.953417427734375 0.162903373046875 0.95835823828125
8 0.96825280078125 0.638535388671875 0.968469310546875 0.6405953359375 0.96912071484375 0.64201465234375 0.970423009765625 0.6448533359375 0.97183978515625 0.64559728125 0.97345506640625 0.641857021484375 0.973125955078125 0.637131275390625 0.969068853515625 0.633304765625 0.96825280078125 0.638535388671875
7 0.206359296875 0.995246638671875 0.210550625 0.994460703125 0.212847927734375 0.9848922265625 0.2081911796875 0.97570923828125 0.1991495546875 0.972860033203125 0.18894416796875 0.9663326953125 0.18604023046875 0.9590379453125 0.177758025390625 0.94678190234375 0.168249505859375 0.939490498046875 0.16055255859375 0.936499962890625 0.152520232421875 0.932162103515625 0.13725048046875 0.914422158203125 0.132488423828125 0.89868650390625 0.134736765625 0.890505748046875 0.137800240234375 0.886383314453125 0.137430427734375 0.879167626953125 0.13008053515625 0.881322705078125 0.126390015625 0.8924192578125 0.126817017578125 0.907573380859375 0.133790033203125 0.9203133671875 0.155854541015625 0.943556548828125 0.154985501953125 0.9574661796875 0.162931390625 0.968375927734375 0.18124333203125 0.974396642578125 0.1919640546875 0.98397851171875 0.20232259765625 0.9951718828125 0.206359296875 0.995246638671875