7 0.23792976171875 0.321425626953125 0.19421937890625 0.24230269140625 0.19144070703125 0.23736575390625 0.1913687265625 0.232629447265625 0.19069507421875 0.226643447265625 0.18789452734375 0.223744982421875 0.186364646484375 0.217231126953125 0.183392578125 0.196047619140625 0.171655728515625 0.17708746875 0.1668891484375 0.17385777734375 0.16053287109375 0.18108428515625 0.1601690546875 0.192002216796875 0.1645713046875 0.2061499296875 0.1793841484375 0.225245591796875 0.179477845703125 0.227942515625 0.178947998046875 0.231428220703125 0.18170428125 0.23840371875 0.186006318359375 0.239001875 0.2098339609375 0.28974816015625 0.2324514296875 0.327140607421875 0.2645517890625 0.36421674609375 0.28758799609375 0.390693796875 0.269775880859375 0.359225427734375 0.23792976171875 0.321425626953125
7 0.371131630859375 0.79257165234375 0.365203880859375 0.743183080078125 0.347827955078125 0.68725721875 0.33057521484375 0.656720689453125 0.3065087890625 0.647711990234375 0.30141855859375 0.6408471640625 0.293697337890625 0.6348768671875 0.27991453515625 0.629649138671875 0.276703046875 0.6347049140625 0.2760360703125 0.63987238671875 0.277055484375 0.64923200390625 0.280523228515625 0.658160857421875 0.2863564140625 0.66269458984375 0.294075361328125 0.66521471875 0.30461315625 0.66232991015625 0.3073977890625 0.65963129296875 0.323873482421875 0.666430087890625 0.324705599609375 0.66888774609375 0.325263638671875 0.67384015625 0.3287906796875 0.67850128125 0.3349744453125 0.681939908203125 0.34498715234375 0.705152951171875 0.35387826953125 0.73052033984375 0.3608420859375 0.764645259765625 0.367445654296875 0.803883568359375 0.371919189453125 0.83283548046875 0.378491771484375 0.84297223828125 0.382235306640625 0.839434169921875 0.380130533203125 0.836768419921875 0.37581555078125 0.820926103515625 0.371131630859375 0.79257165234375
7 0.788461916015625 0.269840248046875 0.784579984375 0.260550990234375 0.77997837890625 0.262027107421875 0.786048279296875 0.415219865234375 0.781295701171875 0.430686599609375 0.7831151484375 0.4410051953125 0.7792234765625 0.45498973046875 0.7850108125 0.466602865234375 0.7918101875 0.462744099609375 0.794527326171875 0.456945287109375 0.793768736328125 0.437796283203125 0.8023537265625 0.42497931640625 0.8013522890625 0.4171763359375 0.798693384765625 0.406341029296875 0.794249185546875 0.404465748046875 0.79012440625 0.406522515625 0.788461916015625 0.269840248046875
7 0.89022425390625 0.297126537109375 0.888280359375 0.28610216015625 0.885776505859375 0.279154548828125 0.87960753125 0.267737515625 0.87293451953125 0.25527358203125 0.86752824609375 0.220986849609375 0.862483583984375 0.210508283203125 0.857194671875 0.213146400390625 0.85434929296875 0.218763798828125 0.8550717578125 0.228298947265625 0.857696095703125 0.243182310546875 0.865280890625 0.257191009765625 0.86551694921875 0.263970607421875 0.865929611328125 0.273560380859375 0.867739439453125 0.287450650390625 0.8757733359375 0.30763255859375 0.885523740234375 0.312165693359375 0.917368173828125 0.39123912109375 0.92021878515625 0.394715451171875 0.922291837890625 0.39378202734375 0.9205789296875 0.3874029296875 0.891876646484375 0.3064977109375 0.89022425390625 0.297126537109375
2 0.69080801171875 0.288412228515625 0.683159294921875 0.278531037109375 0.673288220703125 0.267593783203125 0.66378366796875 0.271443458984375 0.66178839453125 0.27976449609375 0.663290330078125 0.292901416015625 0.668506265625 0.302848650390625 0.677719818359375 0.307744408203125 0.683409427734375 0.304205431640625 0.689839150390625 0.299087087890625 0.69080801171875 0.288412228515625
7 0.7778301796875 0 0.781739021484375 0.005831033203125 0.795766654296875 0.0091539765625 0.804767255859375 0.00937776953125 0.817481375 0.0248852109375 0.82914471484375 0.05868919140625 0.82746617578125 0.080357072265625 0.820183658203125 0.103737048828125 0.82967138671875 0.113655013671875 0.835761162109375 0.097367685546875 0.840395423828125 0.06358772265625 0.830707345703125 0.029435451171875 0.814973234375 0.001419806640625 0.813743685546875 0 0.7778301796875 0
2 0.26048733984375 0.529978791015625 0.2559050234375 0.509081091796875 0.245708947265625 0.487896447265625 0.237170708984375 0.47408030859375 0.229538962890625 0.483725224609375 0.228823974609375 0.507153455078125 0.23137942578125 0.522662921875 0.237992216796875 0.537775701171875 0.241373626953125 0.551862724609375 0.24765661328125 0.560012171875 0.2516075625 0.555109953125 0.257851697265625 0.54353124609375 0.26048733984375 0.529978791015625
2 0.314590482421875 0.743169951171875 0.308522884765625 0.73115211328125 0.30168711328125 0.725974359375 0.2973827578125 0.73311641796875 0.298488166015625 0.743455615234375 0.302279595703125 0.75172471875 0.306974693359375 0.76206841796875 0.312012306640625 0.7621382265625 0.316599552734375 0.755583748046875 0.314590482421875 0.743169951171875
2 0.40920471875 0.20296585546875 0.405826015625 0.193693169921875 0.39976931640625 0.1908131875 0.3951571328125 0.191626439453125 0.395385130859375 0.203711185546875 0.39619873828125 0.213718228515625 0.39701183203125 0.22372536328125 0.401597373046875 0.225454435546875 0.4062126484375 0.229151763671875 0.40750837890625 0.227826068359375 0.410346646484375 0.21573469921875 0.40920471875 0.20296585546875
2 0.392502955078125 0.205346703125 0.388288806640625 0.197631642578125 0.378584314453125 0.2010342421875 0.37581309765625 0.211391326171875 0.3798854375 0.222798208984375 0.38393395703125 0.22687753515625 0.389073830078125 0.224560923828125 0.3912213984375 0.215159994140625 0.392502955078125 0.205346703125
7 0.45306878125 1 0.447958251953125 0.992614392578125 0.429497146484375 0.96570765234375 0.418126474609375 0.937993517578125 0.4178573671875 0.918081251953125 0.418252064453125 0.896276826171875 0.4092330390625 0.881899541015625 0.403446529296875 0.8886861640625 0.399906955078125 0.911044177734375 0.399155833984375 0.9435565078125 0.40449825 0.978098953125 0.41599353515625 0.986718021484375 0.425242236328125 0.97976469921875 0.430268666015625 0.991297634765625 0.4371453046875 1 0.45306878125 1
7 0.47823212890625 0.953565068359375 0.465718267578125 0.934925267578125 0.45400059375 0.9094902734375 0.44199891796875 0.888098423828125 0.432063380859375 0.884084021484375 0.42703580859375 0.895171794921875 0.406976171875 0.874757005859375 0.384108375 0.861046513671875 0.383163359375 0.87407615625 0.409905287109375 0.894200236328125 0.431720052734375 0.916080666015625 0.452599578125 0.942560974609375 0.45851334765625 0.946396966796875 0.465915626953125 0.961503107421875 0.47655207421875 0.975152359375 0.482310080078125 0.9710324921875 0.47823212890625 0.953565068359375
2 0.531745373046875 0.886596859375 0.53016244140625 0.877619607421875 0.52612462109375 0.873702931640625 0.522291185546875 0.873056935546875 0.516046025390625 0.873496216796875 0.514000419921875 0.885098060546875 0.5170908515625 0.887858912109375 0.521489255859375 0.8917120078125 0.525053298828125 0.89505031640625 0.528052185546875 0.895183439453125 0.52877386328125 0.8950561875 0.53145465625 0.891276775390625 0.531745373046875 0.886596859375
7 0.532886173828125 1 0.530885912109375 0.96609459375 0.52996971875 0.939807099609375 0.53029803125 0.920574572265625 0.528106291015625 0.9123646953125 0.527605623046875 0.903196611328125 0.527266365234375 0.901272587890625 0.526313248046875 0.889538533203125 0.524504091796875 0.879278294921875 0.5203745625 0.87273298046875 0.51523315234375 0.87099473828125 0.50894498828125 0.87541023046875 0.50732445703125 0.88098559375 0.507464544921875 0.8902172578125 0.50877824609375 0.901887734375 0.509795857421875 0.907658888671875 0.513182892578125 0.91631896875 0.51598260546875 0.923759734375 0.518512927734375 0.933892810546875 0.520930732421875 0.94338476171875 0.52256793359375 0.9695441796875 0.522820388671875 1 0.532886173828125 1
4 0.858943927734375 0.234041572265625 0.860638767578125 0.241475951171875 0.8627204296875 0.247477880859375 0.868562693359375 0.260352203125 0.868269259765625 0.256970048828125 0.868837884765625 0.25823080859375 0.870089033203125 0.261084419921875 0.870708435546875 0.260857939453125 0.86982878125 0.25441747265625 0.868511439453125 0.24259438671875 0.867473703125 0.231631181640625 0.86646236328125 0.225895587890625 0.864940234375 0.221615244140625 0.862169794921875 0.2182366640625 0.860851220703125 0.218014103515625 0.858781 0.218606669921875 0.8577273984375 0.220612693359375 0.857806693359375 0.224688625 0.857280953125 0.227510755859375 0.858943927734375 0.234041572265625
4 0.870089033203125 0.261084419921875 0.86950658984375 0.261297388671875 0.869079041015625 0.26149005859375 0.870461818359375 0.264537216796875 0.877784361328125 0.28212452734375 0.88464258203125 0.3007047734375 0.891631654296875 0.318578416015625 0.89576346484375 0.329677705078125 0.9045848515625 0.34995862890625 0.912157412109375 0.37114141015625 0.91859215625 0.391798033203125 0.919812005859375 0.391697646484375 0.91938415625 0.389271189453125 0.917876310546875 0.383623142578125 0.914605478515625 0.3730546328125 0.91136651171875 0.363389685546875 0.907506912109375 0.353834171875 0.9036085625 0.34405890234375 0.899962455078125 0.334628400390625 0.897027212890625 0.327411796875 0.892678662109375 0.31726084765625 0.88902856640625 0.307441802734375 0.886154072265625 0.298395181640625 0.881890740234375 0.28800167578125 0.870089033203125 0.261084419921875
4 0.781231818359375 0.2783227578125 0.781606931640625 0.280450125 0.78244673828125 0.288713162109375 0.7832362421875 0.29552116015625 0.783939068359375 0.304174091796875 0.784767337890625 0.313535447265625 0.78648024609375 0.34541209765625 0.785810681640625 0.352112568359375 0.785977828125 0.361224755859375 0.78624334765625 0.36739460546875 0.786907248046875 0.37349326953125 0.787971595703125 0.40402225 0.788142189453125 0.418984755859375 0.789700001953125 0.44065080859375 0.790141109375 0.448983205078125 0.78980805078125 0.455258599609375 0.78871255859375 0.4583767578125 0.785247205078125 0.45971927734375 0.7838475859375 0.454115140625 0.78409483203125 0.4496835859375 0.785999806640625 0.445325470703125 0.78724416796875 0.44071809765625 0.7861958828125 0.43943997265625 0.7854841015625 0.43773676953125 0.784924802734375 0.440395580078125 0.7833563359375 0.444328619140625 0.782111970703125 0.448935994140625 0.782314435546875 0.45475121875 0.783451982421875 0.460035822265625 0.785285810546875 0.462271720703125 0.78733121484375 0.46337402734375 0.790546546875 0.460613568359375 0.792013703125 0.4537724609375 0.791909103515625 0.445014984375 0.790291681640625 0.42884462890625 0.789933962890625 0.412817892578125 0.789051748046875 0.39615309765625 0.788228984375 0.3739916953125 0.78749908984375 0.361688 0.788028734375 0.349527015625 0.78620211328125 0.315841708984375 0.7860826875 0.3023331484375 0.784402720703125 0.285808078125 0.782839404296875 0.276942072265625 0.78361416015625 0.2681207421875 0.781231818359375 0.2783227578125
1 0.80377727734375 0 0.807950802734375 0.00471241015625 0.813190375 0.011101484375 0.82030321484375 0.0222806328125 0.823399681640625 0.030510560546875 0.828068064453125 0.040657765625 0.83075358984375 0.05005737890625 0.83251643359375 0.058888203125 0.833642091796875 0.06527212890625 0.833645380859375 0.07112153515625 0.832838833984375 0.078211900390625 0.830425056640625 0.08668194921875 0.828882953125 0.094267755859375 0.828514099609375 0.1048151953125 0.8302556953125 0.09621921484375 0.8332055078125 0.087288908203125 0.83486030078125 0.0815119375 0.8354793671875 0.073358345703125 0.835699224609375 0.065274203125 0.834233771484375 0.053465947265625 0.83144693359375 0.041158267578125 0.823208595703125 0.02359610546875 0.815122578125 0.01039504296875 0.80582744140625 0 0.80377727734375 0
8 0.183393228515625 0.224530220703125 0.18199897265625 0.225909017578125 0.181933146484375 0.226567490234375 0.181862064453125 0.22771203515625 0.18198998828125 0.229469298828125 0.182228369140625 0.231853005859375 0.18329382421875 0.233768384765625 0.1843867734375 0.2358396953125 0.186506154296875 0.238054388671875 0.1876029921875 0.23705240625 0.18901455078125 0.236803509765625 0.189123640625 0.2348427421875 0.188874744140625 0.23343118359375 0.188757337890625 0.2307017734375 0.1870953515625 0.226950982421875 0.18525166796875 0.223717380859375 0.183398484375 0.224044146484375 0.183393228515625 0.224530220703125
3 0.3269502265625 0.6685314453125 0.3272269375 0.67010075390625 0.327469080078125 0.671474015625 0.328801533203125 0.673868833984375 0.3303675234375 0.675008662109375 0.33156811328125 0.67601077734375 0.33322971875 0.675110416015625 0.3349260546875 0.674407015625 0.33440719921875 0.671464447265625 0.333695787109375 0.669364412109375 0.332376314453125 0.6657534921875 0.330602912109375 0.663437365234375 0.327167580078125 0.662019775390625 0.326831857421875 0.66592255078125 0.3269502265625 0.6685314453125
4 0.447170244140625 1 0.444506583984375 0.99649400390625 0.437632015625 0.98718805078125 0.429700537109375 0.9738196484375 0.42605559765625 0.96798900390625 0.42256916015625 0.961119685546875 0.418702146484375 0.952092 0.416636693359375 0.946184994140625 0.414288119140625 0.9393171875 0.411725046875 0.931880763671875 0.41078936328125 0.9233469296875 0.410240830078125 0.91636387109375 0.410299841796875 0.910891787109375 0.411751841796875 0.90557837109375 0.41312171875 0.90108895703125 0.41423647265625 0.8964423828125 0.413062009765625 0.893008978515625 0.411881326171875 0.89018216796875 0.410542462890625 0.88839585546875 0.408928408203125 0.888276166015625 0.40730778125 0.888764072265625 0.406171953125 0.89199840625 0.40485619921875 0.89486017578125 0.4055150078125 0.901823791015625 0.406172298828125 0.905551470703125 0.407618583984375 0.91439862109375 0.408444501953125 0.922951810546875 0.40941307421875 0.928444849609375 0.409600580078125 0.93144584375 0.409808154296875 0.9326230546875 0.410598560546875 0.93194376171875 0.41062175390625 0.9320753046875 0.4124535078125 0.939236388671875 0.415050796875 0.946869861328125 0.41877296484375 0.955720943359375 0.42458690234375 0.968045830078125 0.426693494140625 0.9735412890625 0.431573431640625 0.980569185546875 0.436805435546875 0.9889518984375 0.44085034375 0.995116306640625 0.444855388671875 1 0.447170244140625 1
4 0.410544841796875 0.905184763671875 0.4110535703125 0.9022631484375 0.411982337890625 0.897851513671875 0.4117401953125 0.896478251953125 0.41102826953125 0.89437830859375 0.4102212421875 0.89431846484375 0.408979673828125 0.8937288046875 0.408166076171875 0.8942765546875 0.40770541015625 0.896178029296875 0.406471771484375 0.898215798828125 0.4065345 0.899216404296875 0.40654967578125 0.901237060546875 0.40727610546875 0.90535683984375 0.40782952734375 0.908495458984375 0.408512326171875 0.913512181640625 0.40881108203125 0.912772396484375 0.40934796875 0.910655337890625 0.40946465625 0.91002738671875 0.409531759765625 0.907183642578125 0.410544841796875 0.905184763671875
4 0.469912533203125 0.951357697265625 0.465743724609375 0.945688990234375 0.4726520625 0.9574523515625 0.47150846875 0.95831214453125 0.46918409765625 0.952472419921875 0.4572540625 0.935170076171875 0.44427194140625 0.921343037109375 0.4303017265625 0.905058580078125 0.413257314453125 0.88602733203125 0.4032715625 0.876605234375 0.38788252734375 0.870108439453125 0.387569060546875 0.871480005859375 0.38915183203125 0.874160701171875 0.395859490234375 0.877583109375 0.401849923828125 0.881131041015625 0.410386498046875 0.88653353515625 0.4210125078125 0.897487166015625 0.431447625 0.909460734375 0.4460126796875 0.925969380859375 0.45167894921875 0.931877986328125 0.45659276171875 0.935615755859375 0.45874830859375 0.94049802734375 0.46474171875 0.94930873046875 0.46770634765625 0.95667998828125 0.470523193359375 0.96111658203125 0.471602630859375 0.966188603515625 0.474922974609375 0.96823478515625 0.477300642578125 0.969130892578125 0.477980681640625 0.9614460546875 0.47542067578125 0.955319744140625 0.469912533203125 0.951357697265625
8 0.52756239453125 0.93000867578125 0.52760515625 0.92605507421875 0.526356892578125 0.920025603515625 0.523317763671875 0.919574263671875 0.521882611328125 0.919827318359375 0.521009533203125 0.923271060546875 0.5224264609375 0.930257072265625 0.52394226171875 0.93360772265625 0.526094990234375 0.933228138671875 0.52756239453125 0.93000867578125