7 0.7214858359375 0.112954400390625 0.721042201171875 0.0981442421875 0.71714367578125 0.087939580078125 0.7087809765625 0.08317618359375 0.705325572265625 0.087781765625 0.700400982421875 0.109530083984375 0.704487513671875 0.130527095703125 0.705161685546875 0.137184146484375 0.703457365234375 0.14083646875 0.704769265625 0.146715662109375 0.7062431953125 0.15121736328125 0.705223220703125 0.1567899765625 0.6896541484375 0.245832890625 0.67184946484375 0.291941384765625 0.665252876953125 0.327494369140625 0.678413953125 0.294959970703125 0.69669462890625 0.249452939453125 0.705906076171875 0.206734158203125 0.7119141796875 0.150995080078125 0.71578709765625 0.14902890625 0.716122212890625 0.1415360859375 0.7144863984375 0.1384127890625 0.713696958984375 0.13583229296875 0.7214858359375 0.112954400390625
7 0.719995923828125 0.613035974609375 0.721813294921875 0.607480501953125 0.720728583984375 0.6026162265625 0.72071523046875 0.6000215546875 0.734079833984375 0.588229205078125 0.73759133984375 0.589874212890625 0.74849422265625 0.589171080078125 0.75497215625 0.584275208984375 0.75901150390625 0.578089380859375 0.759383369140625 0.568517998046875 0.75730005078125 0.559336416015625 0.754987046875 0.55466762109375 0.750304525390625 0.550932849609375 0.73897461328125 0.560363005859375 0.73361779296875 0.56852181640625 0.731039853515625 0.57666985546875 0.711217546875 0.593023009765625 0.704846482421875 0.627512806640625 0.70662490234375 0.686048794921875 0.71709944921875 0.734676494140625 0.721902021484375 0.76301108984375 0.722979880859375 0.779395115234375 0.721857662109375 0.78260087890625 0.726549126953125 0.784727412109375 0.72946341796875 0.77300309765625 0.724267408203125 0.7441720859375 0.7177364609375 0.704921625 0.713210892578125 0.670388681640625 0.713358794921875 0.643508677734375 0.71526856640625 0.618300498046875 0.719995923828125 0.613035974609375
7 0.213102537109375 0.53639259375 0.211463453125 0.526043814453125 0.201934326171875 0.512967017578125 0.157798845703125 0.36614425390625 0.1529673671875 0.366246693359375 0.152321212890625 0.37629369140625 0.195248693359375 0.506070568359375 0.19067901953125 0.50546875390625 0.1870874765625 0.5086887578125 0.188101064453125 0.51979939453125 0.189694587890625 0.527503294921875 0.201984654296875 0.536826974609375 0.20750169921875 0.555179685546875 0.211958712890625 0.559777958984375 0.219643939453125 0.561212833984375 0.22133510546875 0.5483482265625 0.213102537109375 0.53639259375
7 0.0755692578125 0.389343416015625 0.07818003515625 0.373628560546875 0.07581584765625 0.3587016640625 0.073394611328125 0.34945079296875 0.068875404296875 0.345065802734375 0.06301575390625 0.344293314453125 0.061657419921875 0.355843376953125 0.06770835546875 0.390022228515625 0.065456759765625 0.40397962890625 0.06334090234375 0.416783068359375 0.0632353828125 0.42416733984375 0.064986580078125 0.435223962890625 0.066475169921875 0.444622548828125 0.0656767890625 0.530464484375 0.066134033203125 0.537053708984375 0.068398037109375 0.537261357421875 0.069961560546875 0.53304635546875 0.0743272734375 0.447913427734375 0.082070619140625 0.44045284375 0.083096228515625 0.418754892578125 0.080285224609375 0.405032162109375 0.07755328125 0.39583050390625 0.0755692578125 0.389343416015625
2 0.2550927109375 0.37183869140625 0.262838501953125 0.3745848671875 0.2693703125 0.3760786796875 0.276487994140625 0.36845001171875 0.278181255859375 0.35734657421875 0.27532440234375 0.344436390625 0.270728767578125 0.33721829296875 0.260488705078125 0.336672732421875 0.254716244140625 0.350227814453125 0.250701240234375 0.36206084375 0.2550927109375 0.37183869140625
7 0.058531521484375 0.08230353515625 0.05195491796875 0.1010426796875 0.039865123046875 0.131128419921875 0.03410923046875 0.1627402578125 0.03606786328125 0.19818599609375 0.051447326171875 0.22861680859375 0.062507955078125 0.242034142578125 0.068249806640625 0.22956762109375 0.0537522734375 0.209832376953125 0.0451108125 0.189891470703125 0.045133216796875 0.154131966796875 0.052105923828125 0.13533008203125 0.060543298828125 0.132188171875 0.07272484375 0.124479314453125 0.07691885546875 0.1086458828125 0.076698412109375 0.09315070703125 0.066028435546875 0.0821998515625 0.058531521484375 0.08230353515625
2 0.733752849609375 0.429116791015625 0.73622380859375 0.45036780859375 0.74312810546875 0.462323826171875 0.752801708984375 0.47123881640625 0.758133412109375 0.47458765234375 0.761420890625 0.464836658203125 0.760031791015625 0.450416236328125 0.761364068359375 0.43397391015625 0.75873090625 0.4184774453125 0.75042738671875 0.396558396484375 0.740071349609375 0.389923603515625 0.7364963828125 0.405766796875 0.733752849609375 0.429116791015625
2 0.76308971484375 0.686653755859375 0.76783014453125 0.6849476640625 0.7689018671875 0.6736389296875 0.769794578125 0.664585970703125 0.767473646484375 0.654450181640625 0.761078572265625 0.64909859375 0.756300935546875 0.656219765625 0.75447653515625 0.669558271484375 0.756618458984375 0.6819498359375 0.76308971484375 0.686653755859375
2 0.489143767578125 0.189588646484375 0.492221181640625 0.202033599609375 0.498841380859375 0.2125421640625 0.500498123046875 0.213373787109375 0.503658220703125 0.208375306640625 0.507431001953125 0.20524753125 0.50494179296875 0.1955208828125 0.502453099609375 0.18579415234375 0.498734267578125 0.174293572265625 0.49410859375 0.17502620703125 0.489319501953125 0.17972115234375 0.489143767578125 0.189588646484375
2 0.520822623046875 0.203970228515625 0.523322474609375 0.198795080078125 0.523459228515625 0.186683837890625 0.517467056640625 0.1777932421875 0.5071835 0.177735494140625 0.50571072265625 0.18640221875 0.510117353515625 0.195263634765625 0.5152085625 0.20345320703125 0.520822623046875 0.203970228515625
7 0.706309306640625 0.848072576171875 0.713781328125 0.868560564453125 0.7200096796875 0.88747559375 0.718281337890625 0.917381751953125 0.709585998046875 0.948832921875 0.70275003515625 0.97318264453125 0.71174880078125 0.971757380859375 0.7180048828125 0.964305486328125 0.725883134765625 0.94182873828125 0.7268809609375 0.9292876875 0.7378895625 0.932851099609375 0.74595247265625 0.92095911328125 0.73975790625 0.88655926953125 0.7284627265625 0.856062796875 0.7178369375 0.83607525390625 0.71015617578125 0.83154227734375 0.706309306640625 0.848072576171875
7 0.697644349609375 0.849887455078125 0.689280861328125 0.841040576171875 0.681193587890625 0.848070962890625 0.676810287109375 0.872204716796875 0.67401183203125 0.90006887890625 0.66824826953125 0.921767271484375 0.670079326171875 0.939610697265625 0.67686492578125 0.941631482421875 0.682478123046875 0.925262974609375 0.684559037109375 0.908569890625 0.68890173828125 0.9030175546875 0.70002257421875 0.87118222265625 0.713525267578125 0.84339167578125 0.73225849609375 0.8156576640625 0.727122931640625 0.8036455625 0.709964705078125 0.82405411328125 0.697644349609375 0.849887455078125
2 0.59442176953125 0.86686628515625 0.59584778515625 0.875869794921875 0.597646294921875 0.88020009375 0.601411490234375 0.882900818359375 0.60213528125 0.882786181640625 0.604927443359375 0.88168396875 0.60721046484375 0.877367197265625 0.61011479296875 0.87229204296875 0.6121380078125 0.8686754609375 0.60642666015625 0.8583716875 0.600378728515625 0.8599895625 0.596964458984375 0.861848408203125 0.59442176953125 0.86686628515625
7 0.623075529296875 0.897929248046875 0.623458587890625 0.88863826953125 0.622541853515625 0.882850234375 0.619984447265625 0.871387884765625 0.617111365234375 0.86261356640625 0.613763962890625 0.857869548828125 0.60638084375 0.855741845703125 0.6020854609375 0.859059265625 0.600311861328125 0.86659242578125 0.60194167578125 0.876882673828125 0.604860720703125 0.888287748046875 0.60516634765625 0.890217396484375 0.607677791015625 0.8990489921875 0.6082783359375 0.90752514453125 0.61485026171875 0.92560296875 0.622542353515625 0.95075656640625 0.631949755859375 0.984396306640625 0.642079220703125 0.98279195703125 0.631530232421875 0.95131014453125 0.6245615625 0.926042908203125 0.623757365234375 0.916280931640625 0.62285082421875 0.90587612890625 0.623075529296875 0.897929248046875
4 0.07036616796875 0.3882016328125 0.071631248046875 0.394577599609375 0.072290640625 0.3945900859375 0.072544580078125 0.391484607421875 0.07267176171875 0.39010741015625 0.0734954375 0.39340083203125 0.074827935546875 0.379325865234375 0.0748421484375 0.37297320703125 0.07402425390625 0.365392078125 0.07347040234375 0.358675658203125 0.0720545078125 0.3561784453125 0.070802490234375 0.35229876171875 0.06915319140625 0.350745046875 0.06700283984375 0.35085876171875 0.0658285625 0.351498484375 0.064309017578125 0.3555949609375 0.064263359375 0.360137662109375 0.0651744453125 0.36589003125 0.06776251953125 0.37659380078125 0.07036616796875 0.3882016328125
4 0.067001587890625 0.52601073828125 0.06741471484375 0.531841978515625 0.06780015234375 0.534275533203125 0.0689862265625 0.533973306640625 0.068345255859375 0.512347138671875 0.06860881640625 0.489853041015625 0.07034677734375 0.467805087890625 0.07063990625 0.45596531640625 0.071429115234375 0.436790037109375 0.071864552734375 0.41698925 0.07306228515625 0.397976134765625 0.07337766796875 0.394644802734375 0.072910685546875 0.39460182421875 0.072290640625 0.3945900859375 0.06989530859375 0.423883109375 0.06924804296875 0.4350983671875 0.069475447265625 0.4445879609375 0.06922098046875 0.455060404296875 0.068414173828125 0.466074064453125 0.067988341796875 0.473853119140625 0.06761115234375 0.483956888671875 0.067107705078125 0.494468767578125 0.066569353515625 0.50476024609375 0.06665344921875 0.51495313671875 0.067001587890625 0.52601073828125
4 0.2023578984375 0.527231001953125 0.206093150390625 0.543046955078125 0.208845404296875 0.551361365234375 0.212459873046875 0.557352099609375 0.21639875 0.55891535546875 0.21797383984375 0.5572071875 0.218979822265625 0.55449606640625 0.218334896484375 0.54912902734375 0.216633076171875 0.54356470703125 0.2139564921875 0.539613474609375 0.211193005859375 0.53640535546875 0.209798552734375 0.5340734921875 0.209680060546875 0.5359156328125 0.20910500390625 0.537465412109375 0.2117815859375 0.541416646484375 0.21500163671875 0.544917125 0.216678185546875 0.549026748046875 0.21717934765625 0.554781234375 0.2134657109375 0.55464006640625 0.211414728515625 0.552048447265625 0.209056748046875 0.54622337890625 0.20676105859375 0.53820133203125 0.20118022265625 0.51720850390625 0.196470208984375 0.50300563671875 0.187537302734375 0.4737933984375 0.18617950390625 0.467810853515625 0.1844218515625 0.461890701171875 0.181613251953125 0.45322054296875 0.17879870703125 0.447103111328125 0.170040271484375 0.416405478515625 0.16777565625 0.407284484375 0.16562307421875 0.39887416015625 0.164153095703125 0.392180033203125 0.162256966796875 0.384093763671875 0.161919041015625 0.381960173828125 0.156345041015625 0.37308959375 0.15994953125 0.38117808984375 0.161357876953125 0.39007002734375 0.16514947265625 0.406241732421875 0.169434509765625 0.419053208984375 0.17867426953125 0.451497982421875 0.183134287109375 0.462823982421875 0.1864498515625 0.474694986328125 0.19288695703125 0.495916869140625 0.197478333984375 0.511960962890625 0.2023578984375 0.527231001953125
1 0.041368783203125 0.16137765234375 0.041617146484375 0.1525879921875 0.04470289453125 0.13970218359375 0.0475769296875 0.131955357421875 0.05113856640625 0.123369337890625 0.0550184375 0.112910478515625 0.057081314453125 0.110396638671875 0.058549146484375 0.1054243203125 0.060848494140625 0.099226279296875 0.06126575 0.091502955078125 0.062747619140625 0.093091625 0.063829787109375 0.0947436015625 0.06750640234375 0.0985364453125 0.069751693359375 0.10365001171875 0.070033275390625 0.1054278515625 0.06954563671875 0.106234435546875 0.06831441796875 0.10752346484375 0.059988564453125 0.113217314453125 0.05538178125 0.1164996796875 0.055576458984375 0.1190206328125 0.056483126953125 0.12215816796875 0.0583148203125 0.12077496875 0.058633421875 0.1189011328125 0.061352314453125 0.11664712890625 0.07042174609375 0.110470833984375 0.07228451171875 0.107988689453125 0.07237721875 0.104691931640625 0.071613798828125 0.101167033203125 0.070394330078125 0.09734969140625 0.066235876953125 0.0918097890625 0.0629031328125 0.087597806640625 0.060333294921875 0.0869108046875 0.05975294921875 0.091014146484375 0.05965958203125 0.094310072265625 0.058791564453125 0.099187388671875 0.056867166015625 0.103867345703125 0.053331169921875 0.11390706640625 0.049050564453125 0.124429396484375 0.042645966796875 0.13966329296875 0.03929833203125 0.154777693359375 0.03722651171875 0.17406518359375 0.0385984921875 0.186609630859375 0.041057271484375 0.19825166015625 0.04389708984375 0.2058237890625 0.04713698046875 0.21333161328125 0.0505824140625 0.21825509765625 0.05627894140625 0.22573850390625 0.060724228515625 0.233299154296875 0.056941560546875 0.223446443359375 0.053013775390625 0.216775982421875 0.04797392578125 0.2095532421875 0.044902923828125 0.20311175390625 0.043001654296875 0.197579962890625 0.04198758203125 0.19117736328125 0.04077934765625 0.18225373046875 0.04025834765625 0.172491900390625 0.041368783203125 0.16137765234375
8 0.712775037109375 0.1451636171875 0.713158857421875 0.143005712890625 0.712608193359375 0.140674263671875 0.712157037109375 0.138971091796875 0.711717201171875 0.13791204296875 0.711440583984375 0.137310876953125 0.709673396484375 0.136461125 0.70951017578125 0.136003244140625 0.707651572265625 0.1362976171875 0.706961091796875 0.13995529296875 0.70661079296875 0.14404282421875 0.707388390625 0.146661755859375 0.70761261328125 0.148077443359375 0.708354123046875 0.14989587109375 0.709769810546875 0.1496716484375 0.71113310546875 0.150261947265625 0.712415984375 0.14747791015625 0.712775037109375 0.1451636171875
3 0.718477486328125 0.608659443359375 0.71895766796875 0.60596129296875 0.718739529296875 0.604584015625 0.718490248046875 0.6030101171875 0.717752794921875 0.600504822265625 0.716164744140625 0.5969239765625 0.71337809375 0.599382767578125 0.7124553671875 0.602150072265625 0.7123833828125 0.605993841796875 0.712394431640625 0.608211078125 0.712861853515625 0.61116225390625 0.714694775390625 0.61127505859375 0.716558982421875 0.61158540234375 0.717367904296875 0.610247009765625 0.718477486328125 0.608659443359375
4 0.712520236328125 0.837472318359375 0.7110330859375 0.838110970703125 0.71034873046875 0.840235853515625 0.710152693359375 0.843293048828125 0.7101600234375 0.846921763671875 0.7127268203125 0.8509522578125 0.71548367578125 0.85475109375 0.718586447265625 0.859302302734375 0.720423779296875 0.864457046875 0.72217859375 0.871238244140625 0.72407223046875 0.879611771484375 0.724069861328125 0.887477501953125 0.7240851796875 0.89473576171875 0.724055388671875 0.900993390625 0.723338181640625 0.910788212890625 0.722278123046875 0.918418353515625 0.720730037109375 0.92511801171875 0.717583001953125 0.940340322265625 0.71411269140625 0.9513774140625 0.710819501953125 0.961378677734375 0.707403525390625 0.970488169921875 0.7093270625 0.971296287109375 0.710139705078125 0.96854641796875 0.712271935546875 0.961955794921875 0.714179904296875 0.95681251953125 0.717121201171875 0.948884421875 0.718938802734375 0.94173896484375 0.721156615234375 0.932109580078125 0.723482625 0.923875822265625 0.723685302734375 0.917993921875 0.725169896484375 0.904447681640625 0.725807646484375 0.894866998046875 0.72577821484375 0.886803814453125 0.725178751953125 0.879436515625 0.72515785546875 0.879304587890625 0.72612635546875 0.879689541015625 0.725939357421875 0.87850888671875 0.72513962109375 0.875610345703125 0.724267064453125 0.870101240234375 0.72226333984375 0.8617451484375 0.720750478515625 0.85290913671875 0.720158345703125 0.849170552734375 0.718514130859375 0.842371837890625 0.716338359375 0.840094349609375 0.714211416015625 0.837406017578125 0.712520236328125 0.837472318359375
4 0.71624919921875 0.8445455078125 0.715194572265625 0.84289760546875 0.71424696875 0.842644580078125 0.713265017578125 0.843606328125 0.712521443359375 0.843925654296875 0.712531978515625 0.846142970703125 0.7127501171875 0.847520248046875 0.715064572265625 0.851389154296875 0.71649676953125 0.85398596875 0.718105427734375 0.855546119140625 0.71909470703125 0.8582130859375 0.71940948046875 0.8587688359375 0.72060636328125 0.860595759765625 0.72112969140625 0.861197974609375 0.720142005859375 0.8562322734375 0.719643443359375 0.853084474609375 0.718989025390625 0.84895264453125 0.718345513671875 0.84703713671875 0.71807905859375 0.846070623046875 0.71624919921875 0.8445455078125
4 0.686294169921875 0.892616861328125 0.689728078125 0.88518541015625 0.698124919921875 0.864834259765625 0.704093302734375 0.8501156875 0.710574240234375 0.836299333984375 0.716886849609375 0.828411939453125 0.721395822265625 0.823107009765625 0.726623810546875 0.817687259765625 0.7272476015625 0.8146373125 0.726504673828125 0.813442525390625 0.71406920703125 0.824595544921875 0.70769502734375 0.836755357421875 0.697775185546875 0.860298873046875 0.6898677890625 0.880244388671875 0.68209459765625 0.89754467578125 0.676447619140625 0.91778840234375 0.676151111328125 0.9240667109375 0.674789900390625 0.923626078125 0.6774920859375 0.910254466796875 0.675395951171875 0.91697156640625 0.67147781640625 0.92251103125 0.671051814453125 0.92913702734375 0.674196744140625 0.93618178515625 0.676153126953125 0.93456040625 0.67862640234375 0.931544705078125 0.6779957421875 0.926397583984375 0.679214708984375 0.921285626953125 0.679617974609375 0.91335077734375 0.68241637109375 0.903068830078125 0.682864966796875 0.8977507734375 0.686294169921875 0.892616861328125
8 0.618531013671875 0.917778994140625 0.618873365234375 0.91411739453125 0.617938673828125 0.907050685546875 0.615991990234375 0.904078810546875 0.614552638671875 0.90430678125 0.611826029296875 0.905722974609375 0.61260877734375 0.91183034765625 0.613936375 0.91555462890625 0.61637198828125 0.918120951171875 0.618531013671875 0.917778994140625