7 0.768034375 0.187106482421875 0.7695375 0.179758333984375 0.768410416015625 0.176417591796875 0.768034375 0.17374537109375 0.77930625 0.152367591796875 0.781184896484375 0.13767037109375 0.778930728515625 0.126981482421875 0.771416146484375 0.120968517578125 0.7672828125 0.1249768515625 0.759016666015625 0.145687037109375 0.759768228515625 0.167064814453125 0.759392708984375 0.17374537109375 0.757138021484375 0.177086111328125 0.7575140625 0.1830981484375 0.758265625 0.187775 0.756386458984375 0.1931194453125 0.7270796875 0.2786305546875 0.70228125 0.321386111328125 0.690204166015625 0.3554694453125 0.708292708984375 0.3253944453125 0.7334671875 0.283307408203125 0.749247916015625 0.2425555546875 0.7639015625 0.188442591796875 0.768034375 0.187106482421875
7 0.682998958984375 0.736460185546875 0.68393125 0.7016444453125 0.688282291015625 0.675118517578125 0.694111978515625 0.6505194453125 0.6996046875 0.646059259765625 0.70226875 0.640856482421875 0.701958333984375 0.635882408203125 0.702351041015625 0.633317591796875 0.717395833984375 0.623761111328125 0.720606771484375 0.625935185546875 0.731485416015625 0.626946296875 0.738649478515625 0.62312407421875 0.743606771484375 0.617646296875 0.745471353515625 0.60825092578125 0.74485 0.598856482421875 0.743295833984375 0.593883333984375 0.739255208984375 0.589462037109375 0.726589583984375 0.597003703125 0.720022396484375 0.60422407421875 0.7162015625 0.611868517578125 0.694065103515625 0.6249194453125 0.682377083984375 0.657987962890625 0.6749765625 0.716081482421875 0.677715103515625 0.76574907421875 0.678026041015625 0.794486111328125 0.676527603515625 0.810837037109375 0.674917708984375 0.81382777734375 0.67921875 0.816662037109375 0.68393125 0.805537962890625 0.683309375 0.77624907421875 0.682998958984375 0.736460185546875
7 0.202470833984375 0.508743517578125 0.206153646484375 0.513982408203125 0.213519791015625 0.5166018515625 0.217202603515625 0.504160185546875 0.210941666015625 0.491063888671875 0.210941666015625 0.480586111328125 0.203575521484375 0.46617962890625 0.1829515625 0.314260185546875 0.178163541015625 0.3136055546875 0.175953646484375 0.32342777734375 0.198051041015625 0.45832222265625 0.193631771484375 0.457012962890625 0.189580728515625 0.459631482421875 0.18884375 0.470763888671875 0.1892125 0.47862222265625 0.199892708984375 0.489753703125 0.202470833984375 0.508743517578125
7 0.09653125 0.375807408203125 0.100938541015625 0.354537037109375 0.100308853515625 0.340543517578125 0.09905 0.33102777734375 0.098105208984375 0.324310185546875 0.1031421875 0.30919722265625 0.1031421875 0.294084259765625 0.102197916015625 0.284568517578125 0.0984203125 0.2795305546875 0.092753646484375 0.27785092578125 0.089605208984375 0.289046296875 0.090234896484375 0.32375092578125 0.085827603515625 0.337184259765625 0.081734896484375 0.34949907421875 0.080475521484375 0.35677592578125 0.080475521484375 0.36797037109375 0.080475521484375 0.377486111328125 0.066258333984375 0.462146296875 0.065679166015625 0.46872592578125 0.0678828125 0.469285185546875 0.070086458984375 0.465366666015625 0.087716146484375 0.381964814453125 0.09653125 0.375807408203125
2 0.299016146484375 0.303356482421875 0.2889875 0.301215740234375 0.281165625 0.31370092578125 0.275348958984375 0.324760185546875 0.278156771484375 0.33510462890625 0.285377603515625 0.339028703125 0.2915953125 0.34152592578125 0.29981875 0.33510462890625 0.303228125 0.32440277734375 0.302426041015625 0.31120462890625 0.299016146484375 0.303356482421875
7 0.1367296875 0.062262037109375 0.143348958984375 0.04727962890625 0.145555208984375 0.031940740234375 0.1367296875 0.0194555546875 0.129308853515625 0.018385185546875 0.119881771484375 0.035864814453125 0.103234375 0.063688888671875 0.092604166015625 0.094011111328125 0.08899375 0.1293268515625 0.0994234375 0.161788888671875 0.108248958984375 0.176771296875 0.1158703125 0.165356482421875 0.104638541015625 0.143596296875 0.099222916015625 0.12254907421875 0.1048390625 0.087233333984375 0.1146671875 0.069753703125 0.1234921875 0.06797037109375 0.1367296875 0.062262037109375
2 0.7682984375 0.4599555546875 0.763526041015625 0.437007408203125 0.754335416015625 0.428834259765625 0.748326041015625 0.4439231484375 0.741963541015625 0.466556482421875 0.7410796875 0.487932408203125 0.746028646484375 0.500821296875 0.754188541015625 0.511139814453125 0.758930728515625 0.515281482421875 0.763703125 0.506164814453125 0.764586978515625 0.49170462890625 0.768475 0.4756731484375 0.7682984375 0.4599555546875
2 0.734540103515625 0.68810462890625 0.728707291015625 0.694390740234375 0.72481875 0.70727962890625 0.724995833984375 0.719853703125 0.7306515625 0.725512037109375 0.735600521484375 0.724568517578125 0.738428125 0.713566666015625 0.740726041015625 0.704764814453125 0.740019271484375 0.694390740234375 0.734540103515625 0.68810462890625
2 0.551575521484375 0.190046296875 0.5497015625 0.1781055546875 0.545018228515625 0.1781055546875 0.539553646484375 0.181993517578125 0.537836458984375 0.191712037109375 0.538929166015625 0.204485185546875 0.543823958984375 0.2159 0.545330208984375 0.2169805546875 0.549233333984375 0.212537962890625 0.553448958984375 0.210038888671875 0.552511978515625 0.200042591796875 0.551575521484375 0.190046296875
2 0.557508333984375 0.1828268515625 0.554697916015625 0.191156482421875 0.5576640625 0.2005981484375 0.561411458984375 0.209483333984375 0.566875521484375 0.21087222265625 0.570154166015625 0.2061518515625 0.572183853515625 0.194211111328125 0.56765625 0.184492591796875 0.557508333984375 0.1828268515625
7 0.676334896484375 0.919306482421875 0.669949478515625 0.887418517578125 0.66258125 0.866014814453125 0.655704166015625 0.860336111328125 0.64931875 0.876061111328125 0.65349375 0.897465740234375 0.656686458984375 0.91712222265625 0.650301041015625 0.946389814453125 0.636792708984375 0.976093517578125 0.626231771484375 0.99907407421875 0.635342708984375 0.99907407421875 0.6426875 0.992692591796875 0.653984896484375 0.971725 0.656932291015625 0.9594944453125 0.667247916015625 0.964736111328125 0.677071875 0.9542518515625 0.676334896484375 0.919306482421875
7 0.657178125 0.872566666015625 0.680019271484375 0.84810462890625 0.676826041015625 0.835437037109375 0.656686458984375 0.852910185546875 0.6404765625 0.8764981484375 0.6336 0.8664518515625 0.6245125 0.8721305546875 0.6164078125 0.895281482421875 0.609284896484375 0.922364814453125 0.600197916015625 0.9428944453125 0.599215103515625 0.96080462890625 0.605601041015625 0.963862037109375 0.613705728515625 0.9485731484375 0.618372396484375 0.932411111328125 0.623530208984375 0.927606482421875 0.639494271484375 0.89790277734375 0.657178125 0.872566666015625
2 0.553083853515625 0.881678703125 0.5490546875 0.870608333984375 0.542828125 0.871260185546875 0.539165103515625 0.872562037109375 0.53586875 0.87712037109375 0.53586875 0.886236111328125 0.536967708984375 0.8907944453125 0.5402640625 0.89405092578125 0.540996875 0.89405092578125 0.543927083984375 0.89339907421875 0.546857291015625 0.889492591796875 0.550519791015625 0.884934259765625 0.553083853515625 0.881678703125
7 0.559310416015625 0.96632962890625 0.556380208984375 0.940283333984375 0.557113021484375 0.930515740234375 0.5578453125 0.92009722265625 0.559310416015625 0.912283333984375 0.5611421875 0.903166666015625 0.5611421875 0.897306482421875 0.560409375 0.885585185546875 0.558944271484375 0.8764694453125 0.556380208984375 0.871260185546875 0.549420833984375 0.868003703125 0.544659375 0.870608333984375 0.541729166015625 0.877771296875 0.541729166015625 0.888189814453125 0.542828125 0.899911111328125 0.542828125 0.901864814453125 0.543927083984375 0.9109805546875 0.543194271484375 0.919446296875 0.546857291015625 0.93832962890625 0.550519791015625 0.9643768515625 0.554548958984375 0.99907407421875 0.5648046875 0.99907407421875 0.559310416015625 0.96632962890625
4 0.092263021484375 0.289215740234375 0.091507291015625 0.29369537109375 0.091507291015625 0.2995194453125 0.0923890625 0.310496296875 0.093144791015625 0.322368517578125 0.093396875 0.328863888671875 0.0940461953125 0.32897937109375 0.0947828125 0.3259518515625 0.095123869140625 0.324611505859375 0.09542219921875 0.327993232421875 0.098940103515625 0.3143 0.099947916015625 0.30802777734375 0.100326041015625 0.300412037109375 0.1008296875 0.293691666015625 0.099821875 0.291003703125 0.0991921875 0.28697592578125 0.09780625 0.285183333984375 0.095664583984375 0.284959259765625 0.0944046875 0.285407408203125 0.092263021484375 0.289215740234375
4 0.075444271484375 0.416513888671875 0.073302603515625 0.426817591796875 0.0711609375 0.4368981484375 0.069649478515625 0.446978703125 0.068263541015625 0.45795462890625 0.067759375 0.463778703125 0.067759375 0.466242591796875 0.068978125 0.46612962890625 0.071728125 0.4446694453125 0.075507291015625 0.422493517578125 0.080672916015625 0.400988888671875 0.082814583984375 0.389340740234375 0.08659375 0.370525 0.090121353515625 0.351036111328125 0.094278646484375 0.3324444453125 0.09511128125 0.329203462890625 0.094656771484375 0.329087962890625 0.0940461953125 0.32897937109375 0.087097916015625 0.357537037109375 0.084704166015625 0.368512962890625 0.083444271484375 0.377921296875 0.0815546875 0.388225 0.079034896484375 0.3989768515625 0.077397396484375 0.406593517578125 0.075444271484375 0.416513888671875
4 0.192851041015625 0.413712962890625 0.19426875 0.425956482421875 0.197306771484375 0.44792407421875 0.199331771484375 0.464488888671875 0.2017625 0.480334259765625 0.202977603515625 0.496539814453125 0.2043953125 0.505182408203125 0.207028125 0.511664814453125 0.210673958984375 0.513825 0.212496875 0.512384259765625 0.213914583984375 0.509863888671875 0.2141171875 0.504462037109375 0.213306771484375 0.4987 0.21128125 0.494378703125 0.209053646484375 0.49077777734375 0.208041146484375 0.488256482421875 0.2076359375 0.490057408203125 0.206825521484375 0.4914981484375 0.208851041015625 0.4958194453125 0.211483853515625 0.4997805546875 0.212496875 0.5041018515625 0.212091666015625 0.509863888671875 0.208445833984375 0.509143517578125 0.206825521484375 0.506262962890625 0.2054078125 0.500140740234375 0.2043953125 0.491858333984375 0.2021671875 0.47025092578125 0.199736978515625 0.455486111328125 0.195483853515625 0.425236111328125 0.195078646484375 0.419114814453125 0.19426875 0.412992591796875 0.192851041015625 0.403989814453125 0.191028125 0.397507408203125 0.1871796875 0.365817591796875 0.186369791015625 0.35645462890625 0.185559375 0.347811111328125 0.1851546875 0.3409694453125 0.184546875 0.332686111328125 0.184546875 0.33052592578125 0.180429166015625 0.320892591796875 0.182723958984375 0.32944537109375 0.182723958984375 0.3384481484375 0.1839390625 0.355013888671875 0.1861671875 0.368337962890625 0.190217708984375 0.401828703125 0.192851041015625 0.413712962890625
1 0.095936978515625 0.129812962890625 0.095936978515625 0.1233305546875 0.096139583984375 0.11432777734375 0.097152083984375 0.10460462890625 0.0999875 0.09380092578125 0.1016078125 0.085158333984375 0.106671353515625 0.072913888671875 0.110721875 0.065712037109375 0.1155828125 0.057788888671875 0.121051041015625 0.048065740234375 0.123481771484375 0.0459055546875 0.125709375 0.04122407421875 0.12895 0.035462037109375 0.1305703125 0.02789907421875 0.131785416015625 0.0297 0.132595833984375 0.03150092578125 0.135633853515625 0.03582222265625 0.1370515625 0.04122407421875 0.1370515625 0.04302407421875 0.13644375 0.0437444453125 0.135026041015625 0.044825 0.125911978515625 0.049146296875 0.1208484375 0.051667591796875 0.120646353515625 0.054187962890625 0.121051041015625 0.057428703125 0.1230765625 0.05634907421875 0.123684375 0.0545481484375 0.126722396484375 0.05274722265625 0.136646353515625 0.048065740234375 0.138874478515625 0.0459055546875 0.139481771484375 0.042663888671875 0.139279166015625 0.039062962890625 0.138671875 0.0351018515625 0.13543125 0.02897962890625 0.1327984375 0.0242981484375 0.130367708984375 0.023217591796875 0.129152603515625 0.02717962890625 0.128544791015625 0.03042037109375 0.126924478515625 0.0351018515625 0.124291666015625 0.0394231484375 0.119228646484375 0.048786111328125 0.1133546875 0.058509259765625 0.104645833984375 0.072553703125 0.098975 0.086958333984375 0.093911458984375 0.105684259765625 0.093304166015625 0.118288888671875 0.093911458984375 0.13017222265625 0.095531771484375 0.13809537109375 0.097557291015625 0.146017591796875 0.100190103515625 0.1514194453125 0.104645833984375 0.1597018515625 0.107853646484375 0.167864814453125 0.105658853515625 0.157541666015625 0.102822916015625 0.150338888671875 0.098975 0.142416666015625 0.096949478515625 0.13557407421875 0.095936978515625 0.129812962890625
8 0.760557291015625 0.1868 0.761990625 0.1868 0.763244791015625 0.187596296875 0.764947396484375 0.18504722265625 0.7656640625 0.182817591796875 0.766380728515625 0.180746296875 0.7662015625 0.178357408203125 0.766022396484375 0.17660462890625 0.765753646484375 0.175489814453125 0.765574478515625 0.17485277734375 0.763961978515625 0.173737037109375 0.763872396484375 0.173259259765625 0.761990625 0.173259259765625 0.760736458984375 0.176763888671875 0.759751041015625 0.180746296875 0.760109375 0.18345462890625 0.760109375 0.184887962890625 0.760557291015625 0.1868
3 0.6928515625 0.643092591796875 0.694644271484375 0.643490740234375 0.696436978515625 0.644088888671875 0.6974453125 0.642893517578125 0.698789583984375 0.64149907421875 0.6996859375 0.638909259765625 0.6996859375 0.637514814453125 0.6996859375 0.635921296875 0.699349478515625 0.633331482421875 0.698341146484375 0.629546296875 0.695204166015625 0.631538888671875 0.693859896484375 0.63412777734375 0.6931875 0.637912962890625 0.6928515625 0.64010462890625 0.6928515625 0.643092591796875
4 0.662825521484375 0.879312037109375 0.662265103515625 0.872339814453125 0.660472396484375 0.86975 0.6587921875 0.866762037109375 0.657111458984375 0.866562962890625 0.655542708984375 0.866961111328125 0.654534375 0.86895277734375 0.6538625 0.871941666015625 0.653302083984375 0.8755268515625 0.655206771484375 0.879909259765625 0.657335416015625 0.884092591796875 0.659688021484375 0.8890731484375 0.660696353515625 0.8944518515625 0.66136875 0.90142407421875 0.661929166015625 0.909990740234375 0.660696353515625 0.917759259765625 0.659576041015625 0.9249305546875 0.658567708984375 0.931106482421875 0.656327083984375 0.940668517578125 0.654086458984375 0.948038888671875 0.651509375 0.954413888671875 0.646019791015625 0.968956482421875 0.640865625 0.979314814453125 0.6360484375 0.98867777734375 0.631249478515625 0.997140740234375 0.633022916015625 0.998239814453125 0.634255728515625 0.99565092578125 0.637392708984375 0.989475 0.640081771484375 0.984693517578125 0.644227083984375 0.9773231484375 0.647140103515625 0.97055 0.650836978515625 0.961386111328125 0.654422396484375 0.953617591796875 0.655542708984375 0.947839814453125 0.659128125 0.934692591796875 0.661256771484375 0.92532962890625 0.6624890625 0.917361111328125 0.663049478515625 0.909990740234375 0.663049478515625 0.90985716796875 0.663945833984375 0.910388888671875 0.663945833984375 0.909193517578125 0.663609375 0.9062055546875 0.663609375 0.90062777734375 0.6629375 0.892061111328125 0.662825521484375 0.88309722265625 0.662825521484375 0.879312037109375
4 0.6617046875 0.88309722265625 0.6617046875 0.878913888671875 0.66136875 0.876921296875 0.661256771484375 0.875925 0.659688021484375 0.874132408203125 0.658904166015625 0.872339814453125 0.6580078125 0.871941666015625 0.6568875 0.872737962890625 0.656103125 0.872937037109375 0.655766666015625 0.875128703125 0.655766666015625 0.8765231484375 0.657447396484375 0.880706482421875 0.658455728515625 0.88349537109375 0.659800521484375 0.885287962890625 0.660360416015625 0.8880768515625 0.660584375 0.888675 0.661480728515625 0.890666666015625 0.66190340625 0.891343333984375 0.6617046875 0.886284259765625 0.6617046875 0.88309722265625
4 0.6111046875 0.944134259765625 0.612744271484375 0.936360185546875 0.617116666015625 0.926642591796875 0.618391666015625 0.921460185546875 0.622581771484375 0.91692592578125 0.6271359375 0.9101231484375 0.638613021484375 0.891336111328125 0.646810416015625 0.877732408203125 0.655372916015625 0.8651 0.662841666015625 0.85829722265625 0.668125 0.853762962890625 0.674136458984375 0.84922777734375 0.6752296875 0.846312962890625 0.6746828125 0.845016666015625 0.660655728515625 0.854087037109375 0.6524578125 0.8651 0.638977083984375 0.8868018515625 0.628046875 0.905264814453125 0.617663021484375 0.921136111328125 0.60891875 0.94024722265625 0.60764375 0.9464018515625 0.606368228515625 0.945753703125 0.61112892578125 0.93296943359375 0.6080078125 0.93927592578125 0.603271353515625 0.944134259765625 0.6018140625 0.950612037109375 0.603818228515625 0.958062037109375 0.606004166015625 0.956766666015625 0.60891875 0.954175 0.609101041015625 0.948992591796875 0.6111046875 0.944134259765625
8 0.546980208984375 0.918221296875 0.546797916015625 0.92437592578125 0.5475265625 0.928262037109375 0.549530728515625 0.93117777734375 0.551716666015625 0.93117777734375 0.552627603515625 0.927614814453125 0.552809896484375 0.920488888671875 0.551352083984375 0.91724907421875 0.549894791015625 0.91724907421875 0.546980208984375 0.918221296875