7 0.13897830859375 0.6185856015625 0.130147419921875 0.625995373046875 0.108637447265625 0.659428197265625 0.095915470703125 0.69425196484375 0.08486275390625 0.73401151953125 0.078533947265625 0.76426149609375 0.074912490234375 0.78712648046875 0.066767310546875 0.8538084453125 0.06335237890625 0.8628775546875 0.058321787109375 0.886106208984375 0.061750984375 0.904268109375 0.06897334765625 0.907014150390625 0.074728140625 0.899116236328125 0.07732669140625 0.882709634765625 0.077622900390625 0.853774736328125 0.07773451171875 0.837262044921875 0.07919325390625 0.81973838671875 0.083690388671875 0.782811333984375 0.086703359375 0.755258259765625 0.095347134765625 0.7205901015625 0.10778758203125 0.67906384765625 0.120983517578125 0.65257423828125 0.133990892578125 0.6330117109375 0.13897830859375 0.6185856015625
5 0.3666288984375 0.969718248046875 0.371466849609375 0.9704057578125 0.38227308984375 0.970443916015625 0.39223034375 0.96851767578125 0.39652012109375 0.960087734375 0.397159052734375 0.95107955859375 0.39195989453125 0.94535126171875 0.384484607421875 0.94031336328125 0.37141728515625 0.938243701171875 0.36479720703125 0.94770607421875 0.362715572265625 0.9620908671875 0.3666288984375 0.969718248046875
5 0.3842737109375 0.9461063203125 0.385798146484375 0.93589875390625 0.38587015625 0.921613775390625 0.3846955546875 0.911617138671875 0.379285205078125 0.909709322265625 0.3746787734375 0.911432150390625 0.370297529296875 0.929365712890625 0.368074134765625 0.9409465859375 0.3675920078125 0.9495174296875 0.3723894921875 0.9566764296875 0.37917275 0.954983388671875 0.3842737109375 0.9461063203125
5 0.077194333984375 0.674781771484375 0.08324041015625 0.685347482421875 0.089800630859375 0.696552419921875 0.099819537109375 0.69644431640625 0.10669077734375 0.683132171875 0.1070279453125 0.67047913671875 0.100611408203125 0.664379908203125 0.092611783203125 0.662266359375 0.0824488203125 0.6572677578125 0.076850677734375 0.6610403125 0.077194333984375 0.674781771484375
5 0.853830865234375 0.710517232421875 0.84558290234375 0.699723708984375 0.83365573828125 0.70542437109375 0.8201107421875 0.719092259765625 0.8144571484375 0.7390695390625 0.824190646484375 0.7494664921875 0.83097746484375 0.7492758359375 0.842440455078125 0.73527912890625 0.853830865234375 0.710517232421875
5 0.898739546875 0.55057238671875 0.90701719921875 0.560659072265625 0.917103865234375 0.5534810078125 0.919636828125 0.533589763671875 0.9137964609375 0.5178565 0.90930105859375 0.507272025390625 0.8993573203125 0.501858162109375 0.88928862109375 0.51671693359375 0.890019740234375 0.535479900390625 0.898739546875 0.55057238671875
5 0.30468124609375 0.901815580078125 0.311213837890625 0.912079609375 0.317216466796875 0.916327408203125 0.323717814453125 0.912741966796875 0.327665759765625 0.899521798828125 0.3232367890625 0.88299773828125 0.316422966796875 0.862799818359375 0.3082041796875 0.86083811328125 0.29980301171875 0.869396845703125 0.29865756640625 0.888335078125 0.30468124609375 0.901815580078125
5 0.168167595703125 0.824813974609375 0.17309513671875 0.8335057109375 0.179016990234375 0.847629123046875 0.1836287109375 0.8536337421875 0.192096599609375 0.85167878515625 0.193614390625 0.8374146796875 0.1918197421875 0.82064881640625 0.187706595703125 0.806811875 0.18092453125 0.8004635078125 0.17983910546875 0.800291591796875 0.1725688125 0.806391404296875 0.168167595703125 0.824813974609375
5 0.129872234375 0.8418234140625 0.13064190625 0.8510106328125 0.139559138671875 0.853247017578125 0.14898972265625 0.842873271484375 0.15599015234375 0.8314555859375 0.161690646484375 0.816535876953125 0.159284888671875 0.8036283984375 0.15148412109375 0.80371189453125 0.14385167578125 0.809754345703125 0.135822341796875 0.822987125 0.129872234375 0.8418234140625
5 0.157533212890625 0.73742260546875 0.166113783203125 0.739440673828125 0.178108478515625 0.74331850390625 0.185740552734375 0.7372750546875 0.186591080078125 0.724883322265625 0.182488642578125 0.71566323046875 0.172496111328125 0.706169279296875 0.16329372265625 0.703392748046875 0.15835146484375 0.71118123828125 0.152447173828125 0.7273876875 0.157533212890625 0.73742260546875
5 0.19563509765625 0.48749116796875 0.203863640625 0.4823662265625 0.214776251953125 0.464975896484375 0.223712125 0.441338314453125 0.21665954296875 0.42967290625 0.20772767578125 0.432213416015625 0.201812673828125 0.443803013671875 0.1947313203125 0.465097228515625 0.190533904296875 0.48223305859375 0.19563509765625 0.48749116796875
5 0.26727140234375 0.51284676171875 0.2717359921875 0.522124212890625 0.27469633203125 0.529186294921875 0.2828489140625 0.5245443046875 0.290470794921875 0.513884087890625 0.285838169921875 0.4986458515625 0.27851506640625 0.48166340625 0.272807720703125 0.47087010546875 0.262403732421875 0.48504579296875 0.263158767578125 0.49900990234375 0.26727140234375 0.51284676171875
5 0.363715201171875 0.42840539453125 0.371729751953125 0.419950419921875 0.378006392578125 0.408418099609375 0.383946162109375 0.38496595703125 0.38148387890625 0.37007146875 0.37214441015625 0.375185453125 0.3631881484375 0.3895895 0.355948955078125 0.40953969921875 0.35700947265625 0.421575072265625 0.363715201171875 0.42840539453125
5 0.70527619140625 0.8243940625 0.71746996484375 0.827397830078125 0.722704203125 0.819110916015625 0.7263213671875 0.801986302734375 0.7198304609375 0.79345006640625 0.711187916015625 0.78135565234375 0.699673876953125 0.781677873046875 0.69201971484375 0.79762591796875 0.696347783203125 0.816008931640625 0.70527619140625 0.8243940625
5 0.632765705078125 0.705118556640625 0.64968821875 0.699218177734375 0.6584621171875 0.695244572265625 0.663687970703125 0.683201771484375 0.662053685546875 0.666855044921875 0.657925302734375 0.66244661328125 0.642511708984375 0.666441056640625 0.631648921875 0.675982361328125 0.625797927734375 0.69007107421875 0.62952058203125 0.70085001953125 0.632765705078125 0.705118556640625
5 0.663511607421875 0.587179958984375 0.672802720703125 0.570418716796875 0.6811570078125 0.54814584375 0.677177263671875 0.535181251953125 0.666997685546875 0.53088687109375 0.660263798828125 0.54483668359375 0.65421780859375 0.5658664609375 0.652109197265625 0.581084140625 0.654886962890625 0.592115607421875 0.663511607421875 0.587179958984375
5 0.768823296875 0.457456296875 0.771451806640625 0.467525716796875 0.777814169921875 0.474969130859375 0.7863564296875 0.48007571484375 0.793713166015625 0.48124090625 0.7976420078125 0.471673837890625 0.8004676640625 0.457642189453125 0.796662158203125 0.447386349609375 0.78749423828125 0.444325599609375 0.779759888671875 0.443636830078125 0.771317541015625 0.445517083984375 0.768823296875 0.457456296875
5 0.579968158203125 0.453696181640625 0.578766740234375 0.4669782421875 0.57879721484375 0.480456357421875 0.579076037109375 0.492369794921875 0.583333482421875 0.501946302734375 0.5880242265625 0.50309048046875 0.59356999609375 0.49883620703125 0.597295599609375 0.49012285546875 0.598001498046875 0.47996938671875 0.59667189453125 0.47013569140625 0.5933740234375 0.4567813046875 0.589986703125 0.448546318359375 0.583545517578125 0.445922126953125 0.579968158203125 0.453696181640625
5 0.6449056640625 0.4675098984375 0.640327205078125 0.477050013671875 0.640022853515625 0.486945529296875 0.64320692578125 0.494186478515625 0.64753589453125 0.49647612890625 0.653961841796875 0.492361263671875 0.66087849609375 0.4828708671875 0.666584962890625 0.471905404296875 0.670436814453125 0.4635336015625 0.672028357421875 0.455765640625 0.668976005859375 0.451112337890625 0.664728849609375 0.451722111328125 0.657648712890625 0.455412748046875 0.6500892890625 0.458706861328125 0.6449056640625 0.4675098984375
5 0.81556605859375 0.327299361328125 0.82060255078125 0.328427990234375 0.82693805859375 0.322919783203125 0.831997951171875 0.311358806640625 0.837875859375 0.2946297578125 0.8399528515625 0.27994798828125 0.83377653125 0.2719059375 0.8246217578125 0.277961330078125 0.81971301953125 0.294843876953125 0.815121306640625 0.314425921875 0.81556605859375 0.327299361328125
5 0.751709638671875 0.300850123046875 0.7502225625 0.316508421875 0.7558771875 0.323143201171875 0.7643428828125 0.32613960546875 0.770253162109375 0.331160248046875 0.778353771484375 0.333325416015625 0.7808984296875 0.3266646328125 0.78267193359375 0.315467171875 0.77756360546875 0.305386537109375 0.771417369140625 0.29558305859375 0.764831712890625 0.290125458984375 0.757571142578125 0.292065392578125 0.751709638671875 0.300850123046875
5 0.482486173828125 0.313152421875 0.48240344140625 0.33025185546875 0.48795426953125 0.33203848828125 0.495351888671875 0.32400609765625 0.4987338359375 0.31002130859375 0.5024275625 0.29038234765625 0.5063261796875 0.271294255859375 0.501427669921875 0.2617033984375 0.49281937109375 0.2644882734375 0.4867525078125 0.277010037109375 0.48386803125 0.295221912109375 0.482486173828125 0.313152421875
5 0.445028103515625 0.227360521484375 0.44988570703125 0.228000521484375 0.454125765625 0.225171576171875 0.457338748046875 0.20856792578125 0.46070397265625 0.18732073828125 0.459284228515625 0.1705017578125 0.452374673828125 0.169925810546875 0.446752486328125 0.181481166015625 0.4454070703125 0.19734376953125 0.44406975390625 0.21683753125 0.445028103515625 0.227360521484375
5 0.398845564453125 0.1469281328125 0.396726306640625 0.162149751953125 0.40095106640625 0.170467689453125 0.40557190625 0.1744403828125 0.412224953125 0.1692712109375 0.41674465234375 0.1554675625 0.42311533984375 0.133659552734375 0.424220826171875 0.119315146484375 0.418886404296875 0.1143210234375 0.413167396484375 0.1191197109375 0.40483232421875 0.134912103515625 0.398845564453125 0.1469281328125
5 0.47347368359375 0.13800565625 0.46927387109375 0.149786291015625 0.47679733203125 0.1612187890625 0.481739087890625 0.1631686328125 0.488427546875 0.155931390625 0.491605115234375 0.1413958125 0.495591421875 0.12543306640625 0.4981111796875 0.10768278125 0.493586005859375 0.101261572265625 0.485234728515625 0.10979164453125 0.48006546484375 0.1240108359375 0.47347368359375 0.13800565625
5 0.571070037109375 0.186651630859375 0.567804408203125 0.19806087109375 0.571780619140625 0.20426576171875 0.57928330859375 0.206620279296875 0.5886487265625 0.1972139921875 0.59297266796875 0.18649079296875 0.597821015625 0.174294453125 0.598160912109375 0.162939306640625 0.593431220703125 0.155968224609375 0.586253912109375 0.16260962109375 0.577297244140625 0.173117486328125 0.571070037109375 0.186651630859375
5 0.537225595703125 0.081726501953125 0.535222509765625 0.09437348828125 0.53367234765625 0.1096843046875 0.5353242890625 0.121354927734375 0.53678010546875 0.1361050078125 0.539633984375 0.140186890625 0.5485272734375 0.13744715625 0.55440596875 0.131636919921875 0.555964232421875 0.119957259765625 0.5542681171875 0.106724380859375 0.55220742578125 0.093952177734375 0.548767875 0.08251778125 0.544892267578125 0.07568103515625 0.537225595703125 0.081726501953125
7 0.738954912109375 1 0.748657267578125 0.990583837890625 0.772255904296875 0.95846991796875 0.7863981796875 0.92632164453125 0.80314059765625 0.877756708984375 0.809426224609375 0.86924070703125 0.816842376953125 0.853586826171875 0.823269322265625 0.831190560546875 0.82053908203125 0.814661814453125 0.810279708984375 0.814500275390625 0.80370633203125 0.8222394765625 0.797443619140625 0.841001880859375 0.796314267578125 0.862851625 0.788614072265625 0.89155225390625 0.776890853515625 0.9292059921875 0.751195248046875 0.971962720703125 0.7296426171875 0.99635253515625 0.71854483203125 1 0.738954912109375 1
7 0.70532036328125 1 0.69616925390625 0.9947098125 0.69440611328125 0.974675302734375 0.69541774609375 0.93971517578125 0.68624965234375 0.940457705078125 0.68475709765625 0.99143891796875 0.688120431640625 1 0.70532036328125 1
7 0.855886443359375 0.981227240234375 0.881440873046875 0.952349861328125 0.901088673828125 0.92180480078125 0.916497373046875 0.89205172265625 0.9284295546875 0.871260498046875 0.937738966796875 0.856637708984375 0.9498973984375 0.83441799609375 0.9503155 0.816193283203125 0.9410232265625 0.812525982421875 0.934336353515625 0.82097843359375 0.925264244140625 0.83929680859375 0.921183369140625 0.857028580078125 0.919187728515625 0.8646744140625 0.908357736328125 0.89149469140625 0.8916323125 0.92177044921875 0.867468337890625 0.957453765625 0.847961712890625 0.9741194765625 0.827630337890625 0.980410849609375 0.8238768984375 0.993718072265625 0.836657400390625 0.99354675390625 0.855886443359375 0.981227240234375
7 0.95006691015625 0.661447365234375 0.94231366796875 0.634595568359375 0.931369529296875 0.61272819140625 0.926481923828125 0.58510968359375 0.921664779296875 0.5678735390625 0.912441041015625 0.5676322890625 0.901854654296875 0.578158587890625 0.90093081640625 0.59265457421875 0.905978701171875 0.606266451171875 0.913995400390625 0.617574576171875 0.924850859375 0.62572869140625 0.93388165234375 0.64668179296875 0.944406091796875 0.673363150390625 0.948341548828125 0.7026617265625 0.947054712890625 0.747606359375 0.95342244140625 0.752885072265625 0.95535976953125 0.7428207109375 0.95578875390625 0.69896079296875 0.95006691015625 0.661447365234375
5 0.939129912109375 0.7508135390625 0.93625398828125 0.758563693359375 0.934895615234375 0.767140119140625 0.931625857421875 0.78361946875 0.93077975 0.7952075546875 0.933502513671875 0.800912990234375 0.943191599609375 0.800103921875 0.9447901328125 0.79625380859375 0.950591759765625 0.78252007421875 0.95226246875 0.7698907578125 0.953933177734375 0.757261443359375 0.950657544921875 0.7508815859375 0.946196080078125 0.7478303515625 0.939129912109375 0.7508135390625
5 0.9578052109375 0.743222091796875 0.960269091796875 0.735992595703125 0.961265203125 0.729703396484375 0.96010022265625 0.722486 0.956693828125 0.719015955078125 0.9511858125 0.720488177734375 0.948159888671875 0.722939443359375 0.945284109375 0.730688681640625 0.942086671875 0.7383879140625 0.93967323046875 0.74738315234375 0.936534751953125 0.760952767578125 0.935185556640625 0.7736330078125 0.93959775390625 0.774917748046875 0.942492400390625 0.77537621484375 0.945518326171875 0.772924951171875 0.949218333984375 0.764133484375 0.953692646484375 0.7525341328125 0.9578052109375 0.743222091796875