7 0.859728646484375 0.5512194453125 0.86365625 0.56925277734375 0.868075 0.578560185546875 0.872302603515625 0.626283333984375 0.883439583984375 0.69122222265625 0.890006771484375 0.714575 0.8902921875 0.706960185546875 0.8794421875 0.6333481484375 0.876015625 0.57395 0.876585416015625 0.5651805546875 0.876015625 0.548059259765625 0.873966666015625 0.525915740234375 0.866275 0.518062037109375 0.8608828125 0.52267592578125 0.858746353515625 0.534931482421875 0.859728646484375 0.5512194453125
7 0.514483333984375 0.491783333984375 0.4999 0.538214814453125 0.503291146484375 0.539421296875 0.517874478515625 0.49962222265625 0.535510416015625 0.41942222265625 0.5487375 0.353090740234375 0.555859375 0.296407408203125 0.559929166015625 0.286156482421875 0.567390625 0.273492591796875 0.569086458984375 0.249975 0.563320833984375 0.2403268515625 0.5555203125 0.239121296875 0.553146353515625 0.2487694453125 0.551111458984375 0.256608333984375 0.552427083984375 0.2699944453125 0.5490765625 0.28012592578125 0.551789583984375 0.28555277734375 0.551111458984375 0.293392591796875 0.5368671875 0.403140740234375 0.514483333984375 0.491783333984375
7 0.432069791015625 0.526614814453125 0.441227083984375 0.51877592578125 0.450044791015625 0.505510185546875 0.453097396484375 0.497067591796875 0.4571671875 0.485610185546875 0.498543228515625 0.419278703125 0.5382234375 0.377068517578125 0.562303125 0.361992591796875 0.569086458984375 0.36319907421875 0.5677296875 0.354153703125 0.557555208984375 0.356565740234375 0.534153646484375 0.371037962890625 0.505665103515625 0.39817407421875 0.473016146484375 0.443196296875 0.448086978515625 0.47835092578125 0.436139583984375 0.491037962890625 0.4276609375 0.501288888671875 0.425286978515625 0.50792222265625 0.424608853515625 0.516363888671875 0.42664375 0.519982408203125 0.432069791015625 0.526614814453125
7 0.75946875 0.488881482421875 0.764377083984375 0.50365 0.771550521484375 0.511034259765625 0.776458333984375 0.52647407421875 0.790805728515625 0.56607962890625 0.804019791015625 0.586889814453125 0.8202546875 0.609042591796875 0.841019791015625 0.63119537109375 0.862917708984375 0.641936111328125 0.891233853515625 0.63992222265625 0.903315625 0.6338805546875 0.903693228515625 0.623139814453125 0.886326041015625 0.63052407421875 0.8621625 0.62985277734375 0.840264583984375 0.619112037109375 0.821764583984375 0.5996444453125 0.806284896484375 0.5795055546875 0.7953359375 0.5613805546875 0.782877083984375 0.523788888671875 0.775703646484375 0.504992591796875 0.778478125 0.49459537109375 0.773438021484375 0.4767981484375 0.7696625 0.466728703125 0.763999478515625 0.460687037109375 0.758713541015625 0.46202962890625 0.7564484375 0.47277037109375 0.75946875 0.488881482421875
7 0.567845833984375 0.80110092578125 0.574504166015625 0.801556482421875 0.577833333984375 0.79700277734375 0.5783453125 0.787440740234375 0.577833333984375 0.778334259765625 0.5757765625 0.77087407421875 0.5680171875 0.76804537109375 0.559859896484375 0.767691666015625 0.551114583984375 0.766542591796875 0.52251875 0.7428194453125 0.521238021484375 0.745096296875 0.521238021484375 0.75192592578125 0.55110625 0.784663888671875 0.558370833984375 0.79654722265625 0.567845833984375 0.80110092578125
5 0.444661978515625 0.223362037109375 0.434952083984375 0.221636111328125 0.4236234375 0.216459259765625 0.417473958984375 0.223937037109375 0.422328646484375 0.233715740234375 0.426860416015625 0.24464537109375 0.436246353515625 0.25557407421875 0.446603646484375 0.2630518515625 0.4517828125 0.248096296875 0.450488021484375 0.233715740234375 0.444661978515625 0.223362037109375
5 0.443934375 0.232590740234375 0.445009896484375 0.2205768515625 0.4425515625 0.211021296875 0.4367140625 0.2033768515625 0.4299546875 0.19982777734375 0.419739583984375 0.19690092578125 0.414486458984375 0.2032231484375 0.4165890625 0.2132055546875 0.422580208984375 0.219485185546875 0.4290328125 0.22740277734375 0.437021353515625 0.234775 0.443934375 0.232590740234375
5 0.615596353515625 0.153136111328125 0.6119375 0.165735185546875 0.615367708984375 0.17589537109375 0.620627603515625 0.176708333984375 0.630003646484375 0.169392591796875 0.637092708984375 0.155575 0.638007291015625 0.1441944453125 0.629775 0.13850462890625 0.6215421875 0.140943517578125 0.615596353515625 0.153136111328125
5 0.645096875 0.1543555546875 0.655844791015625 0.14907222265625 0.659504166015625 0.13484722265625 0.655616146484375 0.12062222265625 0.649213021484375 0.11899722265625 0.641438021484375 0.123467591796875 0.635852083984375 0.126986111328125 0.630003646484375 0.134034259765625 0.626344791015625 0.14582037109375 0.627716666015625 0.156387037109375 0.634577083984375 0.155168517578125 0.645096875 0.1543555546875
5 0.5869140625 0.4140625 0.0205078125 0.0478515625
5 0.906105208984375 0.732042591796875 0.902644271484375 0.715231482421875 0.896645833984375 0.705390740234375 0.890416666015625 0.707440740234375 0.888571353515625 0.716871296875 0.8890328125 0.732042591796875 0.8922625 0.7476231484375 0.894283333984375 0.756959259765625 0.895261978515625 0.760743517578125 0.902413541015625 0.763203703125 0.909565625 0.760743517578125 0.909334896484375 0.7517231484375 0.906105208984375 0.732042591796875
5 0.917640625 0.67915 0.910488541015625 0.673409259765625 0.902875 0.67217962890625 0.896415103515625 0.672589814453125 0.8929546875 0.68037962890625 0.893877603515625 0.6894 0.900798958984375 0.6988305546875 0.907740625 0.7033018515625 0.9130265625 0.706211111328125 0.920640103515625 0.70990092578125 0.925484896484375 0.706621296875 0.9271 0.695140740234375 0.9250234375 0.684889814453125 0.917640625 0.67915
5 0.642578125 0.192708333984375 0.6474609375 0.208333333984375 0.65625 0.20659722265625 0.669921875 0.189236111328125 0.669921875 0.182291666015625 0.6669921875 0.177083333984375 0.6591796875 0.177083333984375 0.6474609375 0.18402777734375 0.642578125 0.192708333984375
5 0.556640625 0.217013888671875 0.5654296875 0.229166666015625 0.57421875 0.2274305546875 0.578125 0.223958333984375 0.578125 0.213541666015625 0.5751953125 0.204861111328125 0.5537109375 0.1875 0.546875 0.192708333984375 0.556640625 0.217013888671875
5 0.6142578125 0.71527777734375 0.59765625 0.751736111328125 0.5986328125 0.763888888671875 0.60546875 0.76215277734375 0.6142578125 0.75347222265625 0.62109375 0.7413194453125 0.623046875 0.734375 0.623046875 0.717013888671875 0.6201171875 0.7118055546875 0.6142578125 0.71527777734375
5 0.771484375 0.69965277734375 0.7763671875 0.708333333984375 0.783203125 0.70659722265625 0.78125 0.6788194453125 0.77734375 0.6649305546875 0.7705078125 0.65972222265625 0.765625 0.66840277734375 0.765625 0.6788194453125 0.771484375 0.69965277734375
5 0.7734375 0.76909722265625 0.7822265625 0.791666666015625 0.787109375 0.7899305546875 0.7890625 0.786458333984375 0.787109375 0.7586805546875 0.7802734375 0.7430555546875 0.7763671875 0.7430555546875 0.771484375 0.751736111328125 0.7734375 0.76909722265625
5 0.7109375 0.92534722265625 0.7109375 0.939236111328125 0.716796875 0.963541666015625 0.7216796875 0.97222222265625 0.734375 0.973958333984375 0.736328125 0.970486111328125 0.728515625 0.953125 0.724609375 0.935763888671875 0.7177734375 0.920138888671875 0.7138671875 0.920138888671875 0.7109375 0.92534722265625
5 0.890625 0.817708333984375 0.8876953125 0.8125 0.8828125 0.817708333984375 0.8857421875 0.822916666015625 0.888671875 0.8211805546875 0.890625 0.817708333984375
5 0.8564453125 0.80902777734375 0.8505859375 0.80902777734375 0.84765625 0.814236111328125 0.84765625 0.83159722265625 0.8525390625 0.84027777734375 0.87109375 0.838541666015625 0.87890625 0.828125 0.87890625 0.817708333984375 0.8759765625 0.8125 0.8603515625 0.80902777734375 0.8583984375 0.8055555546875 0.8564453125 0.80902777734375
5 0.626953125 0.501736111328125 0.6298828125 0.5069444453125 0.6337890625 0.510416666015625 0.640625 0.5086805546875 0.654296875 0.498263888671875 0.654296875 0.484375 0.6513671875 0.479166666015625 0.6376953125 0.482638888671875 0.626953125 0.494791666015625 0.626953125 0.501736111328125
5 0.7021484375 0.454861111328125 0.7138671875 0.4618055546875 0.72265625 0.4600694453125 0.724609375 0.44965277734375 0.7119140625 0.43402777734375 0.7001953125 0.4305555546875 0.697265625 0.435763888671875 0.697265625 0.4461805546875 0.7021484375 0.454861111328125
5 0.560546875 0.536458333984375 0.5732421875 0.55902777734375 0.5771484375 0.5625 0.580078125 0.560763888671875 0.583984375 0.557291666015625 0.583984375 0.54340277734375 0.5771484375 0.53125 0.5693359375 0.5243055546875 0.5615234375 0.5243055546875 0.560546875 0.536458333984375
5 0.447265625 0.609375 0.4599609375 0.635416666015625 0.4638671875 0.638888888671875 0.466796875 0.63715277734375 0.47265625 0.623263888671875 0.46875 0.609375 0.4599609375 0.59722222265625 0.4521484375 0.59375 0.447265625 0.6024305546875 0.447265625 0.609375
5 0.65234375 0.3524305546875 0.6552734375 0.357638888671875 0.6611328125 0.354166666015625 0.6748046875 0.3680555546875 0.6796875 0.3663194453125 0.68359375 0.359375 0.6806640625 0.34375 0.6708984375 0.3368055546875 0.6552734375 0.3368055546875 0.65234375 0.342013888671875 0.65234375 0.3524305546875
5 0.3603515625 0.142361111328125 0.3720703125 0.1493055546875 0.380859375 0.1475694453125 0.384765625 0.13715277734375 0.3798828125 0.125 0.3701171875 0.1180555546875 0.357421875 0.123263888671875 0.357421875 0.13715277734375 0.3603515625 0.142361111328125
5 0.3779296875 0.0868055546875 0.3837890625 0.09027777734375 0.396484375 0.088541666015625 0.3984375 0.0850694453125 0.3974609375 0.06597222265625 0.3740234375 0.0625 0.37109375 0.067708333984375 0.37109375 0.078125 0.3779296875 0.0868055546875
5 0.3173828125 0.677083333984375 0.3310546875 0.6875 0.33984375 0.685763888671875 0.34375 0.67534722265625 0.3388671875 0.6631944453125 0.3291015625 0.65625 0.314453125 0.657986111328125 0.314453125 0.671875 0.3173828125 0.677083333984375
5 0.26171875 0.595486111328125 0.2666015625 0.604166666015625 0.2744140625 0.611111111328125 0.287109375 0.609375 0.287109375 0.592013888671875 0.2841796875 0.5868055546875 0.2744140625 0.579861111328125 0.2646484375 0.579861111328125 0.26171875 0.5850694453125 0.26171875 0.595486111328125
5 0.263671875 0.8524305546875 0.2646484375 0.861111111328125 0.283203125 0.859375 0.29296875 0.848958333984375 0.29296875 0.838541666015625 0.2880859375 0.829861111328125 0.2841796875 0.829861111328125 0.2724609375 0.84027777734375 0.263671875 0.8524305546875
5 0.1884765625 0.94097222265625 0.205078125 0.939236111328125 0.2109375 0.935763888671875 0.2109375 0.92534722265625 0.2080078125 0.920138888671875 0.1884765625 0.916666666015625 0.18359375 0.92534722265625 0.1884765625 0.94097222265625
5 0.15234375 0.7100694453125 0.1630859375 0.729166666015625 0.169921875 0.7274305546875 0.171875 0.717013888671875 0.166015625 0.6961805546875 0.1611328125 0.6875 0.1513671875 0.69097222265625 0.150390625 0.703125 0.15234375 0.7100694453125
5 0.6767578125 0.107638888671875 0.681640625 0.10590277734375 0.681640625 0.092013888671875 0.67578125 0.0711805546875 0.6689453125 0.0625 0.6640625 0.0711805546875 0.66796875 0.092013888671875 0.6767578125 0.107638888671875
5 0.8876953125 0.138888888671875 0.89453125 0.13715277734375 0.90234375 0.119791666015625 0.904296875 0.109375 0.9033203125 0.09722222265625 0.8974609375 0.09722222265625 0.88671875 0.126736111328125 0.8876953125 0.138888888671875
7 0.1460984375 0.225096296875 0.1714796875 0.2393518515625 0.190516146484375 0.257171296875 0.204208333984375 0.2981555546875 0.219905208984375 0.33617037109375 0.232261978515625 0.337358333984375 0.2202390625 0.31835092578125 0.203874478515625 0.261328703125 0.178827083984375 0.22925462890625 0.157453125 0.2167805546875 0.124056771484375 0.200743517578125 0.093665625 0.186487962890625 0.0823109375 0.17520277734375 0.072626041015625 0.158571296875 0.060936978515625 0.152631482421875 0.052254166015625 0.159165740234375 0.049582291015625 0.174014814453125 0.054591666015625 0.187082408203125 0.065215625 0.193875 0.069954166015625 0.1995555546875 0.0796390625 0.19777407421875 0.096671353515625 0.20727777734375 0.117043228515625 0.21440462890625 0.1460984375 0.225096296875
7 0.144094791015625 0.3017194453125 0.1537796875 0.292215740234375 0.153445833984375 0.27380277734375 0.147768228515625 0.262516666015625 0.1294 0.260735185546875 0.120048958984375 0.264892591796875 0.078971353515625 0.243510185546875 0.0492484375 0.217968517578125 0.028208333984375 0.198962037109375 0 0.157383333984375 0.000501041015625 0.1753194453125 0.016519791015625 0.204307408203125 0.046910416015625 0.239946296875 0.075965625 0.263111111328125 0.119715103515625 0.2844944453125 0.133073958984375 0.296967591796875 0.144094791015625 0.3017194453125
5 0.157453125 0.295186111328125 0.1357453125 0.25954722265625 0.117043228515625 0.2393518515625 0.087988541015625 0.22272037109375 0.049916146484375 0.21440462890625 0.034219791015625 0.213811111328125 0.033218228515625 0.22925462890625 0.0592671875 0.232818517578125 0.076299478515625 0.23757037109375 0.0953359375 0.242915740234375 0.114038021484375 0.253013888671875 0.134409896484375 0.270238888671875 0.150773958984375 0.3058768515625 0.160125 0.311816666015625 0.157453125 0.295186111328125
2 0.154113541015625 0.2809305546875 0.160125 0.282118517578125 0.1608265625 0.269584259765625 0.161127083984375 0.255983333984375 0.158121353515625 0.247667591796875 0.147434375 0.251231482421875 0.143092708984375 0.260140740234375 0.148102083984375 0.2714268515625 0.154113541015625 0.2809305546875
7 0 0.513042591796875 0.024857291015625 0.533853703125 0.078626041015625 0.56592777734375 0.110686458984375 0.590875 0.1200375 0.601566666015625 0.1340640625 0.606318517578125 0.143415103515625 0.599190740234375 0.140409375 0.584341666015625 0.127384896484375 0.575431482421875 0.107013021484375 0.564146296875 0.05625 0.532665740234375 0 0.4970268515625 0 0.513042591796875
7 0.117366146484375 0.565334259765625 0.121039583984375 0.581371296875 0.119703646484375 0.640175 0.120371875 0.698384259765625 0.1267171875 0.75065462890625 0.139073958984375 0.7928268515625 0.163786978515625 0.826683333984375 0.1624515625 0.81242777734375 0.146755208984375 0.789856482421875 0.135066146484375 0.754218517578125 0.128053125 0.7037305546875 0.1263828125 0.641362962890625 0.12771875 0.607506482421875 0.129722916015625 0.57899537109375 0.134940625 0.56945277734375 0.137069791015625 0.540387037109375 0.137069791015625 0.522567591796875 0.128720833984375 0.516034259765625 0.119369791015625 0.518410185546875 0.116030208984375 0.5421694453125 0.117366146484375 0.565334259765625
2 0.029198958984375 0.7517981484375 0.018178125 0.772587962890625 0.020181771484375 0.79397037109375 0.039552083984375 0.8010981484375 0.044561458984375 0.792782408203125 0.048234896484375 0.774963888671875 0.046565103515625 0.757737962890625 0.038883853515625 0.750016666015625 0.029198958984375 0.7517981484375
7 0.163119271484375 0.797556482421875 0.173472396484375 0.796368517578125 0.178815625 0.78330092578125 0.179483853515625 0.7684518515625 0.172804166015625 0.761917591796875 0.1597796875 0.7589481484375 0.1520984375 0.76132407421875 0.145753125 0.767263888671875 0.128386978515625 0.759541666015625 0.098997916015625 0.758353703125 0.076288021484375 0.77082777734375 0.046565103515625 0.796962962890625 0.0348765625 0.823691666015625 0.028865103515625 0.85932962890625 0.032538541015625 0.88249537109375 0.037882291015625 0.878337037109375 0.03855 0.848638888671875 0.0425578125 0.824285185546875 0.054246353515625 0.803496296875 0.069942708984375 0.789835185546875 0.079411458984375 0.783962962890625 0.089980728515625 0.779737037109375 0.107346875 0.77379722265625 0.123711458984375 0.776767591796875 0.142413541015625 0.782707408203125 0.151764583984375 0.7951805546875 0.163119271484375 0.797556482421875
7 0.138405728515625 0.76607592578125 0.1470890625 0.77854907421875 0.165791146484375 0.831412962890625 0.185829166015625 0.877743517578125 0.211878125 0.9145694453125 0.239263541015625 0.934764814453125 0.239597396484375 0.919321296875 0.211878125 0.893187037109375 0.193510416015625 0.868239814453125 0.1701328125 0.818939814453125 0.155104166015625 0.77379722265625 0.1520984375 0.7666694453125 0.151641146484375 0.752788888671875 0.147756771484375 0.7322194453125 0.143415103515625 0.720933333984375 0.1343984375 0.720339814453125 0.12771875 0.731625 0.1330625 0.750038888671875 0.138405728515625 0.76607592578125
1 0.524569791015625 0.752817591796875 0.528761978515625 0.7561305546875 0.5520515625 0.778078703125 0.553448958984375 0.773937037109375 0.5387765625 0.760686111328125 0.528063021484375 0.7499194453125 0.5259671875 0.7499194453125 0.524569791015625 0.752817591796875
4 0.561520833984375 0.360662037109375 0.5667125 0.360662037109375 0.565328125 0.3569694453125 0.550099478515625 0.361892591796875 0.531755208984375 0.37420092578125 0.505450521484375 0.399432408203125 0.430689583984375 0.51389907421875 0.431381771484375 0.517591666015625 0.473261978515625 0.455435185546875 0.489875521484375 0.428357408203125 0.506142708984375 0.403740740234375 0.534178125 0.375431482421875 0.5511375 0.36620092578125 0.561520833984375 0.360662037109375
5 0.339447916015625 0.587261111328125 0.3372875 0.606484259765625 0.341695833984375 0.62465092578125 0.3537046875 0.654156482421875 0.361481771484375 0.631088888671875 0.357161458984375 0.59802592578125 0.349384375 0.584186111328125 0.339447916015625 0.587261111328125
7 0.34765625 0.72489537109375 0.357593228515625 0.63570277734375 0.349384375 0.552661111328125 0.328214583984375 0.521135185546875 0.302292708984375 0.481921296875 0.295380208984375 0.4680805546875 0.291491666015625 0.477307408203125 0.302292708984375 0.504988888671875 0.323894271484375 0.542664814453125 0.3364234375 0.558812037109375 0.342904166015625 0.58495462890625 0.345928125 0.624168517578125 0.344632291015625 0.659538888671875 0.338583853515625 0.68952592578125 0.327350521484375 0.72489537109375 0.3226796875 0.745086111328125 0.314821875 0.77487407421875 0.316981771484375 0.79409722265625 0.324758333984375 0.801017591796875 0.3329671875 0.794865740234375 0.339015625 0.7556518515625 0.34765625 0.72489537109375
5 0.111320833984375 0.842009259765625 0.102675 0.846743517578125 0.102009896484375 0.8479268515625 0.105667708984375 0.87692777734375 0.114646353515625 0.892907408203125 0.120299478515625 0.888763888671875 0.122294791015625 0.8751518515625 0.117639583984375 0.85207037109375 0.111320833984375 0.842009259765625