7 0.47976002734375 0.4294195234375 0.479688796875 0.416061939453125 0.47781237890625 0.40258623828125 0.474205513671875 0.389261001953125 0.465631125 0.38691140625 0.458955748046875 0.394315822265625 0.460232318359375 0.420864849609375 0.46448510546875 0.441572994140625 0.467107578125 0.455604306640625 0.47186316796875 0.504026869140625 0.474520638671875 0.55440919921875 0.474586779296875 0.5898791484375 0.474508359375 0.63327612109375 0.47283752734375 0.6686247734375 0.4638046328125 0.709696109375 0.44302125390625 0.742299158203125 0.4356081015625 0.757208470703125 0.449604337890625 0.749783513671875 0.46191643359375 0.735066478515625 0.46826876953125 0.72396968359375 0.474052123046875 0.70238348828125 0.47800075 0.6870643828125 0.48081240625 0.666416685546875 0.482740224609375 0.646829685546875 0.48341891796875 0.586240900390625 0.482273626953125 0.559817951171875 0.482595515625 0.522460705078125 0.47941944921875 0.496687591796875 0.47814287890625 0.470138564453125 0.476691857421875 0.44877261328125 0.477947626953125 0.442682583984375 0.47976002734375 0.4294195234375
7 0.129873978515625 1 0.130160984375 0.994906677734375 0.137717884765625 0.9683739375 0.1463724140625 0.949636306640625 0.156673328125 0.92659621875 0.163639958984375 0.9113997265625 0.173682765625 0.8963393515625 0.18153509375 0.882565525390625 0.179076990234375 0.86785526953125 0.171427302734375 0.866047509765625 0.16223711328125 0.879702302734375 0.153584375 0.897121796875 0.147176359375 0.913468423828125 0.134381701171875 0.94448769921875 0.12691534375 0.974254486328125 0.12196871484375 0.9996377578125 0.121946701171875 1 0.129873978515625 1
5 0.86654298046875 0.26397311328125 0.87308778125 0.270523919921875 0.881348109375 0.264353654296875 0.886013091796875 0.249418017578125 0.88671332421875 0.228683642578125 0.8837744921875 0.216647681640625 0.874125921875 0.21413925 0.868088865234375 0.22416653515625 0.86525388671875 0.2456472109375 0.86654298046875 0.26397311328125
5 0.81357316015625 0.35186028515625 0.82430271875 0.35594996484375 0.828814875 0.357231025390625 0.834207607421875 0.35061361328125 0.8344574375 0.33550564453125 0.828378525390625 0.3270969765625 0.818563708984375 0.32627983984375 0.807023416015625 0.327289484375 0.8031904296875 0.333771365234375 0.8059143515625 0.3469424140625 0.81357316015625 0.35186028515625
5 0.531786484375 0.801841185546875 0.54967183203125 0.803390119140625 0.55384179296875 0.78164300390625 0.54509621484375 0.772442443359375 0.528325673828125 0.762283953125 0.51773594140625 0.764041376953125 0.515181314453125 0.777551546875 0.518013779296875 0.793911380859375 0.531786484375 0.801841185546875
5 0.583705439453125 0.974819755859375 0.59456812109375 0.98026967578125 0.598522849609375 0.981155220703125 0.60361677734375 0.979231712890625 0.60687875 0.973776654296875 0.6073670859375 0.965117810546875 0.604640205078125 0.954524421875 0.592858263671875 0.94964661328125 0.582383654296875 0.951793630859375 0.576590046875 0.95205419921875 0.574437302734375 0.955935296875 0.574321103515625 0.967270037109375 0.583705439453125 0.974819755859375
7 0.654589482421875 0.98554930078125 0.65592806640625 0.95532503125 0.657865197265625 0.8888978671875 0.662740974609375 0.84924703125 0.655707458984375 0.823359681640625 0.645874939453125 0.81997970703125 0.641017970703125 0.832595470703125 0.64197839453125 0.860604458984375 0.645318154296875 0.87833455078125 0.647290337890625 0.894064185546875 0.6439193046875 0.9883891484375 0.654589482421875 0.98554930078125
7 0.673789076171875 0 0.6786491953125 0.012189169921875 0.694726810546875 0.04947609765625 0.7020292265625 0.071630435546875 0.705283125 0.095197630859375 0.71017401953125 0.1170322265625 0.719145791015625 0.1241988515625 0.726763201171875 0.119291275390625 0.72913519921875 0.10212198828125 0.721694787109375 0.07839033984375 0.71021171875 0.062963005859375 0.695448861328125 0.020260326171875 0.6853868046875 0 0.673789076171875 0
7 0.893402310546875 0.1163546953125 0.90714562890625 0.11674169140625 0.917878240234375 0.109972189453125 0.92125648046875 0.097485798828125 0.914348185546875 0.083248533203125 0.901623283203125 0.07747078125 0.886861388671875 0.082472693359375 0.874965388671875 0.086163357421875 0.833262705078125 0.089811869140625 0.801833185546875 0.105283154296875 0.785697677734375 0.12524690625 0.77281588671875 0.144925994140625 0.76628846875 0.1725109765625 0.763272943359375 0.206168541015625 0.7833992578125 0.265894470703125 0.78989935546875 0.258434748046875 0.783142431640625 0.235702892578125 0.775254123046875 0.1966389765625 0.775023267578125 0.170156470703125 0.7858936953125 0.14111241796875 0.806419302734375 0.120233859375 0.83050075 0.105936169921875 0.8551147578125 0.101131896484375 0.8857234921875 0.106935326171875 0.893402310546875 0.1163546953125
7 0.9052903671875 0.1772921328125 0.91508284375 0.163183123046875 0.920143478515625 0.1494890234375 0.922699552734375 0.134423732421875 0.919301541015625 0.126240603515625 0.90923886328125 0.120229935546875 0.895613953125 0.12460258203125 0.891874376953125 0.139771416015625 0.886636921875 0.15825098828125 0.874984193359375 0.178353271484375 0.842904591796875 0.227275169921875 0.822517681640625 0.273582849609375 0.8140469609375 0.313018408203125 0.8076527578125 0.35916333203125 0.7894550703125 0.4100504140625 0.796375697265625 0.414215869140625 0.80668104296875 0.388931671875 0.816526154296875 0.358387009765625 0.820803625 0.311897484375 0.83143663671875 0.273333265625 0.84887283203125 0.234173845703125 0.871954513671875 0.198229998046875 0.89432034375 0.17454147265625 0.9052903671875 0.1772921328125
6 0.863003060546875 0.259420796875 0.857175203125 0.230599609375 0.8547072578125 0.22251170703125 0.848450087890625 0.22252934375 0.8516648046875 0.2524612109375 0.845120189453125 0.307099712890625 0.832449927734375 0.380296423828125 0.81349738671875 0.47365535546875 0.8037246796875 0.508433892578125 0.812623966796875 0.511365720703125 0.84251312109375 0.386307044921875 0.85704259765625 0.307117154296875 0.863003060546875 0.259420796875
7 0.834410943359375 0.222167298828125 0.83167004296875 0.24144249609375 0.831487498046875 0.25687732421875 0.8213134140625 0.2768493125 0.80304280078125 0.323502564453125 0.785442982421875 0.381229306640625 0.780488681640625 0.433607640625 0.786180849609375 0.437350779296875 0.790655947265625 0.4067452109375 0.801736158203125 0.359661447265625 0.822070171875 0.30593663671875 0.83340074609375 0.28215212109375 0.84059726953125 0.2656212578125 0.849417328125 0.257428771484375 0.85522712109375 0.2420788203125 0.856935142578125 0.22072648046875 0.852077994140625 0.20949038671875 0.845840416015625 0.2063256875 0.839018166015625 0.210103177734375 0.834410943359375 0.222167298828125
7 0.358631841796875 0.33106151953125 0.369011998046875 0.31645680859375 0.376424134765625 0.302796779296875 0.374069490234375 0.280807212890625 0.363677244140625 0.27023476171875 0.349593625 0.281417748046875 0.341925529296875 0.30198841796875 0.335899591796875 0.321650470703125 0.304534169921875 0.366490890625 0.2741082109375 0.397472619140625 0.248825798828125 0.413461041015625 0.221520982421875 0.411257427734375 0.17720907421875 0.38681534375 0.17554849609375 0.40226794921875 0.198164974609375 0.414831638671875 0.23635546484375 0.428329482421875 0.269695556640625 0.420820125 0.299372125 0.39602726171875 0.324113544921875 0.36401296875 0.34678570703125 0.332943732421875 0.358631841796875 0.33106151953125
7 0.256652908203125 0.32092953125 0.281822919921875 0.35776208984375 0.296202109375 0.379466453125 0.313115029296875 0.405540689453125 0.33868377734375 0.44693083984375 0.3490284609375 0.44219919921875 0.330795759765625 0.41088207421875 0.293904458984375 0.348286017578125 0.268069884765625 0.303857474609375 0.1998401328125 0.247064828125 0.180402744140625 0.226568876953125 0.157359251953125 0.214042546875 0.144253150390625 0.216720005859375 0.142725568359375 0.23369273046875 0.153877505859375 0.24802438671875 0.184541884765625 0.25911902734375 0.22280865234375 0.283325044921875 0.256652908203125 0.32092953125
7 0.45825319921875 0.529790724609375 0.468313123046875 0.53656472265625 0.4807743828125 0.546189349609375 0.49000907421875 0.5484430703125 0.49689898046875 0.538656259765625 0.49533230859375 0.515830947265625 0.48303223828125 0.503130564453125 0.46249471875 0.49956901171875 0.445705638671875 0.499507041015625 0.406755890625 0.482249025390625 0.3666858515625 0.462028302734375 0.34475279296875 0.442515642578125 0.34374699609375 0.455616119140625 0.362197361328125 0.47466666796875 0.391751228515625 0.49274671484375 0.42909755078125 0.5162683125 0.45825319921875 0.529790724609375
7 0.274423728515625 0.629190765625 0.288421390625 0.6250150859375 0.296952861328125 0.614318779296875 0.29457037890625 0.596923193359375 0.287233734375 0.5868492890625 0.270521009765625 0.597496416015625 0.256636640625 0.6109568125 0.23174318359375 0.6215547109375 0.209080013671875 0.62812995703125 0.174448416015625 0.6258014765625 0.15466037109375 0.616051982421875 0.13486246484375 0.59635344921875 0.10440596875 0.563044119140625 0.106428453125 0.581237078125 0.1338283125 0.614047953125 0.172360904296875 0.64129236328125 0.2054167578125 0.645288599609375 0.244081474609375 0.6396101015625 0.274423728515625 0.629190765625
7 0.140172521484375 0.4160220234375 0.143104203125 0.3905073828125 0.13673529296875 0.361979841796875 0.126390609375 0.366711482421875 0.125261763671875 0.388241798828125 0.1279580703125 0.4239788984375 0.12869978125 0.4767260859375 0.143366095703125 0.590251125 0.160620681640625 0.6300728984375 0.182516908203125 0.678673529296875 0.199620603515625 0.731519123046875 0.20578939453125 0.7233262265625 0.194351828125 0.68605718359375 0.164815505859375 0.61899012109375 0.145500380859375 0.5556222265625 0.137649712890625 0.490485443359375 0.13628166015625 0.43549728125 0.140172521484375 0.4160220234375
7 0.235091919921875 0.60393840625 0.234655658203125 0.576141951171875 0.229150642578125 0.5574887265625 0.21922311328125 0.55223397265625 0.21233328515625 0.56202170703125 0.2116977890625 0.584272876953125 0.21766855859375 0.60824370703125 0.22356237109375 0.6215045625 0.2278904609375 0.646384056640625 0.22560484765625 0.69403774609375 0.212006455078125 0.76487860546875 0.1871617890625 0.82522173046875 0.165637677734375 0.854658771484375 0.141655326171875 0.8559920078125 0.144787201171875 0.867198728515625 0.163512466796875 0.864794603515625 0.191546953125 0.840911279296875 0.21109666015625 0.808585328125 0.228310578125 0.739724853515625 0.236622646484375 0.67240906640625 0.237304755859375 0.631018037109375 0.23532101171875 0.618180041015625 0.235091919921875 0.60393840625
7 0.066652435546875 0.559458876953125 0.09125500390625 0.5648741171875 0.11865224609375 0.58322928515625 0.148320609375 0.617372515625 0.163705076171875 0.62597644921875 0.1461940078125 0.593065365234375 0.1023939453125 0.55480107421875 0.0738652421875 0.543520513671875 0.05387726953125 0.53149180859375 0.03849280078125 0.522887875 0.019729837890625 0.5199369453125 0.019882474609375 0.541354216796875 0.030018755859375 0.558837310546875 0.0455262734375 0.55901140234375 0.066652435546875 0.559458876953125
2 0.249168296875 0.659441294921875 0.254575939453125 0.65060394921875 0.25464058203125 0.6401260390625 0.2519078515625 0.632728654296875 0.247052087890625 0.627699388671875 0.240450970703125 0.629367171875 0.236044 0.633680642578125 0.234683482421875 0.640563373046875 0.23517064453125 0.65033866796875 0.23771632421875 0.658406759765625 0.2426348515625 0.6599403984375 0.24970655859375 0.6608488125 0.249168296875 0.659441294921875
7 0.0705305859375 1 0.065923123046875 0.983060296875 0.06555798828125 0.941166962890625 0.077425416015625 0.893591423828125 0.090587181640625 0.8635113203125 0.123123203125 0.82046366015625 0.13213219921875 0.81296661328125 0.13833376953125 0.80571611328125 0.145018974609375 0.795908171875 0.144972140625 0.784592341796875 0.14020990625 0.773269869140625 0.132235068359375 0.771032333984375 0.122368513671875 0.784892224609375 0.11605264453125 0.804311955078125 0.105952087890625 0.818192318359375 0.080934603515625 0.85556680859375 0.06515775 0.8988723828125 0.0573869140625 0.9393815859375 0.0585879375 0.9908291640625 0.06137546484375 1 0.0705305859375 1
7 0.31179101953125 0.843696548828125 0.3218115390625 0.820200458984375 0.321688115234375 0.818753859375 0.319939451171875 0.804288255859375 0.315154083984375 0.796537873046875 0.310103982421875 0.799559890625 0.303433755859375 0.806162658203125 0.2984753515625 0.8268039140625 0.298035177734375 0.84662046484375 0.286359404296875 0.88160825 0.277647755859375 0.87592087890625 0.274234224609375 0.89212728125 0.267055087890625 0.923282650390625 0.269082626953125 0.95750096484375 0.275854484375 0.9603484453125 0.28179915625 0.94821936328125 0.286922623046875 0.9267039140625 0.2891060703125 0.9157636484375 0.291869208984375 0.89488411328125 0.30317757421875 0.861218564453125 0.31179101953125 0.843696548828125
1 0.299821125 0.861512216796875 0.303352494140625 0.8521744609375 0.300912208984375 0.846368755859375 0.2989193671875 0.845683353515625 0.28668944921875 0.879858939453125 0.2802477109375 0.875263072265625 0.275511966796875 0.879117337890625 0.273627107421875 0.89347048828125 0.274587826171875 0.912734134765625 0.27611246875 0.924639150390625 0.278829828125 0.930850955078125 0.28249532421875 0.925801158203125 0.2864412421875 0.90739740234375 0.292614482421875 0.884070603515625 0.299821125 0.861512216796875
7 0.0985310078125 0.690103544921875 0.106017544921875 0.702219376953125 0.111653603515625 0.7063968359375 0.118138478515625 0.72270852734375 0.127246755859375 0.754544166015625 0.137442259765625 0.78797258984375 0.149828810546875 0.8392139453125 0.152160556640625 0.87670616796875 0.151390560546875 0.92572183203125 0.155901166015625 0.9230769765625 0.1575934375 0.902674068359375 0.157151822265625 0.87233042578125 0.156612560546875 0.840870673828125 0.147427359375 0.804540375 0.138772322265625 0.767039044921875 0.129518013671875 0.733528279296875 0.120047447265625 0.701161080078125 0.117738470703125 0.685609625 0.110764599609375 0.66371467578125 0.1023760078125 0.65094534765625 0.09608125390625 0.654871875 0.0926095703125 0.65855141796875 0.090546751953125 0.671109548828125 0.0985310078125 0.690103544921875