7 0.134836978515625 0.78117592578125 0.140628125 0.738214814453125 0.149517708984375 0.709987037109375 0.1593046875 0.6886305546875 0.161973958984375 0.6736018515625 0.1544109375 0.6823018515625 0.138395833984375 0.718687962890625 0.131278125 0.7550731484375 0.12658125 0.79607222265625 0.1250625 0.826939814453125 0.1250625 0.850089814453125 0.127448958984375 0.917225 0.125494791015625 0.926716666015625 0.124159896484375 0.950446296875 0.130388021484375 0.9678481484375 0.137951041015625 0.9694305546875 0.142399478515625 0.96072962890625 0.142399478515625 0.944118517578125 0.138165625 0.915493517578125 0.135692708984375 0.899166666015625 0.1343921875 0.8816305546875 0.133057291015625 0.84445462890625 0.131722916015625 0.8167694453125 0.134836978515625 0.78117592578125
5 0.454786978515625 0.952962962890625 0.441556771484375 0.952962962890625 0.4364984375 0.9633444453125 0.436692708984375 0.97787777734375 0.441751041015625 0.98479907421875 0.446636978515625 0.984721296875 0.457316146484375 0.983068517578125 0.466849478515625 0.979608333984375 0.469767708984375 0.970611111328125 0.468989583984375 0.961613888671875 0.462958333984375 0.9567694453125 0.454786978515625 0.952962962890625
5 0.438677603515625 0.9561555546875 0.4395421875 0.964696296875 0.445400521484375 0.971016666015625 0.451835416015625 0.968283333984375 0.455484896484375 0.958717591796875 0.45539375 0.94839722265625 0.453230208984375 0.9342768515625 0.45050625 0.924587037109375 0.4448640625 0.92354907421875 0.440583853515625 0.925971296875 0.439061978515625 0.9443694453125 0.438677603515625 0.9561555546875
5 0.131243228515625 0.724834259765625 0.123011458984375 0.7239981484375 0.112191666015625 0.72065092578125 0.107252603515625 0.72525277734375 0.109741666015625 0.738771296875 0.117366146484375 0.748261111328125 0.1255984375 0.7583018515625 0.135477083984375 0.75662777734375 0.14018125 0.74240462890625 0.138534896484375 0.72985462890625 0.131243228515625 0.724834259765625
5 0.847984375 0.686934259765625 0.859224478515625 0.6956805546875 0.865897916015625 0.6944305546875 0.875030208984375 0.678812962890625 0.882406771484375 0.65257407421875 0.872571875 0.643203703125 0.861683333984375 0.6507 0.850443228515625 0.666318517578125 0.847984375 0.686934259765625
5 0.905399478515625 0.443153703125 0.89473125 0.439362037109375 0.8871109375 0.455612962890625 0.890768228515625 0.4740305546875 0.901741666015625 0.4875731484375 0.9114953125 0.496240740234375 0.920334896484375 0.4875731484375 0.919725 0.4675305546875 0.9114953125 0.45290462890625 0.905399478515625 0.443153703125
5 0.3754375 0.88705092578125 0.367013021484375 0.88639907421875 0.360054166015625 0.896166666015625 0.361885416015625 0.91505092578125 0.36994375 0.9274231484375 0.3780015625 0.936538888671875 0.384594791015625 0.93979537109375 0.390455208984375 0.935237037109375 0.392286458984375 0.921562037109375 0.385327083984375 0.905934259765625 0.3754375 0.88705092578125
5 0.239547396484375 0.851887962890625 0.231855728515625 0.846678703125 0.230756771484375 0.846678703125 0.224530208984375 0.853840740234375 0.223065103515625 0.872725 0.229291666015625 0.880538888671875 0.23735 0.893562037109375 0.242844271484375 0.898771296875 0.250902083984375 0.895515740234375 0.250169791015625 0.881189814453125 0.245774478515625 0.864911111328125 0.239547396484375 0.851887962890625
5 0.210977603515625 0.853189814453125 0.2032859375 0.854492591796875 0.196692708984375 0.86165462890625 0.190832291015625 0.8759805546875 0.187902083984375 0.895515740234375 0.190099478515625 0.9044694453125 0.199256771484375 0.905283333984375 0.2069484375 0.893562037109375 0.2120765625 0.881189814453125 0.215372916015625 0.865562037109375 0.210977603515625 0.853189814453125
5 0.208780208984375 0.754863888671875 0.199256771484375 0.753561111328125 0.19559375 0.7620268515625 0.192297396484375 0.778957408203125 0.198890625 0.7880731484375 0.20768125 0.78872407421875 0.220134896484375 0.79067777734375 0.226727603515625 0.783514814453125 0.225629166015625 0.771142591796875 0.220134896484375 0.76267777734375 0.208780208984375 0.754863888671875
5 0.200721875 0.4787694453125 0.196692708984375 0.491141666015625 0.1930296875 0.513281482421875 0.191564583984375 0.530862962890625 0.197425521484375 0.535258333984375 0.204751041015625 0.528909259765625 0.212808853515625 0.51002592578125 0.217936978515625 0.485281482421875 0.209146353515625 0.474862962890625 0.200721875 0.4787694453125
5 0.2783734375 0.516537037109375 0.271047916015625 0.5067694453125 0.262989583984375 0.5223981484375 0.265919791015625 0.53607222265625 0.272146353515625 0.54909537109375 0.278007291015625 0.557560185546875 0.2820359375 0.56407222265625 0.289361978515625 0.558212037109375 0.295222396484375 0.546490740234375 0.288263021484375 0.532164814453125 0.2783734375 0.516537037109375
5 0.354193228515625 0.3967231484375 0.347600521484375 0.41235092578125 0.343571353515625 0.433187962890625 0.3465015625 0.444909259765625 0.354193228515625 0.450606482421875 0.360786458984375 0.4410018515625 0.365181771484375 0.42862962890625 0.3673796875 0.404537037109375 0.362617708984375 0.390211111328125 0.354193228515625 0.3967231484375
5 0.7526015625 0.74485462890625 0.7412796875 0.74697407421875 0.736214583984375 0.7639231484375 0.743365103515625 0.78140277734375 0.7534953125 0.788287962890625 0.766008853515625 0.78934722265625 0.769882291015625 0.780343517578125 0.770776041015625 0.762863888671875 0.7630296875 0.7554481484375 0.7526015625 0.74485462890625
5 0.666794271484375 0.6420981484375 0.6575578125 0.653221296875 0.6539828125 0.6680518515625 0.659345833984375 0.678115740234375 0.66321875 0.68182407421875 0.679009896484375 0.67334907421875 0.687054166015625 0.6680518515625 0.690331771484375 0.655339814453125 0.686160416015625 0.63945 0.681393228515625 0.635741666015625 0.666794271484375 0.6420981484375
5 0.6653046875 0.519213888671875 0.662622916015625 0.5409305546875 0.662920833984375 0.556290740234375 0.667390103515625 0.5667518515625 0.675136458984375 0.56052777734375 0.681691146484375 0.5425194453125 0.686458333984375 0.519213888671875 0.680499478515625 0.507031482421875 0.6697734375 0.504382408203125 0.6653046875 0.519213888671875
5 0.784779166015625 0.40162592578125 0.7752453125 0.400037037109375 0.7674984375 0.400566666015625 0.759454166015625 0.4037444453125 0.758858333984375 0.4159268515625 0.7630296875 0.425461111328125 0.770478125 0.431817591796875 0.7797140625 0.435525 0.7871625 0.435525 0.789546353515625 0.425461111328125 0.7901421875 0.411160185546875 0.784779166015625 0.40162592578125
5 0.590809896484375 0.4553805546875 0.585463541015625 0.442706482421875 0.5808296875 0.43510277734375 0.574057291015625 0.433518517578125 0.571740103515625 0.441756482421875 0.57263125 0.455062962890625 0.574769791015625 0.46837037109375 0.576908853515625 0.480093517578125 0.582611978515625 0.488886111328125 0.587423958984375 0.489282408203125 0.5922359375 0.484212962890625 0.594552603515625 0.47502407421875 0.593661458984375 0.464885185546875 0.590809896484375 0.4553805546875
5 0.659247916015625 0.4252805546875 0.6551484375 0.42654722265625 0.6487328125 0.4313 0.641781771484375 0.435736111328125 0.6380390625 0.445241666015625 0.635009375 0.4553805546875 0.636256771484375 0.4652018515625 0.640534375 0.4718555546875 0.645168228515625 0.473439814453125 0.650871353515625 0.46837037109375 0.656218228515625 0.457914814453125 0.6601390625 0.446191666015625 0.662633853515625 0.43732037109375 0.662990625 0.42939907421875 0.659247916015625 0.4252805546875
5 0.793985416015625 0.2225 0.785890625 0.229912962890625 0.783683333984375 0.2473555546875 0.782211458984375 0.267414814453125 0.784664583984375 0.280060185546875 0.789815625 0.280387037109375 0.795211458984375 0.2739555546875 0.798400521484375 0.26174537109375 0.8015890625 0.24430277734375 0.80134375 0.2294768515625 0.793985416015625 0.2225
5 0.743702083984375 0.264362037109375 0.736097916015625 0.255640740234375 0.728739583984375 0.2512805546875 0.721871875 0.254332408203125 0.717456771484375 0.26392592578125 0.7184375 0.27962407421875 0.725060416015625 0.285292591796875 0.733890625 0.28692777734375 0.740513541015625 0.290962037109375 0.748853125 0.291833333984375 0.750324478515625 0.284856482421875 0.750324478515625 0.2735194453125 0.743702083984375 0.264362037109375
5 0.464132291015625 0.264413888671875 0.456065625 0.268511111328125 0.452032291015625 0.28182777734375 0.452032291015625 0.300266666015625 0.453472396484375 0.318192591796875 0.456065625 0.3350944453125 0.461827603515625 0.335990740234375 0.467877603515625 0.3269 0.469030208984375 0.312558333984375 0.46960625 0.292583333984375 0.470470833984375 0.27312037109375 0.464132291015625 0.264413888671875
5 0.401326041015625 0.181439814453125 0.397580728515625 0.193732408203125 0.398733333984375 0.209610185546875 0.400461978515625 0.2290731484375 0.4030546875 0.239316666015625 0.407952603515625 0.239188888671875 0.411697916015625 0.235731482421875 0.412273958984375 0.21882962890625 0.412273958984375 0.197317591796875 0.408240625 0.18092777734375 0.401326041015625 0.181439814453125
5 0.3656015625 0.135856482421875 0.3595515625 0.131758333984375 0.354653646484375 0.137392591796875 0.348891666015625 0.1542944453125 0.344858333984375 0.16709907421875 0.345146353515625 0.182464814453125 0.3506203125 0.1900194453125 0.355805728515625 0.19322037109375 0.361568228515625 0.18707407421875 0.363872916015625 0.172733333984375 0.366753646484375 0.15019722265625 0.3656015625 0.135856482421875
5 0.4367625 0.112808333984375 0.431288541015625 0.10717407421875 0.424374478515625 0.1169055546875 0.421493228515625 0.131758333984375 0.417171875 0.146612037109375 0.414866666015625 0.15890462890625 0.4240859375 0.1690194453125 0.429271875 0.17017222265625 0.434745833984375 0.16197777734375 0.435610416015625 0.14712407421875 0.437050521484375 0.130734259765625 0.4367625 0.112808333984375
5 0.544224478515625 0.151733333984375 0.5384625 0.145587962890625 0.5324125 0.15327037109375 0.525209896484375 0.16505 0.5211765625 0.179391666015625 0.5197359375 0.191171296875 0.524633853515625 0.19667777734375 0.5324125 0.19782962890625 0.540191146484375 0.18707407421875 0.542784375 0.175806482421875 0.545665103515625 0.1630018515625 0.544224478515625 0.151733333984375
5 0.492078125 0.1030768515625 0.488044791015625 0.090784259765625 0.482858853515625 0.080028703125 0.477961458984375 0.073882408203125 0.471334896484375 0.08105277734375 0.471334896484375 0.093857408203125 0.472198958984375 0.10922222265625 0.47565625 0.120490740234375 0.4794015625 0.134831482421875 0.482858853515625 0.138416666015625 0.4912140625 0.1343194453125 0.496111458984375 0.127661111328125 0.4958234375 0.115881482421875 0.492078125 0.1030768515625
7 0.786177603515625 0.963712037109375 0.77114375 0.957931482421875 0.766268228515625 0.9384194453125 0.7617984375 0.903731482421875 0.752859375 0.90589907421875 0.759360416015625 0.956486111328125 0.768705728515625 0.972384259765625 0.788615625 0.975275 0.804461978515625 0.969493517578125 0.822340103515625 0.94564537109375 0.840624478515625 0.910235185546875 0.849563541015625 0.87627037109375 0.858502603515625 0.825684259765625 0.863378646484375 0.816289814453125 0.8682546875 0.799668517578125 0.871098958984375 0.776542591796875 0.865816666015625 0.7606444453125 0.855658333984375 0.762089814453125 0.8503765625 0.770762037109375 0.847126041015625 0.7902731484375 0.849428646484375 0.8120305546875 0.846313021484375 0.841582408203125 0.840624478515625 0.880606482421875 0.821933853515625 0.926856482421875 0.804461978515625 0.954317591796875 0.786177603515625 0.963712037109375
7 0.917846353515625 0.91384907421875 0.898749478515625 0.923243517578125 0.897123958984375 0.93697407421875 0.9097203125 0.9348055546875 0.926785416015625 0.91962962890625 0.9475078125 0.887110185546875 0.962135416015625 0.853867591796875 0.9727 0.82207037109375 0.9812328125 0.799668517578125 0.988140103515625 0.7837694453125 0.996672916015625 0.759921296875 0.994234896484375 0.7418555546875 0.984483333984375 0.739687037109375 0.979201041015625 0.749081482421875 0.97310625 0.768593517578125 0.971849478515625 0.78674537109375 0.971074478515625 0.794609259765625 0.9645734375 0.822793517578125 0.952790103515625 0.855312962890625 0.934505728515625 0.894337037109375 0.917846353515625 0.91384907421875
7 0.980284896484375 0.6746231484375 0.9874 0.678840740234375 0.9877390625 0.66859722265625 0.9813015625 0.625210185546875 0.969781771484375 0.589053703125 0.9579234375 0.56374537109375 0.943693228515625 0.543859259765625 0.9345453125 0.51734537109375 0.927091146484375 0.501075 0.917943228515625 0.50227962890625 0.909133853515625 0.514332408203125 0.9104890625 0.5287944453125 0.917604166015625 0.54144907421875 0.927291146484375 0.551363888671875 0.939288541015625 0.5577194453125 0.9514859375 0.5770018515625 0.9660546875 0.601708333984375 0.974525 0.6300305546875 0.980284896484375 0.6746231484375
5 0.988914583984375 0.695818517578125 0.9885890625 0.683083333984375 0.984355728515625 0.6772944453125 0.979471875 0.674978703125 0.972959375 0.6790305546875 0.97133125 0.687135185546875 0.97133125 0.695818517578125 0.9706796875 0.712606482421875 0.971656771484375 0.724184259765625 0.975238541015625 0.729393517578125 0.984681771484375 0.727078703125 0.985658333984375 0.72302592578125 0.989240103515625 0.708553703125 0.988914583984375 0.695818517578125
5 0.980122916015625 0.702764814453125 0.982728125 0.69987037109375 0.985007291015625 0.690608333984375 0.987611978515625 0.6784518515625 0.9902171875 0.668611111328125 0.991519791015625 0.661085185546875 0.991519791015625 0.654717591796875 0.989240103515625 0.647771296875 0.9853328125 0.6448768515625 0.980122916015625 0.647192591796875 0.977517708984375 0.650087037109375 0.975889583984375 0.658190740234375 0.9739359375 0.66629537109375 0.972959375 0.675557408203125 0.971982291015625 0.68945092578125 0.972633333984375 0.702186111328125 0.9771921875 0.702764814453125 0.980122916015625 0.702764814453125