5 0.6837215625 0.48969590234375 0.676258724609375 0.475594099609375 0.66507728125 0.47847030078125 0.65264587890625 0.50359533984375 0.658717927734375 0.520394330078125 0.67646719140625 0.511723935546875 0.6837215625 0.48969590234375
7 0.89672540625 0.2417122734375 0.854754541015625 0.277191 0.800798412109375 0.292421794921875 0.77662031640625 0.292573072265625 0.7753693671875 0.3062472578125 0.78409108984375 0.312500400390625 0.7974683203125 0.311890423828125 0.846354796875 0.299582416015625 0.87464516796875 0.28275065234375 0.89247970703125 0.26526006640625 0.93262858203125 0.212446267578125 0.9465821796875 0.2067816875 0.954085990234375 0.190211181640625 0.952860515625 0.170489576171875 0.94582847265625 0.1632618828125 0.936493712890625 0.168226865234375 0.927975919921875 0.18187159375 0.92373237890625 0.197731677734375 0.89672540625 0.2417122734375
7 0.82323096484375 0.850027875 0.83737905078125 0.875098375 0.838716787109375 0.86772090625 0.8352201015625 0.85649062890625 0.82676679296875 0.836104228515625 0.809784060546875 0.807557283203125 0.789167689453125 0.77573983203125 0.76643066015625 0.736914923828125 0.75549223828125 0.710876771484375 0.745388490234375 0.693517435546875 0.736105119140625 0.691890939453125 0.72947798828125 0.703618275390625 0.734155111328125 0.726144451171875 0.751474423828125 0.75180987109375 0.765339314453125 0.759910529296875 0.782633271484375 0.787203255859375 0.7958888125 0.807518779296875 0.807220666015625 0.828052318359375 0.82323096484375 0.850027875
5 0.52969023046875 0.67898815234375 0.53537159375 0.671586146484375 0.537815404296875 0.660696041015625 0.538766724609375 0.646986314453125 0.536909796875 0.629318814453125 0.53485805859375 0.6189012109375 0.5268570234375 0.6201676328125 0.525567607421875 0.628383533203125 0.52178973046875 0.647069681640625 0.52093978515625 0.66629812109375 0.52559427734375 0.676441232421875 0.52969023046875 0.67898815234375
5 0.51891632421875 0.535513548828125 0.518950384765625 0.524452171875 0.512386921875 0.516635232421875 0.49825171875 0.509615046875 0.489556189453125 0.508827998046875 0.48630075390625 0.51427311328125 0.4865040234375 0.525310478515625 0.489899998046875 0.539414244140625 0.49763351953125 0.542428869140625 0.506328626953125 0.543216890625 0.515353861328125 0.542586712890625 0.51891632421875 0.535513548828125
5 0.483323619140625 0.5269202578125 0.48368234375 0.51667571484375 0.482472833984375 0.507445095703125 0.47309898828125 0.5024764140625 0.4631918203125 0.499264771484375 0.454761484375 0.501000861328125 0.451594607421875 0.507288556640625 0.45294953125 0.522456875 0.460932779296875 0.530124587890625 0.46990873828125 0.531307640625 0.47985184765625 0.528029978515625 0.483323619140625 0.5269202578125
5 0.514089037109375 0.471373251953125 0.518454638671875 0.4628331015625 0.516686076171875 0.44600634375 0.505611498046875 0.4407909375 0.4930701640625 0.442109083984375 0.481902154296875 0.44966228125 0.482001302734375 0.461986095703125 0.488328052734375 0.4698279140625 0.50088230078125 0.473186814453125 0.510749861328125 0.473744541015625 0.514089037109375 0.471373251953125
5 0.632709462890625 0.261559845703125 0.636305638671875 0.25480248046875 0.63444638671875 0.24393916796875 0.628241646484375 0.2258776875 0.619566650390625 0.20935134375 0.612452072265625 0.21222558203125 0.60720001171875 0.219157916015625 0.609990375 0.232048900390625 0.61832453515625 0.2498865703125 0.627448498046875 0.261581181640625 0.632709462890625 0.261559845703125
5 0.094455298828125 0.34742830859375 0.1016098203125 0.344386015625 0.101421697265625 0.335241697265625 0.099418787109375 0.32353973046875 0.090196984375 0.316719083984375 0.078375712890625 0.317045419921875 0.070089396484375 0.321581798828125 0.06682052734375 0.329714333984375 0.069252197265625 0.345495681640625 0.075177138671875 0.3503715859375 0.08658870703125 0.348598669921875 0.094455298828125 0.34742830859375
5 0.038335376953125 0.3725710625 0.03891476171875 0.35601517578125 0.03340479296875 0.350179525390625 0.026124171875 0.3495705546875 0.02067316015625 0.35655825 0.014518919921875 0.36911756640625 0.011407212890625 0.38364835546875 0.014270513671875 0.396176951171875 0.02094323828125 0.4032645859375 0.02752317578125 0.402114939453125 0.032262115234375 0.3932553125 0.03587866796875 0.381076302734375 0.038335376953125 0.3725710625
7 0.856384349609375 0.638307205078125 0.857775591796875 0.607237875 0.855470994140625 0.552813966796875 0.85070344140625 0.5163179375 0.843758138671875 0.509317607421875 0.849800095703125 0.5815716796875 0.846516193359375 0.63598990234375 0.830740697265625 0.69562762890625 0.80177847265625 0.7627253515625 0.792870365234375 0.7724970703125 0.784651083984375 0.788822505859375 0.784625328125 0.809255650390625 0.7892659375 0.820915931640625 0.798036685546875 0.821651314453125 0.804987546875 0.810981115234375 0.8080263984375 0.78967825 0.8060918203125 0.777181455078125 0.816190857421875 0.76397197265625 0.830554919921875 0.738166189453125 0.841236025390625 0.7039120625 0.852615142578125 0.667604279296875 0.856384349609375 0.638307205078125
7 0.803480404296875 0.71393387109375 0.802574068359375 0.728938583984375 0.806841470703125 0.7665904453125 0.8172400546875 0.83893871875 0.829687486328125 0.924875974609375 0.838997919921875 0.96619299609375 0.8429894765625 0.965773466796875 0.836061322265625 0.917579943359375 0.821543990234375 0.82967233203125 0.812132837890625 0.731266990234375 0.812657513671875 0.709676279296875 0.8141037734375 0.687989634765625 0.810349828125 0.66408719921875 0.804595361328125 0.6536481875 0.79476927734375 0.65468094921875 0.792596474609375 0.66650525 0.7941263046875 0.6840153359375 0.800374650390625 0.710967259765625 0.803480404296875 0.71393387109375
7 0.865285376953125 0.873646564453125 0.8593214296875 0.85825975 0.848938416015625 0.85990314453125 0.839665751953125 0.86916108203125 0.83223544921875 0.878224447265625 0.81524603125 0.89381536328125 0.786856904296875 0.907290916015625 0.756898177734375 0.908782478515625 0.740336271484375 0.9077627109375 0.718249474609375 0.8984881953125 0.7040143125 0.881209298828125 0.685970998046875 0.83064798828125 0.67986660546875 0.834603107421875 0.69033370703125 0.872156384765625 0.707461095703125 0.905144017578125 0.738528025390625 0.920100796875 0.7593121953125 0.922886109375 0.795240333984375 0.91910991015625 0.82645028125 0.9058899765625 0.83710316015625 0.900904693359375 0.8539149296875 0.901347029296875 0.867314646484375 0.88999902734375 0.865285376953125 0.873646564453125
2 0.717743953125 0.858231619140625 0.71363400390625 0.86639390234375 0.71182627734375 0.878731931640625 0.712589599609375 0.8919039296875 0.717749935546875 0.899644896484375 0.726921923828125 0.904202798828125 0.73183795703125 0.8948506640625 0.732954388671875 0.8847946171875 0.730253919921875 0.8679606015625 0.717743953125 0.858231619140625
7 0.761556580078125 0.681343123046875 0.751290923828125 0.675243875 0.746050625 0.678556078125 0.747830125 0.695486892578125 0.754829830078125 0.711869041015625 0.763654884765625 0.721985322265625 0.775760427734375 0.736725697265625 0.80984662890625 0.792227876953125 0.82574331640625 0.834179369140625 0.83762844921875 0.879314845703125 0.8392643203125 0.9244215078125 0.839304564453125 0.966160767578125 0.84575341796875 0.96548296484375 0.845707708984375 0.94141515625 0.84587390625 0.901640076171875 0.839304189453125 0.859811548828125 0.828951970703125 0.823351322265625 0.8113104140625 0.7766124765625 0.7939901328125 0.744749314453125 0.77685203125 0.71489850390625 0.769862521484375 0.6953795859375 0.761556580078125 0.681343123046875
2 0.228522296875 0.629999484375 0.225251921875 0.6091781953125 0.211192001953125 0.592056841796875 0.1941187421875 0.587437474609375 0.1875156484375 0.603524142578125 0.189892373046875 0.629570244140625 0.20156881640625 0.641169748046875 0.213135447265625 0.648291384765625 0.213691736328125 0.6454174921875 0.224952109375 0.640636494140625 0.228522296875 0.629999484375
2 0.317293390625 0.51925816796875 0.3105022109375 0.5195390234375 0.30629784375 0.5282130546875 0.307498314453125 0.541951720703125 0.30942380078125 0.548681765625 0.315958478515625 0.5505943671875 0.32209999609375 0.54719675390625 0.323432103515625 0.535944015625 0.317293390625 0.51925816796875
2 0.315185857421875 0.3531835078125 0.308698103515625 0.344766478515625 0.299949541015625 0.342652705078125 0.2984545 0.356241755859375 0.300920439453125 0.368113845703125 0.310330841796875 0.3718906953125 0.3142787109375 0.365410123046875 0.315185857421875 0.3531835078125
7 0.32884377734375 0.2286039609375 0.3170408046875 0.233394505859375 0.318267830078125 0.25456090234375 0.328785734375 0.28184986328125 0.3429470234375 0.29633320703125 0.357861556640625 0.333808208984375 0.3792882578125 0.38893624609375 0.386424478515625 0.447340810546875 0.387867603515625 0.4927163125 0.381257783203125 0.524763337890625 0.365889171875 0.55891428515625 0.373495337890625 0.561663916015625 0.382835251953125 0.5429359609375 0.395759828125 0.5013516171875 0.394729630859375 0.444079822265625 0.3864188359375 0.393488986328125 0.369188943359375 0.330820771484375 0.352650830078125 0.290559474609375 0.344156935546875 0.271760083984375 0.336776126953125 0.24078505078125 0.32884377734375 0.2286039609375
5 0.335346470703125 0.4645184609375 0.327552484375 0.46947884765625 0.3260060390625 0.48324646875 0.32740186328125 0.490198837890625 0.33615834375 0.49755997265625 0.344154982421875 0.5008606953125 0.352295966796875 0.50237078125 0.361611623046875 0.49606805859375 0.35896734375 0.47090941796875 0.357732923828125 0.4721396328125 0.346448328125 0.465718275390625 0.335346470703125 0.4645184609375
7 0.400825541015625 0.410312271484375 0.422481916015625 0.38851526953125 0.418580595703125 0.37354476171875 0.345965375 0.4326421953125 0.283548048828125 0.490666853515625 0.26322887109375 0.509366373046875 0.2505806640625 0.521935099609375 0.244982373046875 0.541453130859375 0.248739248046875 0.558213353515625 0.260643806640625 0.5575533359375 0.268379162109375 0.542543099609375 0.275416138671875 0.524057193359375 0.329320603515625 0.47047634375 0.3508104921875 0.453428314453125 0.373193060546875 0.437250072265625 0.400825541015625 0.410312271484375
7 0.314361884765625 0.823154369140625 0.31432141015625 0.80899212890625 0.309267923828125 0.79535677734375 0.294655916015625 0.787233166015625 0.277132578125 0.785855453125 0.2504361796875 0.7764267421875 0.208681958984375 0.751194689453125 0.17344413671875 0.71561833984375 0.153494216796875 0.673928068359375 0.134444162109375 0.61668818359375 0.1293167578125 0.623022732421875 0.1422389375 0.6667392578125 0.164086966796875 0.723040796875 0.191536943359375 0.756859533203125 0.222079201171875 0.778762912109375 0.2463798046875 0.792951458984375 0.277708568359375 0.805112775390625 0.287059216796875 0.81829648046875 0.29613418359375 0.827531810546875 0.305094927734375 0.827992125 0.314361884765625 0.823154369140625
7 0.27173512890625 0.868845564453125 0.273619263671875 0.85576958203125 0.272528255859375 0.838498267578125 0.267969810546875 0.8157957578125 0.263019390625 0.75836155078125 0.270759724609375 0.697662541015625 0.290451115234375 0.636995037109375 0.306508287109375 0.6037548828125 0.316718943359375 0.587227595703125 0.308148373046875 0.58490891015625 0.276753142578125 0.641010900390625 0.258581341796875 0.70924527734375 0.2565169609375 0.79639309765625 0.253846416015625 0.81921206640625 0.2528999765625 0.841204623046875 0.254325669921875 0.861660248046875 0.2673555625 0.87239967578125 0.27173512890625 0.868845564453125
7 0.314828380859375 0.620910658203125 0.325199912109375 0.59213184765625 0.3362402890625 0.569721716796875 0.350256234375 0.5515059375 0.365255830078125 0.535762921875 0.3576489375 0.5288358515625 0.328030810546875 0.557061412109375 0.310045865234375 0.59951930859375 0.293848416015625 0.652093001953125 0.276800646484375 0.7034675234375 0.267778158203125 0.714074291015625 0.26235654296875 0.73138676953125 0.26024517578125 0.7560779140625 0.2672464140625 0.767576669921875 0.27924446484375 0.761164255859375 0.284913388671875 0.739318685546875 0.28543544921875 0.71672646484375 0.298988759765625 0.673445810546875 0.30817848046875 0.6363626328125 0.314828380859375 0.620910658203125
2 0.451406955078125 0.399595998046875 0.44596180859375 0.38897085546875 0.437802017578125 0.3880790859375 0.433337259765625 0.392397212890625 0.434039515625 0.402820724609375 0.43481445703125 0.41393579296875 0.439056958984375 0.418739015625 0.444082044921875 0.419916498046875 0.451135828125 0.410120884765625 0.451406955078125 0.399595998046875
7 0.112748958984375 0.442948630859375 0.105616921875 0.444784744140625 0.10174667578125 0.454425443359375 0.103327765625 0.4694685078125 0.115285677734375 0.484508361328125 0.12603853515625 0.4909828125 0.14612569140625 0.51657425 0.175286515625 0.547188267578125 0.198487685546875 0.56756358984375 0.227805068359375 0.576432861328125 0.25067187890625 0.576202478515625 0.279070400390625 0.56180980859375 0.28035583203125 0.550810560546875 0.252411462890625 0.560809466796875 0.23186425 0.565684869140625 0.208923291015625 0.5594049296875 0.180553107421875 0.536313369140625 0.14601661328125 0.49811694921875 0.1304385 0.47476739453125 0.129591431640625 0.466708083984375 0.121444884765625 0.4501820625 0.112748958984375 0.442948630859375
7 0.1430085390625 0.45497746484375 0.151808986328125 0.42254657421875 0.15881483984375 0.396280560546875 0.167121814453125 0.373679171875 0.176919142578125 0.353637876953125 0.200906302734375 0.323413109375 0.220587404296875 0.3131971328125 0.240189869140625 0.3138526328125 0.26917033984375 0.3108066640625 0.270380205078125 0.301988373046875 0.254569349609375 0.30256365234375 0.23787272265625 0.300516228515625 0.21391093359375 0.301948205078125 0.193815515625 0.31112215234375 0.165523521484375 0.35266258984375 0.144244388671875 0.41736725 0.135555376953125 0.4595631328125 0.125343216796875 0.478562453125 0.120886728515625 0.494240091796875 0.122958833984375 0.508145041015625 0.12714633203125 0.513137455078125 0.133485890625 0.512471140625 0.137429767578125 0.5093408203125 0.1394885390625 0.4998895859375 0.138567322265625 0.485319955078125 0.14043447265625 0.471848205078125 0.1430085390625 0.45497746484375
7 0.117879728515625 0.6282505703125 0.123578458984375 0.6243920859375 0.148821810546875 0.629343525390625 0.17781755078125 0.64096240625 0.205696716796875 0.665192083984375 0.231650138671875 0.697228787109375 0.2452627734375 0.73382208203125 0.25355280859375 0.78075244140625 0.25439355078125 0.8148858046875 0.25931894140625 0.809479306640625 0.261456349609375 0.78915659375 0.2589563984375 0.750851591796875 0.25047539453125 0.713718939453125 0.22903294921875 0.675232787109375 0.2028713515625 0.647020275390625 0.173161150390625 0.6256988515625 0.13103459375 0.611114974609375 0.11375366015625 0.606413162109375 0.102585873046875 0.5988958125 0.09203967578125 0.597287529296875 0.086905591796875 0.606518271484375 0.085148802734375 0.615937765625 0.09308859375 0.627596701171875 0.11008771875 0.62961233203125 0.11704852734375 0.628797859375 0.117879728515625 0.6282505703125
8 0.757615455078125 0.7414966484375 0.75706176953125 0.747653994140625 0.761577892578125 0.7514480859375 0.765427900390625 0.748909521484375 0.76524846484375 0.745572962890625 0.765207892578125 0.741918294921875 0.761370228515625 0.738051962890625 0.757615455078125 0.7414966484375