7 0.821632458984375 0.09339405859375 0.824664796875 0.107963205078125 0.831842703125 0.135823634765625 0.8342585390625 0.18073003125 0.82631233984375 0.227648849609375 0.812239296875 0.274996123046875 0.783849431640625 0.298875068359375 0.7630377109375 0.29646676171875 0.741105712890625 0.278038453125 0.74344347265625 0.29075366015625 0.752225646484375 0.297222814453125 0.761547419921875 0.306229974609375 0.769476279296875 0.30567553515625 0.779431173828125 0.30819907421875 0.79168481640625 0.307342216796875 0.806644390625 0.298568951171875 0.8243137265625 0.27157607421875 0.834683470703125 0.248957216796875 0.8426821875 0.18207276171875 0.840227515625 0.13762547265625 0.83482519921875 0.111145599609375 0.835012146484375 0.093102392578125 0.83254379296875 0.068161607421875 0.828583205078125 0.058135623046875 0.822366767578125 0.057282462890625 0.819029677734375 0.066530873046875 0.818484255859375 0.079447671875 0.821632458984375 0.09339405859375
7 0.758677130859375 0.756889970703125 0.755953013671875 0.7689399140625 0.751991982421875 0.78769560546875 0.75258223046875 0.80944264453125 0.757632505859375 0.819569982421875 0.76569633984375 0.817351265625 0.7701195234375 0.80076969140625 0.770202587890625 0.784215796875 0.768971703125 0.773152783203125 0.7687471171875 0.75453099609375 0.769100783203125 0.73297648046875 0.78302490234375 0.6327142734375 0.800511951171875 0.577497607421875 0.829061939453125 0.539282056640625 0.8351816953125 0.527003283203125 0.8345160390625 0.511329603515625 0.826039974609375 0.522678111328125 0.821301490234375 0.535443283203125 0.790709595703125 0.5781830546875 0.77050337890625 0.63993329296875 0.758677130859375 0.756889970703125
5 0.97750487890625 0.6620740625 0.98491912890625 0.674076765625 0.985405265625 0.674554271484375 0.989924931640625 0.682383640625 0.994412099609375 0.67663958984375 0.99361856640625 0.665291521484375 0.99100240625 0.649726666015625 0.9863729140625 0.6315874296875 0.98037425 0.61571606640625 0.970721521484375 0.613132908203125 0.964026794921875 0.62663370703125 0.965997029296875 0.641700697265625 0.97750487890625 0.6620740625
5 0.95054741796875 0.699564505859375 0.95453650390625 0.69191764453125 0.95663246875 0.678195388671875 0.956639525390625 0.66081797265625 0.955504134765625 0.648950775390625 0.95003273828125 0.644989134765625 0.944217720703125 0.644852755859375 0.941096189453125 0.657017625 0.93626185546875 0.67527557421875 0.935495529296875 0.69053398046875 0.940319263671875 0.698342083984375 0.94636100390625 0.701720755859375 0.95054741796875 0.699564505859375
5 1 0.69942662890625 0.99797823828125 0.69268105078125 0.988249935546875 0.689017109375 0.981177333984375 0.6971140546875 0.981663267578125 0.71717213671875 0.986217177734375 0.734230537109375 0.988719978515625 0.748174248046875 0.995977982421875 0.751467951171875 1 0.750181263671875 1 0.69942662890625
5 0.256522875 0.691876931640625 0.25803089453125 0.68459769140625 0.255859857421875 0.66881489453125 0.250927099609375 0.653225193359375 0.24657638671875 0.6429063515625 0.23778836328125 0.63934753125 0.231862740234375 0.64924678515625 0.234777943359375 0.663459947265625 0.238038806640625 0.67651078125 0.24170062890625 0.683083857421875 0.245654083984375 0.690774701171875 0.251095875 0.695326349609375 0.256522875 0.691876931640625
5 0.158743853515625 0.1479617265625 0.1596283203125 0.13563821875 0.151907962890625 0.127186265625 0.13949529296875 0.12069728125 0.129225037109375 0.121824169921875 0.120582583984375 0.12978544921875 0.120062673828125 0.142083388671875 0.12309075 0.152498353515625 0.133244578125 0.15628423828125 0.142741591796875 0.157255025390625 0.150379291015625 0.157947115234375 0.15767569140625 0.15375841015625 0.158743853515625 0.1479617265625
5 0.082714609375 0.25259694140625 0.085464916015625 0.242595380859375 0.08727137890625 0.23225107421875 0.084959615234375 0.2189249765625 0.08009800390625 0.215177740234375 0.073660189453125 0.2184889375 0.06756362890625 0.226680916015625 0.064012982421875 0.23510358984375 0.059318033203125 0.24360628125 0.060313482421875 0.2578418515625 0.06600255859375 0.266844591796875 0.07375534375 0.26589376171875 0.078163236328125 0.259863443359375 0.082714609375 0.25259694140625
2 0.41720268359375 0.33346240234375 0.422913357421875 0.324940744140625 0.421918611328125 0.30760532421875 0.415214298828125 0.29569728125 0.408395751953125 0.300815396484375 0.405551146484375 0.31300440625 0.4055209453125 0.32190239453125 0.40806075390625 0.3302338984375 0.41720268359375 0.33346240234375
6 0.622769759765625 0 0.616322068359375 0.009992560546875 0.60485530078125 0.039187806640625 0.58263571875 0.065640388671875 0.563568013671875 0.0774574453125 0.53994646875 0.094397982421875 0.527043625 0.124130478515625 0.516221369140625 0.144981068359375 0.52354998046875 0.154952294921875 0.53794843359375 0.129046619140625 0.5488010859375 0.108630751953125 0.5717806015625 0.0930455703125 0.59445366796875 0.080102755859375 0.6131894765625 0.05651470703125 0.627682830078125 0.02142914453125 0.634435791015625 0 0.622769759765625 0
2 0.456122669921875 0.83827720703125 0.461351416015625 0.8252437578125 0.458391796875 0.814530173828125 0.45038829296875 0.812468892578125 0.446167587890625 0.82586868359375 0.4502884453125 0.835627419921875 0.456122669921875 0.83827720703125
7 0.73755475 0.26503476171875 0.733031546875 0.23502930859375 0.7249709453125 0.2216146796875 0.71687625 0.218249306640625 0.7116183359375 0.22735341015625 0.713017826171875 0.243854767578125 0.716128197265625 0.260236490234375 0.724829599609375 0.275790435546875 0.7342363046875 0.283869087890625 0.749833341796875 0.324276498046875 0.763170005859375 0.360457521484375 0.778208794921875 0.424492345703125 0.79922388671875 0.521307708984375 0.8030954140625 0.545062177734375 0.81085822265625 0.536656544921875 0.7953355625 0.45867727734375 0.778560455078125 0.380348755859375 0.75963901953125 0.324011421875 0.749749677734375 0.29849366015625 0.738240640625 0.2743996015625 0.73755475 0.26503476171875