7 0.190572953125 0.55607059765625 0.188491994140625 0.568224138671875 0.17206334765625 0.630003115234375 0.1537265 0.66296745703125 0.12823009765625 0.6896987421875 0.108392361328125 0.69290473046875 0.07382184375 0.669468380859375 0.05763691015625 0.6419743671875 0.05516346484375 0.651500265625 0.08569209375 0.69489074609375 0.1174301953125 0.704854169921875 0.1344661875 0.6979737578125 0.159476431640625 0.66883494140625 0.1775148984375 0.632466056640625 0.195156326171875 0.581148970703125 0.199942326171875 0.573781583984375 0.20538946875 0.564039205078125 0.210544646484375 0.543513650390625 0.209508537109375 0.535095064453125 0.20550305078125 0.527115654296875 0.19734046484375 0.528319615234375 0.193626994140625 0.539424412109375 0.190572953125 0.55607059765625
5 0.40412130859375 0.930852384765625 0.412922693359375 0.92135284765625 0.4178975390625 0.91429146484375 0.42059390625 0.905861419921875 0.4206420859375 0.892954400390625 0.414925869140625 0.883689568359375 0.405886048828125 0.884655189453125 0.400292732421875 0.89473473828125 0.395352896484375 0.908572560546875 0.395163923828125 0.92379045703125 0.40412130859375 0.930852384765625
6 0.46733848046875 0.43701715625 0.478044939453125 0.416993013671875 0.485937521484375 0.404085642578125 0.493224771484375 0.37443491015625 0.502027439453125 0.352287130859375 0.4952631171875 0.343717216796875 0.484527330078125 0.368324318359375 0.473469509765625 0.399068951171875 0.4576559765625 0.429465638671875 0.434717357421875 0.4520870625 0.410888740234375 0.46944194140625 0.392527435546875 0.475629669921875 0.376752279296875 0.47700981640625 0.3633084453125 0.480476197265625 0.370868306640625 0.498139154296875 0.382701658203125 0.49099544140625 0.391787546875 0.491727634765625 0.413559779296875 0.485241490234375 0.441879453125 0.4652035 0.46733848046875 0.43701715625
5 0.29274384765625 0.88208324609375 0.2953139375 0.87273571484375 0.29045342578125 0.857045 0.2814395078125 0.841717658203125 0.2728046328125 0.833382037109375 0.26545676953125 0.83443850390625 0.26364071875 0.848233537109375 0.265430005859375 0.86336665625 0.272434037109375 0.8743238359375 0.28129928125 0.8826393046875 0.29274384765625 0.88208324609375
5 0.43589344140625 0.895047009765625 0.43946341796875 0.88326417578125 0.4393459921875 0.871290884765625 0.433090271484375 0.863574337890625 0.422153166015625 0.860811498046875 0.4127798359375 0.859978974609375 0.405682591796875 0.863906001953125 0.40665123046875 0.874977599609375 0.41054732421875 0.88039196875 0.418515736328125 0.887366609375 0.428643302734375 0.89247559765625 0.43589344140625 0.895047009765625
5 0.233057810546875 0.634154748046875 0.23686910546875 0.622913126953125 0.238303294921875 0.609079935546875 0.238546423828125 0.599267701171875 0.23439652734375 0.58709789453125 0.227816021484375 0.58493169921875 0.22069573828125 0.599262359375 0.2167732578125 0.614880326171875 0.21653429296875 0.629783791015625 0.2207475390625 0.637639994140625 0.228052419921875 0.640526353515625 0.233057810546875 0.634154748046875
5 0.417908828125 0.588256298828125 0.424178556640625 0.581832634765625 0.4267595703125 0.571032326171875 0.418935822265625 0.55213396484375 0.4114371953125 0.539473595703125 0.40438064453125 0.5318661484375 0.398699234375 0.5374548046875 0.395257865234375 0.545980701171875 0.3993444140625 0.562464109375 0.4049770390625 0.57646257421875 0.410959482421875 0.58690591015625 0.417908828125 0.588256298828125
5 0.49495626171875 0.622015005859375 0.5033571328125 0.62033755078125 0.507570763671875 0.610569248046875 0.504203828125 0.589713888671875 0.49779433984375 0.571867564453125 0.490470431640625 0.56624188671875 0.486333978515625 0.569344763671875 0.484836439453125 0.587491560546875 0.487202796875 0.599426103515625 0.4904486171875 0.61637530078125 0.49495626171875 0.622015005859375
5 0.165518333984375 0.342021212890625 0.174280302734375 0.3352921328125 0.17785189453125 0.328439958984375 0.178852779296875 0.317452583984375 0.175677373046875 0.30639373828125 0.165019267578125 0.305146609375 0.155242580078125 0.30556604296875 0.1489341875 0.3091693828125 0.1472996171875 0.324136390625 0.151470501953125 0.3381595703125 0.159434123046875 0.34225887109375 0.165518333984375 0.342021212890625
5 0.452450359375 0.335048013671875 0.45405055859375 0.32532339453125 0.44763950390625 0.31368601953125 0.438968736328125 0.30703772265625 0.429907982421875 0.304345880859375 0.4271452578125 0.311993546875 0.427588318359375 0.32545987890625 0.434426255859375 0.333574419921875 0.44384337890625 0.33754283984375 0.452450359375 0.335048013671875
5 0.6090558828125 0.375232412109375 0.615113841796875 0.36946581640625 0.618925029296875 0.362597328125 0.61646066015625 0.3484369296875 0.610876677734375 0.34064766796875 0.59922084375 0.344716990234375 0.59144153515625 0.35106080859375 0.5841862421875 0.35779469921875 0.586331736328125 0.371113017578125 0.59158078515625 0.38067339453125 0.599516943359375 0.381721814453125 0.6090558828125 0.375232412109375
5 0.793098205078125 0.470975845703125 0.7972106796875 0.46957691015625 0.800606298828125 0.45795246875 0.79363871484375 0.43155186328125 0.7878978828125 0.416370365234375 0.782930458984375 0.40722033984375 0.77565373046875 0.410906537109375 0.7736854140625 0.427634333984375 0.775144193359375 0.447110935546875 0.78133836328125 0.467480072265625 0.787912123046875 0.472569087890625 0.793098205078125 0.470975845703125
5 0.753946544921875 0.625828322265625 0.75765859765625 0.6199063359375 0.75817248828125 0.608969931640625 0.752567072265625 0.598132978515625 0.743950048828125 0.589302248046875 0.73591683984375 0.58434184765625 0.727964267578125 0.585908513671875 0.72588240625 0.60133848828125 0.727298396484375 0.614720630859375 0.736250791015625 0.621779275390625 0.74429989453125 0.624124638671875 0.753946544921875 0.625828322265625
5 0.7693509140625 0.771549515625 0.774219736328125 0.75876448046875 0.778047337890625 0.74928090625 0.77976151953125 0.740853140625 0.776794052734375 0.729350408203125 0.77306425390625 0.723141669921875 0.764365841796875 0.72738816796875 0.757785791015625 0.73624071484375 0.752423044921875 0.744987689453125 0.749324951171875 0.75440744140625 0.7499516328125 0.764373150390625 0.7537948984375 0.771878787109375 0.758590009765625 0.776250650390625 0.7650446875 0.774379115234375 0.7693509140625 0.771549515625
5 0.872319087890625 0.753099484375 0.881643599609375 0.759385720703125 0.8902929296875 0.76298632421875 0.89449366796875 0.7521623515625 0.89481899609375 0.7390647109375 0.891050830078125 0.732423412109375 0.88503944921875 0.728157029296875 0.8762225546875 0.7254438515625 0.8658749375 0.727655974609375 0.8618960234375 0.735410044921875 0.86184686328125 0.74325622265625 0.86647433203125 0.74851458984375 0.872319087890625 0.753099484375
7 0.98096588671875 0.450952755859375 0.99614621484375 0.445319376953125 0.99586583984375 0.43091585546875 0.965190955078125 0.4414414375 0.9405412578125 0.4396766015625 0.913060029296875 0.43075353515625 0.902687599609375 0.418590900390625 0.891050857421875 0.41438075390625 0.880074146484375 0.4149061015625 0.87748676171875 0.427330740234375 0.880793224609375 0.4427261484375 0.88859933984375 0.450755984375 0.90204531640625 0.45045144921875 0.910737501953125 0.446205498046875 0.930547515625 0.45144331640625 0.959610974609375 0.453256984375 0.98096588671875 0.450952755859375
7 0.284037619140625 0.688551896484375 0.303582884765625 0.68537335546875 0.31177385546875 0.67829084765625 0.313485759765625 0.666388947265625 0.304323005859375 0.646623431640625 0.288706115234375 0.64749990625 0.272657958984375 0.659187513671875 0.258437751953125 0.66973554296875 0.242882474609375 0.690194126953125 0.2308484140625 0.72258659765625 0.228408888671875 0.76393340625 0.228258166015625 0.80312158984375 0.23171392578125 0.83317922265625 0.248248529296875 0.867968669921875 0.278195615234375 0.882977759765625 0.279361169921875 0.87112366015625 0.2589166796875 0.85773140625 0.239619482421875 0.835425607421875 0.233522044921875 0.790908001953125 0.235840427734375 0.7544691328125 0.24448610546875 0.71796559375 0.255311646484375 0.6969420859375 0.271383986328125 0.688680220703125 0.284037619140625 0.688551896484375
7 0.216440625 0.86630866796875 0.227765033203125 0.88245627734375 0.2427937890625 0.903177134765625 0.26082211328125 0.93930537890625 0.272244302734375 0.9691558671875 0.278819890625 0.965642544921875 0.259431048828125 0.91396351953125 0.234668564453125 0.87010016796875 0.213659236328125 0.837660587890625 0.196608234375 0.812709138671875 0.18656490234375 0.795469796875 0.177323015625 0.78109837109375 0.16700115234375 0.779553212890625 0.162635671875 0.78630103515625 0.1643362578125 0.805738822265625 0.176018720703125 0.8228356875 0.193202849609375 0.833574224609375 0.200064076171875 0.8427676953125 0.216440625 0.86630866796875
6 0.154228287109375 1 0.15409770703125 0.9971214765625 0.156422373046875 0.967047017578125 0.171255419921875 0.938327353515625 0.191952203125 0.917343662109375 0.222063966796875 0.8991146953125 0.23466930859375 0.892135806640625 0.258477169921875 0.88417682421875 0.27873245703125 0.876528654296875 0.273546966796875 0.86131251171875 0.257748060546875 0.869550453125 0.2295930625 0.88131762109375 0.203981875 0.893840955078125 0.176130337890625 0.9153753203125 0.16454596484375 0.934017943359375 0.149184390625 0.959845818359375 0.14704810546875 0.988924140625 0.147943279296875 1 0.154228287109375 1
7 0.151432783203125 0.733942078125 0.15817204296875 0.726006923828125 0.163350947265625 0.712822046875 0.1628527421875 0.697685646484375 0.156197716796875 0.684556451171875 0.14789758203125 0.68724192578125 0.1398830078125 0.70263326953125 0.134898326171875 0.721187392578125 0.1307581328125 0.743095490234375 0.109470947265625 0.792457146484375 0.087522404296875 0.8311041875 0.06610740625 0.85697183984375 0.047406115234375 0.863504400390625 0.030374447265625 0.863036099609375 0.03139481640625 0.87469895703125 0.040375078125 0.87440311328125 0.063830810546875 0.87186117578125 0.08926551953125 0.85102808203125 0.11224012890625 0.80837451171875 0.130072521484375 0.773026548828125 0.14406159765625 0.74095286328125 0.15179067578125 0.734889490234375 0.151432783203125 0.733942078125
7 0.103490025390625 0.740283583984375 0.11464251953125 0.728835609375 0.12049587890625 0.71706120703125 0.121321283203125 0.7013191796875 0.116900548828125 0.6948502265625 0.107859244140625 0.692213376953125 0.096031677734375 0.69863439453125 0.0920730625 0.71318198828125 0.0887457734375 0.728653076171875 0.07230983984375 0.75163691015625 0.041131537109375 0.788642318359375 0.025825240234375 0.81103842578125 0.02676055078125 0.821729072265625 0.040537119140625 0.803875240234375 0.056432982421875 0.787303615234375 0.0763601015625 0.766462546875 0.093094173828125 0.746880486328125 0.103490025390625 0.740283583984375
7 0.091732537109375 0.645240166015625 0.090663556640625 0.62469125 0.08582959765625 0.6040571875 0.0783854140625 0.600791712890625 0.06977559765625 0.6093794140625 0.07174969921875 0.628794203125 0.073638744140625 0.647236779296875 0.07975326171875 0.666779154296875 0.087618744140625 0.75668203515625 0.082107767578125 0.838451283203125 0.069696599609375 0.894853169921875 0.070523490234375 0.923182421875 0.0785077421875 0.920035685546875 0.0790538671875 0.897952201171875 0.08739504296875 0.8516815546875 0.095432611328125 0.773608943359375 0.09201780859375 0.69996521484375 0.087420455078125 0.663151740234375 0.091732537109375 0.645240166015625
2 0.358133322265625 0.50609230859375 0.36373780859375 0.500156255859375 0.368246033203125 0.495153560546875 0.3623556640625 0.48435826953125 0.359223353515625 0.48086148046875 0.355696349609375 0.47823759765625 0.3444457265625 0.48424936328125 0.339314060546875 0.495589771484375 0.3411219609375 0.505485599609375 0.347006994140625 0.51083563671875 0.349542025390625 0.510194662109375 0.358133322265625 0.50609230859375