7 0.201387794921875 0.598588845703125 0.201018533203125 0.61091372265625 0.1933477421875 0.67437789453125 0.179777095703125 0.70957342578125 0.15824909765625 0.739592978515625 0.139050609375 0.74552864453125 0.1015548203125 0.727131662109375 0.081700970703125 0.7021577265625 0.080577345703125 0.71193515625 0.116847658203125 0.750654599609375 0.14966352734375 0.75610396875 0.165576158203125 0.746919564453125 0.1862876640625 0.714583572265625 0.199089013671875 0.676058158203125 0.209416798828125 0.6227852734375 0.213130876953125 0.61482350390625 0.2171691328125 0.604417841796875 0.21941753515625 0.583374578125 0.217219869140625 0.575182119140625 0.212142845703125 0.5678378203125 0.204227255859375 0.570166076171875 0.202095412109375 0.5816796171875 0.201387794921875 0.598588845703125
5 0.465017455078125 0.94000309375 0.47241110546875 0.92937108984375 0.476354783203125 0.9216860625 0.477851671875 0.912962796875 0.47610307421875 0.900174681640625 0.469153072265625 0.89179555859375 0.46033561328125 0.894009880859375 0.45619953515625 0.904769775390625 0.453233625 0.919160421875 0.455164412109375 0.93425651953125 0.465017455078125 0.94000309375
6 0.458890822265625 0.442175705078125 0.466706265625 0.42085638671875 0.4727256796875 0.406976193359375 0.475815423828125 0.376599830078125 0.48145005078125 0.35344249609375 0.47355885546875 0.3458973984375 0.4663521953125 0.37175915625 0.45968081640625 0.403743537109375 0.448251580078125 0.43604522265625 0.4286844921875 0.461638935546875 0.40750310546875 0.482141220703125 0.390181658203125 0.49082412890625 0.3747521015625 0.494386322265625 0.361921529296875 0.49968998828125 0.37186602734375 0.516128921875 0.382590005859375 0.50740784765625 0.391689373046875 0.506868404296875 0.4123470234375 0.497415271484375 0.437602341796875 0.473630953125 0.458890822265625 0.442175705078125
5 0.347936560546875 0.9072093203125 0.349180712890625 0.8975950703125 0.34218377734375 0.882733509765625 0.3311244296875 0.868809826171875 0.32141349609375 0.8617570703125 0.314284171875 0.86382587890625 0.31440569140625 0.87773940625 0.318283689453125 0.89247623046875 0.326744501953125 0.90235200390625 0.336680759765625 0.9093527421875 0.347936560546875 0.9072093203125
5 0.491497240234375 0.90012434765625 0.493392619140625 0.88795933984375 0.4916099765625 0.8761189140625 0.48434119921875 0.869348091796875 0.473126021484375 0.868134291015625 0.463728046875 0.868614384765625 0.457246408203125 0.873490939453125 0.459746490234375 0.88431998046875 0.464358203125 0.88913942578125 0.473219748046875 0.894937201171875 0.483959787109375 0.898586984375 0.491497240234375 0.90012434765625
5 0.25432640625 0.670000333984375 0.256536078125 0.6583376875 0.2560311015625 0.64443951953125 0.254906265625 0.634688939453125 0.249103044921875 0.62321512109375 0.24228510546875 0.621985837890625 0.23722855859375 0.637167984375 0.2355178515625 0.653179861328125 0.237355373046875 0.667971544921875 0.24262098828125 0.675164921875 0.250256484375 0.677006548828125 0.25432640625 0.670000333984375
5 0.43099063671875 0.59882227734375 0.43630534765625 0.59158855078125 0.43735812890625 0.580534142578125 0.42698037890625 0.5629085546875 0.41779274609375 0.551415 0.4097461171875 0.544863669921875 0.404897787109375 0.551188638671875 0.402676486328125 0.5601105078125 0.4090173125 0.575864763671875 0.416543330078125 0.5889430859375 0.423920982421875 0.598452193359375 0.43099063671875 0.59882227734375
5 0.5119865546875 0.621529517578125 0.520072212890625 0.6186992109375 0.522885349609375 0.608439548828125 0.51664867578125 0.588255740234375 0.507817837890625 0.571475123046875 0.49978226171875 0.566923484375 0.496117900390625 0.57057184765625 0.497160482421875 0.588750458984375 0.50116477734375 0.6002395234375 0.5067378828125 0.616572041015625 0.5119865546875 0.621529517578125
5 0.14678708984375 0.390109501953125 0.154527279296875 0.38222648046875 0.1571104765625 0.374943921875 0.156572470703125 0.363924177734375 0.151888875 0.35341488671875 0.141160927734375 0.353663216796875 0.1315377578125 0.355439220703125 0.125792248046875 0.35988544921875 0.126256587890625 0.3749342890625 0.13233853125 0.388240521484375 0.140795166015625 0.39119160546875 0.14678708984375 0.390109501953125
5 0.429956228515625 0.343270947265625 0.43018744921875 0.33341826171875 0.422219177734375 0.32278638671875 0.41270753125 0.317409529296875 0.403360322265625 0.316004896484375 0.401688833984375 0.323962634765625 0.404001734375 0.33723625 0.411902451171875 0.3443201640625 0.421780224609375 0.3469393515625 0.429956228515625 0.343270947265625
5 0.590630265625 0.36126899609375 0.59582671484375 0.354715416015625 0.598644904296875 0.34738335546875 0.59423376953125 0.333703740234375 0.58762007421875 0.326767423828125 0.576644013671875 0.3324193203125 0.569823302734375 0.339784072265625 0.563575794921875 0.347462171875 0.5675539609375 0.36035228125 0.57408247265625 0.369089091796875 0.582087310546875 0.369022806640625 0.590630265625 0.36126899609375
5 0.786206412109375 0.430466919921875 0.790084169921875 0.42850925390625 0.79182893359375 0.416525361328125 0.78125490234375 0.391351384765625 0.773457083984375 0.3771166015625 0.76726456640625 0.368746955078125 0.760571673828125 0.373410005859375 0.760950572265625 0.390248943359375 0.7651057734375 0.409332978515625 0.774074498046875 0.428641822265625 0.78129253515625 0.432766421875 0.786206412109375 0.430466919921875
5 0.768987072265625 0.5892612421875 0.771838818359375 0.58288026953125 0.770825654296875 0.57197877734375 0.763766576171875 0.562027412109375 0.7540044140625 0.554481880859375 0.745359029296875 0.550687759765625 0.737701888671875 0.553345962890625 0.7377877265625 0.568915515625 0.74105237109375 0.58197035546875 0.750900013671875 0.587714373046875 0.7591971953125 0.58891669140625 0.768987072265625 0.5892612421875
5 0.804521998046875 0.731420412109375 0.80756410546875 0.71808219140625 0.81003459765625 0.708158212890625 0.8105591796875 0.699573896484375 0.80601971875 0.688596099609375 0.80146212890625 0.68296687109375 0.793439369140625 0.688382626953125 0.788155390625 0.6980647890625 0.784062177734375 0.70747298828125 0.7823052109375 0.71723223828125 0.784312751953125 0.72701374609375 0.789163197265625 0.733911458984375 0.79452008984375 0.737573423828125 0.800651482421875 0.73482178515625 0.804521998046875 0.731420412109375
5 0.903920345703125 0.69881953515625 0.914028984375 0.703746873046875 0.923095248046875 0.706108681640625 0.92574869921875 0.69480541796875 0.924248021484375 0.68178996484375 0.91959223828125 0.6757377265625 0.91304559375 0.672349486328125 0.90393690234375 0.670889787109375 0.89399785546875 0.674520494140625 0.891136822265625 0.682752857421875 0.8921801171875 0.69052951953125 0.897494375 0.695092693359375 0.903920345703125 0.69881953515625
7 0.969459103515625 0.38449256640625 0.983707681640625 0.376801318359375 0.981425453125 0.362576990234375 0.95251397265625 0.3772692578125 0.927858546875 0.378952171875 0.899402912109375 0.373940591796875 0.887438712890625 0.363339884765625 0.87532928125 0.360790234375 0.864532509765625 0.3628381328125 0.86369948046875 0.37550194921875 0.869116392578125 0.390287359375 0.87796407421875 0.3971526484375 0.891236814453125 0.394979759765625 0.899253484375 0.38956541015625 0.919599671875 0.391995232421875 0.948632701171875 0.389746400390625 0.969459103515625 0.38449256640625
7 0.312380703125 0.716773076171875 0.33129338671875 0.71090529296875 0.33841894921875 0.70275175 0.33845776953125 0.690727427734375 0.326633357421875 0.6724294765625 0.311290431640625 0.67547087109375 0.297025056640625 0.68927820703125 0.284411240234375 0.70170265625 0.2718546328125 0.724127013671875 0.264445845703125 0.7578790625 0.267784423828125 0.799163 0.273089109375 0.83799078515625 0.280694453125 0.86727494921875 0.3019098984375 0.89942465625 0.333654404296875 0.9101198515625 0.333158841796875 0.898218900390625 0.311049474609375 0.88780230078125 0.288835708984375 0.868399232421875 0.276601958984375 0.82516346875 0.27382646875 0.788756564453125 0.2773076953125 0.751405029296875 0.2851019765625 0.72907949609375 0.29986807421875 0.718661197265625 0.312380703125 0.716773076171875
7 0.27018051953125 0.902207615234375 0.28364203125 0.9166220234375 0.301408314453125 0.93504962890625 0.32428926953125 0.968317216796875 0.339754681640625 0.996287541015625 0.34577731640625 0.991893265625 0.3193848359375 0.94341558203125 0.28875873828125 0.903425376953125 0.26343915625 0.8742254296875 0.243081521484375 0.85188984765625 0.2307366796875 0.836216041015625 0.219584619140625 0.823270697265625 0.209148162109375 0.8231771015625 0.20576428125 0.8304668125 0.21015353515625 0.8494787578125 0.224101728515625 0.8647833515625 0.242613138671875 0.873025814453125 0.250687076171875 0.881174916015625 0.27018051953125 0.902207615234375
6 0.228383015625 1 0.2354581171875 0.979813984375 0.253033115234375 0.956154068359375 0.280314849609375 0.933911759765625 0.291826244140625 0.925246462890625 0.314294734375 0.9140515234375 0.333288478515625 0.90365879296875 0.326035775390625 0.8893124140625 0.311537123046875 0.899668966796875 0.285293798828125 0.91524003515625 0.26167476953125 0.9312058828125 0.237091287109375 0.956406861328125 0.228214203125 0.9764802890625 0.218355048828125 1 0.228383015625 1
7 0.187383458984375 0.78017655078125 0.1929527734375 0.7713806953125 0.196246296875 0.75760337109375 0.193646361328125 0.74268361328125 0.18522887109375 0.730608390625 0.1773832578125 0.734422884765625 0.1715887421875 0.75077985546875 0.1692348046875 0.76984714453125 0.168183921875 0.792118236328125 0.153973716796875 0.843962111328125 0.137617404296875 0.88528769140625 0.1200108984375 0.9138839921875 0.10240076171875 0.9229556953125 0.085469671875 0.924862302734375 0.088103265625 0.936269650390625 0.096954958984375 0.934726873046875 0.11982865234375 0.928945267578125 0.14211642578125 0.904775091796875 0.15893121875 0.85933917578125 0.17167058203125 0.821853427734375 0.18105972265625 0.7881449765625 0.187869724609375 0.78106493359375 0.187383458984375 0.78017655078125
7 0.140789845703125 0.79312868359375 0.1502405546875 0.7802399921875 0.154398267578125 0.767765546875 0.153024771484375 0.752061845703125 0.147746755859375 0.746271095703125 0.138426462890625 0.74491821484375 0.127607634765625 0.752922822265625 0.125712177734375 0.7678797734375 0.124570427734375 0.783663365234375 0.111493181640625 0.808710962890625 0.085768458984375 0.84969541796875 0.07372805859375 0.87400379296875 0.0761421171875 0.884460228515625 0.08729983984375 0.8648628203125 0.100734681640625 0.846240193359375 0.117567353515625 0.82282862890625 0.13141327734375 0.80110820703125 0.140789845703125 0.79312868359375
7 0.11591929296875 0.700646546875 0.112000857421875 0.680446384765625 0.104342236328125 0.660685888671875 0.096516033203125 0.65848822265625 0.089185185546875 0.66819060546875 0.09384208984375 0.687141708984375 0.0982794609375 0.7051418984375 0.10705424609375 0.723643111328125 0.12735524609375 0.81157640234375 0.13327798046875 0.893316857421875 0.12883722265625 0.95089714453125 0.133598736328125 0.9788356171875 0.14106734375 0.974608310546875 0.138534728515625 0.952663736328125 0.140355099609375 0.905682525390625 0.137448837890625 0.827251099609375 0.12381804296875 0.754799314453125 0.114141984375 0.71898393359375 0.11591929296875 0.700646546875
2 0.36036184375 0.52577704296875 0.365085650390625 0.519118767578125 0.368853759765625 0.513537333984375 0.36151830078125 0.5036668828125 0.35792981640625 0.500640056640625 0.354071962890625 0.49853257421875 0.343767505859375 0.506051619140625 0.340264060546875 0.5179958515625 0.34343159765625 0.527543763671875 0.35000394140625 0.532022697265625 0.352425095703125 0.531035150390625 0.36036184375 0.52577704296875