7 0.15068751953125 0.6495994609375 0.142536041015625 0.65775069921875 0.124021783203125 0.692931017578125 0.114383310546875 0.728731064453125 0.10683792578125 0.769302630859375 0.10316966015625 0.799989087890625 0.101554798828125 0.8230826953125 0.099252330078125 0.890220814453125 0.09664081640625 0.89955304296875 0.09365387890625 0.923131751953125 0.09865294140625 0.940925666015625 0.106087154296875 0.943031787109375 0.111131701171875 0.93466236328125 0.11229043359375 0.91809171484375 0.110063671875 0.88924110546875 0.10873568359375 0.8727815234375 0.108661587890625 0.85519741015625 0.109923205078125 0.81801892578125 0.11052330078125 0.790308099609375 0.11611265625 0.755018509765625 0.12488651171875 0.71256601953125 0.13572351171875 0.685027111328125 0.14697640234375 0.664405357421875 0.15068751953125 0.6495994609375
5 0.40807505859375 0.97955488671875 0.41295451953125 0.979818123046875 0.423722966796875 0.9789143125 0.4334744453125 0.976127568359375 0.437013181640625 0.967355828125 0.43686456640625 0.958326244140625 0.431185939453125 0.9530728828125 0.423300015625 0.948705666015625 0.410102037109375 0.9477827734375 0.404331849609375 0.9577861171875 0.403511853515625 0.97229759765625 0.40807505859375 0.97955488671875
5 0.423594810546875 0.954494962890625 0.424223798828125 0.944193375 0.423050515625 0.929956478515625 0.421009119140625 0.920100255859375 0.415453080078125 0.9186712421875 0.41101433203125 0.9207889921875 0.408212775390625 0.939036162109375 0.4070071796875 0.950766748046875 0.407273884765625 0.95934699609375 0.412677060546875 0.966060626953125 0.41928694921875 0.963782828125 0.423594810546875 0.954494962890625
5 0.09403647265625 0.7109666171875 0.100980404296875 0.720965171875 0.108492234375 0.731555708984375 0.11846359375 0.7305748125 0.124148458984375 0.71671445703125 0.12338155859375 0.70408018359375 0.11645785546875 0.69856340234375 0.108304462890625 0.697155109375 0.097744517578125 0.6930612890625 0.0924964765625 0.697307400390625 0.09403647265625 0.7109666171875
5 0.87083221875 0.678877759765625 0.861674923828125 0.668844166015625 0.850289990234375 0.67556265625 0.8379877734375 0.69035905859375 0.834096828125 0.710753060546875 0.844699439453125 0.720262119140625 0.85144381640625 0.7194806796875 0.86164329296875 0.70453816796875 0.87083221875 0.678877759765625
5 0.901629896484375 0.515627501953125 0.9107551640625 0.524954359375 0.9201778359375 0.5169245 0.920967525390625 0.49688818359375 0.91377813671875 0.4817238125 0.90837734375 0.471571416015625 0.897999595703125 0.46704480859375 0.88926423828125 0.48272458203125 0.891627873046875 0.501352427734375 0.901629896484375 0.515627501953125
5 0.340445029296875 0.917309701171875 0.347847330078125 0.9269653203125 0.354197337890625 0.930673791015625 0.360361453125 0.92653536328125 0.363142162109375 0.913021416015625 0.35728987890625 0.89694624609375 0.34874162109375 0.877419048828125 0.340383134765625 0.876181123046875 0.332759876953125 0.88543949609375 0.3332693671875 0.90440549609375 0.340445029296875 0.917309701171875
5 0.197739720703125 0.85249905859375 0.203406046875 0.860728255859375 0.210536302734375 0.874281802734375 0.215653810546875 0.8798616328125 0.22391908984375 0.877176091796875 0.224187908203125 0.86283398046875 0.22093884765625 0.846288330078125 0.2156353828125 0.832862525390625 0.208325830078125 0.827129412109375 0.20722955078125 0.82705275390625 0.200518556640625 0.833763 0.197739720703125 0.85249905859375
5 0.1610725546875 0.87278143359375 0.162640017578125 0.881866611328125 0.17171823046875 0.883317296875 0.180208796875 0.872161095703125 0.18618747265625 0.860176732421875 0.190565935546875 0.84481696484375 0.18704437109375 0.832168279296875 0.179280564453125 0.83293133984375 0.172203798828125 0.839616009765625 0.165358330078125 0.853498236328125 0.1610725546875 0.87278143359375
5 0.17952914453125 0.766367087890625 0.188252951171875 0.767629630859375 0.2005399765625 0.770447298828125 0.207616287109375 0.76376166796875 0.207383568359375 0.7513429609375 0.202493158203125 0.74251550390625 0.19171119921875 0.733928587890625 0.182301837890625 0.731964662109375 0.17805719921875 0.740154259765625 0.173587859375 0.7568136328125 0.17952914453125 0.766367087890625
5 0.195703080078125 0.51406591796875 0.20345364453125 0.5082433125 0.212809064453125 0.489968060546875 0.21965078125 0.46564161328125 0.211608330078125 0.454635271484375 0.202931869140625 0.457944576171875 0.1980494765625 0.47000559765625 0.192850982421875 0.491835962890625 0.190163025390625 0.509272416015625 0.195703080078125 0.51406591796875
5 0.269276673828125 0.533081509765625 0.274532859375 0.54193454296875 0.278097435546875 0.5487117421875 0.285814416015625 0.543376869140625 0.292478193359375 0.532092927734375 0.28653509765625 0.5173164375 0.277759744140625 0.5010368671875 0.271133419921875 0.490782064453125 0.262004513671875 0.505810576171875 0.263973728515625 0.5196557421875 0.269276673828125 0.533081509765625
5 0.357993923828125 0.4405558359375 0.365241078125 0.431434521484375 0.3704887265625 0.4193990390625 0.374361904296875 0.395518455078125 0.3706108515625 0.380895248046875 0.361752634765625 0.386803759765625 0.354085849609375 0.401933583984375 0.348612978515625 0.422438802734375 0.350718412109375 0.43433594921875 0.357993923828125 0.4405558359375
5 0.732767859375 0.805268646484375 0.74517702734375 0.8071982265625 0.749669095703125 0.79848665234375 0.751779986328125 0.781111947265625 0.744569798828125 0.773173912109375 0.73490604296875 0.76187876953125 0.72346390234375 0.76320327734375 0.717228828125 0.7797577421875 0.72314261328125 0.7976935859375 0.732767859375 0.805268646484375
5 0.650137751953125 0.692766724609375 0.6664816171875 0.685413904296875 0.674875806640625 0.680690724609375 0.67903217578125 0.668238287109375 0.6759793984375 0.652096201171875 0.67148250390625 0.648064357421875 0.656475703125 0.653386984375 0.64648583203125 0.663838734375 0.641885013671875 0.678383783203125 0.64653294921875 0.688797263671875 0.650137751953125 0.692766724609375
5 0.670487630859375 0.572597236328125 0.678282548828125 0.55509000390625 0.684663837890625 0.532173759765625 0.679569298828125 0.519605361328125 0.66905417578125 0.516214529296875 0.663561720703125 0.53069815625 0.659371603515625 0.5521748515625 0.65859732421875 0.56751840234375 0.6623259765625 0.578265791015625 0.670487630859375 0.572597236328125
5 0.7640924140625 0.434188693359375 0.76758853125 0.44399070703125 0.77457541796875 0.45085128125 0.7835302421875 0.455193923828125 0.79096053515625 0.455713501953125 0.794040603515625 0.445840416015625 0.795632568359375 0.431615890625 0.7909476875 0.42173075 0.781547892578125 0.41948068359375 0.773782943359375 0.41946862890625 0.76553659765625 0.42207752734375 0.7640924140625 0.434188693359375
5 0.5756282109375 0.446902697265625 0.57558897265625 0.460238927734375 0.57679402734375 0.473663095703125 0.57811011328125 0.4855068984375 0.583186005859375 0.494675904296875 0.587958619140625 0.49540690234375 0.59311250390625 0.49068547265625 0.596064509765625 0.4816805703125 0.5958827890625 0.471504216796875 0.59370118359375 0.46182382421875 0.58925194921875 0.448807681640625 0.585159791015625 0.4408992578125 0.578514404296875 0.438846439453125 0.5756282109375 0.446902697265625
5 0.6415225546875 0.455004171875 0.637792994140625 0.4649070234375 0.63835225390625 0.47479141015625 0.642155296875 0.481727294921875 0.6466673515625 0.4836309375 0.652710208984375 0.478971673828125 0.65877340234375 0.468914564453125 0.663502451171875 0.4574934765625 0.66660999609375 0.4488178203125 0.667518458984375 0.440940705078125 0.66407216015625 0.436571140625 0.659894310546875 0.4375487578125 0.65316277734375 0.44184242578125 0.645919220703125 0.4457828515625 0.6415225546875 0.455004171875
5 0.799313380859375 0.30045314453125 0.80442907421875 0.30113851953125 0.81026040234375 0.29509909765625 0.814293435546875 0.283141115234375 0.818690943359375 0.265963431640625 0.81948043359375 0.251156509765625 0.812626703125 0.243683361328125 0.804034529296875 0.250513603515625 0.800615880859375 0.267759732421875 0.797748328125 0.28766745703125 0.799313380859375 0.30045314453125
5 0.733394751953125 0.2796700078125 0.733278044921875 0.295398328125 0.739489412109375 0.301515029296875 0.748184046875 0.3037621953125 0.7545094140625 0.308248619140625 0.762767904296875 0.309699533203125 0.764722353515625 0.302842314453125 0.765513185546875 0.291532892578125 0.7595457109375 0.281935837890625 0.75256843359375 0.272705345703125 0.745532177734375 0.267842490234375 0.738468310546875 0.270407841796875 0.733394751953125 0.2796700078125
5 0.466267978515625 0.31538986328125 0.467675876953125 0.332431439453125 0.473361296875 0.333727486328125 0.480030697265625 0.32508091796875 0.482180919921875 0.31085458984375 0.484148943359375 0.2909684296875 0.486369087890625 0.2716131875 0.4806533203125 0.262485759765625 0.47232049609375 0.266010298828125 0.4673680625 0.27901317578125 0.466081830078125 0.2974071484375 0.466267978515625 0.31538986328125
5 0.42147519140625 0.233189115234375 0.42637008984375 0.233403310546875 0.430347455078125 0.2302155859375 0.432101109375 0.2133950859375 0.433601712890625 0.191935451171875 0.4307215 0.1753042109375 0.423788041015625 0.1753326640625 0.41919436328125 0.187334052734375 0.419236583984375 0.2032535546875 0.419603349609375 0.22278969140625 0.42147519140625 0.233189115234375
5 0.36845824609375 0.157087869140625 0.367673703125 0.17243626953125 0.37260734375 0.180354341796875 0.37755684375 0.1839091875 0.38373405078125 0.178179833984375 0.387033482421875 0.16403479296875 0.391479236328125 0.141754529296875 0.391330318359375 0.127368357421875 0.385580927734375 0.1228581640625 0.38030191796875 0.12813703515625 0.373374958984375 0.14459578125 0.36845824609375 0.157087869140625
5 0.44202473828125 0.14169507421875 0.43886765625 0.15379691796875 0.447358896484375 0.16453019921875 0.452451787109375 0.166041921875 0.45848402734375 0.15824928125 0.460382646484375 0.143492072265625 0.4629625390625 0.127242638671875 0.46392566796875 0.1093402890625 0.4588580703125 0.10333791015625 0.451282015625 0.112563384765625 0.44737170703125 0.12717899609375 0.44202473828125 0.14169507421875
5 0.543489484375 0.181649853515625 0.541230662109375 0.193300296875 0.54573253515625 0.199135025390625 0.553411884765625 0.200826681640625 0.5619218515625 0.190639939453125 0.565294751953125 0.179580689453125 0.56906166796875 0.16700819921875 0.568410603515625 0.155666638671875 0.563091341796875 0.14913430078125 0.556520181640625 0.15637596875 0.54851341796875 0.167624474609375 0.543489484375 0.181649853515625
5 0.50062900390625 0.080073734375 0.499735798828125 0.092847173828125 0.4995259609375 0.1082348359375 0.50218877734375 0.119717072265625 0.504924607421875 0.134284140625 0.50812338671875 0.138101759765625 0.51674405078125 0.134597349609375 0.522093978515625 0.128296859375 0.522628365234375 0.116525833984375 0.519785380859375 0.103491134765625 0.516619359375 0.090947134765625 0.512196326171875 0.079856025390625 0.507739603515625 0.073383078125 0.50062900390625 0.080073734375
7 0.723929333984375 0.92254890234375 0.726885765625 0.973466203125 0.735099314453125 0.98997751953125 0.754759064453125 0.9942500625 0.770970111328125 0.989588048828125 0.79046825 0.967045109375 0.811178173828125 0.93299663671875 0.8224647265625 0.899738115234375 0.834910724609375 0.849898787109375 0.840430212890625 0.840867361328125 0.846453818359375 0.824626689453125 0.85090434375 0.801755501953125 0.84674391796875 0.785527609375 0.8365095078125 0.78626084765625 0.830635658203125 0.7945435078125 0.82603202734375 0.813780345703125 0.8268113046875 0.835645375 0.8216418359375 0.86490790625 0.81324496875 0.903440107421875 0.79137363671875 0.94827365234375 0.77202873046875 0.974449091796875 0.753133572265625 0.98254519921875 0.738539572265625 0.975730015625 0.735037017578125 0.95592541015625 0.73299782421875 0.9210101484375 0.723929333984375 0.92254890234375
7 0.896473904296875 0.948378478515625 0.919414263671875 0.917383771484375 0.93632512109375 0.885242525390625 0.949082033203125 0.854259708984375 0.959156734375 0.83250764453125 0.967156263671875 0.81712912890625 0.977331853515625 0.79393429296875 0.976159974609375 0.775742490234375 0.96658343359375 0.77289901953125 0.960658685546875 0.781902107421875 0.953217650390625 0.8009414609375 0.95069773046875 0.8189614296875 0.9493760625 0.8267521015625 0.940924822265625 0.854414212890625 0.92690175 0.886032478515625 0.905939732421875 0.9236860390625 0.887959849609375 0.941988447265625 0.868254169921875 0.950027875 0.865674814453125 0.96361159375 0.878391751953125 0.96232703515625 0.896473904296875 0.948378478515625
7 0.962425333984375 0.621607091796875 0.952361306640625 0.59553321484375 0.939552947265625 0.574702896484375 0.932276830078125 0.547615466796875 0.92597578515625 0.53086475390625 0.91676612109375 0.531428322265625 0.9071374453125 0.54283723046875 0.907480533203125 0.557358572265625 0.9136955625 0.570478701171875 0.922667322265625 0.581045091796875 0.934192150390625 0.5882220625 0.945014763671875 0.608308345703125 0.957824587890625 0.633970908203125 0.964298607421875 0.662814998046875 0.9669338515625 0.707700755859375 0.97373741796875 0.7124043984375 0.97479020703125 0.702209486328125 0.971394916015625 0.658479080078125 0.962425333984375 0.621607091796875
5 0.95931873046875 0.711586423828125 0.957129220703125 0.719557740234375 0.956523501953125 0.728219919921875 0.95470245703125 0.7449215390625 0.95486953515625 0.756539271484375 0.958079201171875 0.76198569140625 0.96766090234375 0.7603352421875 0.96891779296875 0.756360458984375 0.973500369140625 0.742173341796875 0.97406400390625 0.729446470703125 0.97462763671875 0.7167196015625 0.970808427734375 0.71064951171875 0.9660980078125 0.70799873046875 0.95931873046875 0.711586423828125
5 0.977261326171875 0.702396205078125 0.97908573828125 0.6949794765625 0.979529919921875 0.68862739453125 0.977740333984375 0.681538998046875 0.97404446875 0.678379044921875 0.968685724609375 0.68032571875 0.96588495703125 0.683031384765625 0.96369551171875 0.691001775390625 0.961181275390625 0.6989503828125 0.95956100390625 0.70812173828125 0.95761713671875 0.72191325390625 0.957378232421875 0.734662830078125 0.96188561328125 0.735558134765625 0.964809203125 0.7357625703125 0.967609970703125 0.733056908203125 0.970529671875 0.723976419921875 0.9739760078125 0.712031244140625 0.977261326171875 0.702396205078125