7 0.519295833984375 0.520858333984375 0.522872396484375 0.55804537109375 0.524034375 0.584467591796875 0.529991146484375 0.644766666015625 0.53361875 0.664111111328125 0.538219271484375 0.684435185546875 0.543488021484375 0.6993518515625 0.551130728515625 0.7203518515625 0.558426041015625 0.73085277734375 0.571973958984375 0.744440740234375 0.5865640625 0.750617591796875 0.5778796875 0.736411111328125 0.554333853515625 0.705743517578125 0.541755728515625 0.665615740234375 0.537010416015625 0.63054722265625 0.53315 0.58732222265625 0.530124478515625 0.551981482421875 0.528380728515625 0.501559259765625 0.528897916015625 0.452906482421875 0.5302875 0.4387 0.532719271484375 0.4177 0.531677083984375 0.391140740234375 0.524381771484375 0.384346296875 0.516044791015625 0.387434259765625 0.513613021484375 0.4010231484375 0.512918228515625 0.414611111328125 0.514011458984375 0.42792407421875 0.516972916015625 0.440978703125 0.5187546875 0.446936111328125 0.519171353515625 0.46834722265625 0.520213541015625 0.494906482421875 0.519295833984375 0.520858333984375
7 0.902966666015625 0.9109305546875 0.8875171875 0.8811444453125 0.879708853515625 0.865418517578125 0.869570833984375 0.8488194453125 0.859225521484375 0.836017591796875 0.8517625 0.838485185546875 0.850595833984375 0.853353703125 0.85961875 0.866390740234375 0.8709359375 0.880518517578125 0.879200521484375 0.89505 0.8914703125 0.91710462890625 0.901725 0.935016666015625 0.911565625 0.960789814453125 0.914830728515625 0.98337777734375 0.9157859375 0.99907407421875 0.925552083984375 0.99907407421875 0.9231078125 0.984706482421875 0.9201390625 0.964788888671875 0.912998958984375 0.939933333984375 0.902966666015625 0.9109305546875
5 0.091111458984375 0.26342037109375 0.093616146484375 0.284014814453125 0.099565103515625 0.298487037109375 0.108331771484375 0.303913888671875 0.114280728515625 0.296817591796875 0.113967708984375 0.27844907421875 0.109271353515625 0.25729722265625 0.102383333984375 0.247834259765625 0.092990103515625 0.25117407421875 0.091111458984375 0.26342037109375
5 0.1578015625 0.356375 0.152478646484375 0.365281482421875 0.154044271484375 0.380310185546875 0.159993228515625 0.386432408203125 0.1643765625 0.384762962890625 0.174708853515625 0.379753703125 0.181909896484375 0.374187037109375 0.183475521484375 0.360828703125 0.1790921875 0.3547055546875 0.1675078125 0.3547055546875 0.1578015625 0.356375
5 0.4788203125 0.775336111328125 0.470909896484375 0.785263888671875 0.476959375 0.806564814453125 0.494641666015625 0.803462962890625 0.507670833984375 0.794362962890625 0.509066666015625 0.777818517578125 0.505344271484375 0.764582408203125 0.494641666015625 0.76375462890625 0.4788203125 0.775336111328125
5 0.446684375 0.956028703125 0.435372396484375 0.961914814453125 0.433579166015625 0.9727055546875 0.4348203125 0.981288888671875 0.4385453125 0.986438888671875 0.4437875 0.987911111328125 0.44765 0.986684259765625 0.457996353515625 0.980308333984375 0.466686978515625 0.9719694453125 0.465583333984375 0.960687962890625 0.463100521484375 0.957009259765625 0.45730625 0.95725462890625 0.446684375 0.956028703125
7 0.38850625 0.84362037109375 0.382568228515625 0.83147592578125 0.373067708984375 0.8357 0.3683171875 0.8621018515625 0.376630208984375 0.9011768515625 0.384349478515625 0.967182408203125 0.3883171875 0.997175 0.399194271484375 0.99907407421875 0.387615103515625 0.9054018515625 0.388208853515625 0.889560185546875 0.389990625 0.871606482421875 0.38850625 0.84362037109375
7 0.278822396484375 0 0.2634828125 0.03912037109375 0.252497916015625 0.08294722265625 0.242403125 0.099316666015625 0.237059375 0.123606482421875 0.24091875 0.140503703125 0.248934896484375 0.144728703125 0.257247916015625 0.136807408203125 0.2602171875 0.11462962890625 0.2614046875 0.090868517578125 0.2667484375 0.068162037109375 0.279515103515625 0.029615740234375 0.288421875 0 0.278822396484375 0
7 0.183915103515625 0.16739537109375 0.197275521484375 0.195381482421875 0.199353646484375 0.221783333984375 0.1949 0.261386111328125 0.19015 0.28462037109375 0.197275521484375 0.291485185546875 0.212119791015625 0.230232408203125 0.206182291015625 0.196965740234375 0.197275521484375 0.17005462890625 0.182727603515625 0.1515731484375 0.164913541015625 0.133091666015625 0.132255208984375 0.120418517578125 0.090393228515625 0.120418517578125 0.078220833984375 0.117778703125 0.063079166015625 0.114082408203125 0.05090625 0.12094722265625 0.045265103515625 0.135732408203125 0.04971875 0.1478768515625 0.061000521484375 0.153685185546875 0.0746578125 0.1521018515625 0.081486458984375 0.14204907421875 0.111472916015625 0.1336 0.136411978515625 0.136240740234375 0.161647916015625 0.148385185546875 0.183915103515625 0.16739537109375
7 0.164022916015625 0.3405731484375 0.1723359375 0.386512962890625 0.184805728515625 0.416083333984375 0.197275521484375 0.4403731484375 0.203806771484375 0.43562037109375 0.181243228515625 0.386512962890625 0.1708515625 0.34110092578125 0.158976041015625 0.302553703125 0.134630728515625 0.25819907421875 0.098409375 0.212259259765625 0.085048958984375 0.19324907421875 0.078220833984375 0.175296296875 0.0731734375 0.160511111328125 0.059219271484375 0.157342591796875 0.04971875 0.164207408203125 0.047046875 0.1726555546875 0.05090625 0.187440740234375 0.057141146484375 0.200641666015625 0.068126041015625 0.213843517578125 0.078814583984375 0.21014722265625 0.103159896484375 0.231796296875 0.129286458984375 0.265591666015625 0.150069271484375 0.303082408203125 0.164022916015625 0.3405731484375
6 0.185399478515625 0.501078703125 0.158382291015625 0.4097268515625 0.139380728515625 0.337912962890625 0.128098958984375 0.28405277734375 0.128692708984375 0.25395462890625 0.1224578125 0.254482408203125 0.120704166015625 0.26275462890625 0.117410416015625 0.29197407421875 0.127505208984375 0.3389694453125 0.14888125 0.416591666015625 0.18955625 0.5385694453125 0.198166146484375 0.5348731484375 0.185399478515625 0.501078703125
7 0.1236453125 0.27402037109375 0.130770833984375 0.2888055546875 0.140271353515625 0.2961981484375 0.14888125 0.312038888671875 0.162241666015625 0.33474537109375 0.187180728515625 0.386493517578125 0.202322396484375 0.432432408203125 0.209447916015625 0.462531482421875 0.2147921875 0.458306482421875 0.205291666015625 0.406559259765625 0.182727603515625 0.350586111328125 0.160460416015625 0.30570277734375 0.148584375 0.286693517578125 0.147057291015625 0.271333333984375 0.142646875 0.25237037109375 0.137005728515625 0.240753703125 0.129880208984375 0.237585185546875 0.1239421875 0.241281482421875 0.1200828125 0.2528981484375 0.1236453125 0.27402037109375
7 0.756394791015625 0.40562407421875 0.793263541015625 0.38884907421875 0.814698958984375 0.374362037109375 0.811697916015625 0.359112962890625 0.769684896484375 0.38732407421875 0.742676041015625 0.39189907421875 0.716096353515625 0.378175 0.6830859375 0.349962962890625 0.647931771484375 0.3080268515625 0.640215103515625 0.288964814453125 0.630783333984375 0.269140740234375 0.615778646484375 0.25922777734375 0.606347396484375 0.270665740234375 0.605918228515625 0.2927768515625 0.614492708984375 0.305738888671875 0.62610625 0.319383333984375 0.638071353515625 0.32022592578125 0.663365103515625 0.34920092578125 0.690802603515625 0.378937037109375 0.722527083984375 0.40104907421875 0.756394791015625 0.40562407421875
7 0.829703646484375 0.186792591796875 0.8164140625 0.185267591796875 0.79455 0.19975462890625 0.776972916015625 0.221866666015625 0.713952603515625 0.284389814453125 0.692088541015625 0.33090092578125 0.660793228515625 0.39647407421875 0.645359375 0.429261111328125 0.656077083984375 0.4330731484375 0.677941146484375 0.389612037109375 0.6925171875 0.362162962890625 0.70495 0.339287962890625 0.7268140625 0.3004018515625 0.757252083984375 0.259990740234375 0.793263541015625 0.232541666015625 0.822844271484375 0.218816666015625 0.8327046875 0.203567591796875 0.829703646484375 0.186792591796875
7 0.649646353515625 0.429203703125 0.629497396484375 0.450553703125 0.5913421875 0.474189814453125 0.554044791015625 0.4947768515625 0.537325 0.4963018515625 0.517176041015625 0.501639814453125 0.5060296875 0.515363888671875 0.506458333984375 0.538238888671875 0.514175 0.547387962890625 0.523178125 0.544337962890625 0.534753125 0.533663888671875 0.544184375 0.526038888671875 0.572050521484375 0.5100268515625 0.6072046875 0.483339814453125 0.6350703125 0.46275277734375 0.651790103515625 0.442166666015625 0.649646353515625 0.429203703125
7 0.899154166015625 0.54662592578125 0.899583333984375 0.52832592578125 0.872145833984375 0.564162962890625 0.854140103515625 0.585512037109375 0.835277083984375 0.59694907421875 0.800980208984375 0.602287037109375 0.777830208984375 0.597712037109375 0.7521078125 0.58932407421875 0.737103125 0.577125 0.719526041015625 0.567975 0.7130953125 0.57865 0.712238021484375 0.596187037109375 0.721669271484375 0.60609907421875 0.735977603515625 0.609038888671875 0.7671125 0.61677407421875 0.806125 0.619061111328125 0.838706771484375 0.61219907421875 0.874718228515625 0.5817 0.899154166015625 0.54662592578125
7 0.820701041015625 0.658710185546875 0.812555208984375 0.696834259765625 0.819414583984375 0.704458333984375 0.831847396484375 0.6503231484375 0.849424478515625 0.59999907421875 0.863142708984375 0.558825 0.867858853515625 0.444453703125 0.864000521484375 0.391842591796875 0.863571875 0.356006482421875 0.860570833984375 0.334656482421875 0.849853125 0.3308444453125 0.845994791015625 0.359818517578125 0.8511390625 0.3849805546875 0.8567125 0.404042591796875 0.8601421875 0.458940740234375 0.8579984375 0.524513888671875 0.8442796875 0.58932407421875 0.820701041015625 0.658710185546875
7 0.814698958984375 0.782231482421875 0.836991666015625 0.8127305546875 0.867001041015625 0.83407962890625 0.885864583984375 0.834842591796875 0.8880078125 0.8234055546875 0.864000521484375 0.824167591796875 0.839992708984375 0.796718517578125 0.809983333984375 0.73877037109375 0.7902625 0.669384259765625 0.783832291015625 0.622111111328125 0.785975521484375 0.59694907421875 0.790691146484375 0.583225 0.79455 0.558825 0.791977603515625 0.536713888671875 0.7842609375 0.527563888671875 0.774829166015625 0.533663888671875 0.770970833984375 0.55272592578125 0.772958853515625 0.58045462890625 0.773971875 0.594662037109375 0.773114583984375 0.60762407421875 0.7774015625 0.6487981484375 0.791548958984375 0.715133333984375 0.814698958984375 0.782231482421875
7 0.961745833984375 0.48257777734375 0.947169791015625 0.492489814453125 0.92830625 0.506214814453125 0.900869271484375 0.519938888671875 0.860570833984375 0.561875 0.845994791015625 0.596187037109375 0.860570833984375 0.586275 0.887150521484375 0.54967592578125 0.91284375 0.52900277734375 0.936880728515625 0.521463888671875 0.9578875 0.5191768515625 0.973320833984375 0.5176518515625 0.981894791015625 0.4993518515625 0.980180208984375 0.47800277734375 0.961745833984375 0.48257777734375
2 0.7765578125 0.61690462890625 0.774602603515625 0.610166666015625 0.769836458984375 0.606253703125 0.763115103515625 0.605167591796875 0.758716146484375 0.61060092578125 0.756638541015625 0.618208333984375 0.757616146484375 0.628640740234375 0.7637734375 0.6369731484375 0.763359896484375 0.63842222265625 0.770325521484375 0.63690092578125 0.775091666015625 0.6349444453125 0.776924478515625 0.626685185546875 0.7765578125 0.61690462890625
7 0.968655728515625 0.975966666015625 0.961845833984375 0.99907407421875 0.967011978515625 0.99907407421875 0.977579166015625 0.973878703125 0.9825109375 0.950489814453125 0.9792234375 0.899133333984375 0.9679515625 0.8594555546875 0.948460416015625 0.817689814453125 0.920280728515625 0.782637962890625 0.909008853515625 0.769690740234375 0.901024478515625 0.75089537109375 0.8899875 0.7379481484375 0.882238021484375 0.74087222265625 0.878480728515625 0.752566666015625 0.8794203125 0.763843517578125 0.886934896484375 0.773031482421875 0.893744791015625 0.779713888671875 0.903372916015625 0.78639722265625 0.939536978515625 0.82644537109375 0.9552703125 0.855263888671875 0.9712390625 0.90162407421875 0.9745265625 0.943389814453125 0.968655728515625 0.975966666015625
7 0.756435416015625 0.927496296875 0.763414583984375 0.939061111328125 0.7699125 0.935634259765625 0.76895 0.9013694453125 0.7590828125 0.870958333984375 0.754269791015625 0.855111111328125 0.746086978515625 0.861536111328125 0.73140625 0.82769907421875 0.729240625 0.807996296875 0.722502083984375 0.787865740234375 0.715281771484375 0.7818694453125 0.7099875 0.77929907421875 0.705895833984375 0.787437037109375 0.705414583984375 0.802 0.705417708984375 0.8034518515625 0.717447916015625 0.825985185546875 0.727555728515625 0.842689814453125 0.741755208984375 0.875241666015625 0.746327603515625 0.89580092578125 0.74945625 0.906509259765625 0.756435416015625 0.927496296875
1 0.7600453125 0.903510185546875 0.7605265625 0.891517591796875 0.7598046875 0.872243517578125 0.756676041015625 0.858109259765625 0.751622396484375 0.854682408203125 0.745605728515625 0.85982222265625 0.73044375 0.826842591796875 0.728518228515625 0.82769907421875 0.726593228515625 0.83369537109375 0.730925 0.842689814453125 0.7400703125 0.864534259765625 0.748253125 0.887234259765625 0.753788021484375 0.90522407421875 0.7578796875 0.909935185546875 0.7600453125 0.903510185546875
7 0.902022916015625 0.629167591796875 0.896983853515625 0.651587037109375 0.8960390625 0.6672805546875 0.889425521484375 0.70035 0.883127083984375 0.734539814453125 0.8777734375 0.77265277734375 0.871789583984375 0.80964537109375 0.873994271484375 0.841032408203125 0.876198958984375 0.87129907421875 0.879663021484375 0.8914768515625 0.884386978515625 0.893718517578125 0.879347916015625 0.844956482421875 0.878403125 0.807403703125 0.8862765625 0.75527777734375 0.893519791015625 0.721087962890625 0.89981875 0.68857962890625 0.904857291015625 0.671764814453125 0.9101078125 0.667112037109375 0.916509896484375 0.654389814453125 0.922808333984375 0.63477222265625 0.919658853515625 0.622441666015625 0.9158796875 0.619078703125 0.909266666015625 0.615715740234375 0.902022916015625 0.629167591796875