7 0.507262900390625 0.400355724609375 0.50770955859375 0.38655819140625 0.50019678515625 0.3818043515625 0.49164825 0.386933541015625 0.48510685546875 0.412695734375 0.483119341796875 0.43374242578125 0.481524865234375 0.447927375 0.47191526953125 0.4956245 0.459726255859375 0.544582330078125 0.449419095703125 0.57852175 0.436656056640625 0.6199995546875 0.42472328515625 0.653315134765625 0.40407698828125 0.689950884765625 0.374669537109375 0.71505286328125 0.3632212421875 0.72714331640625 0.3787767578125 0.724134896484375 0.394853716796875 0.7136606328125 0.404172875 0.704905958984375 0.41601471484375 0.6859538671875 0.4242696796875 0.6724586015625 0.43299528125 0.653535158203125 0.440565548828125 0.63536765625 0.458929033203125 0.577624744140625 0.465559109375 0.552021501953125 0.476789134765625 0.51639069921875 0.48128717578125 0.49081515625 0.487828568359375 0.465052962890625 0.49268775 0.444196365234375 0.495669201171875 0.438739591796875 0.50128015234375 0.4265859609375 0.5051174140625 0.413791212890625 0.507262900390625 0.400355724609375
7 0 0.8695603828125 0.001624482421875 0.865151146484375 0.01660860546875 0.84198718359375 0.03036332421875 0.82659863671875 0.04695040625 0.80757698828125 0.058055654296875 0.795081357421875 0.07206286328125 0.78361528125 0.08359916015625 0.772739103515625 0.085549328125 0.757952935546875 0.078762431640625 0.753987615234375 0.06598153515625 0.764358806640625 0.0526139140625 0.7784873359375 0.041706607421875 0.792246171875 0.02040185546875 0.818169255859375 0.004558775390625 0.844452423828125 0 0.85301633203125 0 0.8695603828125
5 0.933581333984375 0.38614567578125 0.942409236328125 0.3732265625 0.949141015625 0.353602912109375 0.949849572265625 0.3412336328125 0.941355994140625 0.33601383984375 0.932651033203125 0.3438379140625 0.9236595859375 0.363551119140625 0.91953437890625 0.38145316015625 0.92387793359375 0.389631244140625 0.933581333984375 0.38614567578125
5 0.856188837890625 0.459605515625 0.863280677734375 0.454853935546875 0.867936732421875 0.440479158203125 0.864581896484375 0.430660607421875 0.855434849609375 0.427009599609375 0.84410362109375 0.424601072265625 0.838542998046875 0.4296790703125 0.837297056640625 0.44307100390625 0.843183365234375 0.450013205078125 0.85224838671875 0.457061205078125 0.856188837890625 0.459605515625
5 0.469144716796875 0.785078361328125 0.463471263671875 0.773722861328125 0.4504035703125 0.759105017578125 0.43976273828125 0.75768951171875 0.433369744140625 0.769862451171875 0.431295291015625 0.7863355703125 0.442147744140625 0.79794562890625 0.45879872265625 0.804656052734375 0.469144716796875 0.785078361328125
5 0.453541697265625 0.988936318359375 0.458975423828125 0.9885861796875 0.463689767578125 0.98432319140625 0.466688369140625 0.97618547265625 0.467177845703125 0.965257701171875 0.4573368515625 0.95714832421875 0.44669220703125 0.956139048828125 0.441075568359375 0.95469434375 0.437882166015625 0.957776453125 0.4344570859375 0.968581947265625 0.441224048828125 0.978545494140625 0.4500186796875 0.98693321875 0.453541697265625 0.988936318359375
7 0.509255494140625 1 0.515990595703125 0.981018447265625 0.5372645078125 0.918060197265625 0.55352001953125 0.881567453125 0.554362560546875 0.854754857421875 0.545947884765625 0.8486478203125 0.53761465234375 0.859292294921875 0.53034407421875 0.886358224609375 0.528354125 0.904290046875 0.525641232421875 0.919908982421875 0.49799049609375 1 0.509255494140625 1
7 0.81944378515625 0.204691603515625 0.828163185546875 0.202225580078125 0.835451353515625 0.186500013671875 0.835274515625 0.1616299609375 0.828803716796875 0.14351940234375 0.827170982421875 0.098366384765625 0.8203001875 0.056911609375 0.81091048046875 0.054915765625 0.81346516015625 0.08573615234375 0.8179386171875 0.126094458984375 0.818444650390625 0.14941577734375 0.81466598828125 0.172904546875 0.812959353515625 0.195215033203125 0.81944378515625 0.204691603515625
7 1 0.213584884765625 0.9920305546875 0.213823974609375 0.97957530859375 0.2138753203125 0.93862811328125 0.205171724609375 0.904048548828125 0.210777884765625 0.88278125 0.225151751953125 0.86470872265625 0.240204685546875 0.850401453125 0.26467590234375 0.837677171875 0.295981138671875 0.839461890625 0.358981693359375 0.8478589765625 0.35374837109375 0.84804344921875 0.33003425390625 0.851921005859375 0.290370927734375 0.85944297265625 0.2649780859375 0.87833007421875 0.240381326171875 0.904063109375 0.226416166015625 0.931272552734375 0.219783953125 0.956215677734375 0.22238604296875 0.983790197265625 0.23688501953125 0.988379533203125 0.248137875 1 0.252051521484375 1 0.213584884765625
7 1 0.256507041015625 0.9880830859375 0.256671990234375 0.980071974609375 0.270084671875 0.96966046875 0.286225490234375 0.9526395703125 0.302042470703125 0.90765831640625 0.339447546875 0.87462316015625 0.37777124609375 0.85499273046875 0.413007060546875 0.835386453125 0.455266185546875 0.80310597265625 0.498609255859375 0.808506341796875 0.504616095703125 0.825753775390625 0.4834496875 0.84409909765625 0.457118115234375 0.861781884765625 0.4139105703125 0.88322537109375 0.38014021875 0.91134879296875 0.34778973046875 0.943930880859375 0.320164888671875 0.97224528515625 0.30405057421875 0.981931755859375 0.309888369140625 0.995421421875 0.299258896484375 1 0.293244673828125 1 0.256507041015625
6 0.920337962890625 0.338342990234375 0.914349044921875 0.3365304375 0.9086720625 0.36609431640625 0.886438666015625 0.416431916015625 0.852921384765625 0.4827258515625 0.807501470703125 0.5664642578125 0.7879875234375 0.596865873046875 0.795640771484375 0.60227149609375 0.86078753125 0.49141603125 0.897835021484375 0.41993437109375 0.91748010546875 0.376064787109375 0.920333396484375 0.346799046875 0.920337962890625 0.338342990234375
7 0.88808526171875 0.364418193359375 0.872516494140625 0.38054288671875 0.841404126953125 0.419815802734375 0.807695671875 0.46987447265625 0.787643908203125 0.518515625 0.791992966796875 0.52375943359375 0.8052207265625 0.495799576171875 0.829582744140625 0.454012689453125 0.864735873046875 0.40858048828125 0.882525275390625 0.389147982421875 0.8942405 0.375443498046875 0.90507041796875 0.370187720703125 0.9151142421875 0.357207107421875 0.92299044921875 0.337287140625 0.92163065234375 0.32512191796875 0.916590892578125 0.320271810546875 0.9089623125 0.321889609375 0.901029197265625 0.332079564453125 0.892772537109375 0.3497111640625 0.88808526171875 0.364418193359375
7 0.439480453125 0.275283537109375 0.443657822265625 0.253566376953125 0.43681075390625 0.240417494140625 0.420072935546875 0.246994185546875 0.406725615234375 0.264424080078125 0.39521435546875 0.281465181640625 0.3521093828125 0.31517592578125 0.313954712890625 0.3359082109375 0.285102458984375 0.34380615234375 0.2596350078125 0.333715669921875 0.224405494140625 0.297386041015625 0.2182995703125 0.311677935546875 0.236254548828125 0.3303050703125 0.268829908203125 0.354378939453125 0.302908720703125 0.35694540625 0.338537296875 0.3419124609375 0.37155770703125 0.318530732421875 0.40232296875 0.295447771484375 0.414201791015625 0.29711127734375 0.42839838671875 0.286179587890625 0.439480453125 0.275283537109375
7 0.34034770703125 0.325148458984375 0.3488982421875 0.355028234375 0.36124844921875 0.40208541015625 0.372524517578125 0.40058501171875 0.364244740234375 0.365305572265625 0.347266728515625 0.294658693359375 0.33555065234375 0.244618166015625 0.286906779296875 0.170358638671875 0.274311146484375 0.145075322265625 0.255936890625 0.12635906640625 0.242620650390625 0.125087681640625 0.236197470703125 0.14087215625 0.242671953125 0.15783809765625 0.268752685546875 0.177413353515625 0.29827022265625 0.211749802734375 0.319641158203125 0.25760625390625 0.332942560546875 0.30018840625 0.34034770703125 0.325148458984375
7 0.4681099921875 0.538550068359375 0.47628224609375 0.5434052734375 0.485732484375 0.536060513671875 0.490907744140625 0.5137745078125 0.482858359375 0.498032880859375 0.464259529296875 0.488622361328125 0.448222171875 0.4836544453125 0.41602009765625 0.455762720703125 0.383612896484375 0.424710201171875 0.36834315625 0.399637544921875 0.3635511015625 0.411871525390625 0.375625431640625 0.435484021484375 0.39860183984375 0.461414771484375 0.427439255859375 0.494827595703125 0.45136737109375 0.516283427734375 0.459007197265625 0.525702671875 0.4681099921875 0.538550068359375
7 0.272401478515625 0.549958353515625 0.275209076171875 0.532626302734375 0.27113833203125 0.520847552734375 0.25204295703125 0.526143123046875 0.234829828125 0.534955966796875 0.207925572265625 0.537812646484375 0.184330259765625 0.537474515625 0.1518926796875 0.525122478515625 0.135819755859375 0.510013525390625 0.12264621484375 0.48538737890625 0.103259228515625 0.444628890625 0.099874234375 0.462618220703125 0.11648387890625 0.502006359375 0.14536728515625 0.539326158203125 0.175810369140625 0.552812375 0.214445853515625 0.55868646875 0.24650861328125 0.557593625 0.26111549609375 0.557692921875 0.272401478515625 0.549958353515625
7 0.192961421875 0.261802345703125 0.181685353515625 0.263302744140625 0.174310978515625 0.2835622421875 0.166440953125 0.318526126953125 0.15172846875 0.3691853671875 0.13256242578125 0.48203791796875 0.13742030859375 0.525164419921875 0.144150326171875 0.5780432734375 0.14505611328125 0.63358040234375 0.153350728515625 0.627549076171875 0.15330934375 0.5885644921875 0.144672130859375 0.515792357421875 0.144727962890625 0.449546140625 0.156264484375 0.384960212890625 0.17103319140625 0.33197479296875 0.180448056640625 0.31448808984375 0.19071139453125 0.29094545703125 0.192961421875 0.261802345703125
7 0.22417739453125 0.4757880546875 0.2162199921875 0.46786037890625 0.206769560546875 0.475206044921875 0.19965621875 0.49629914453125 0.198357701171875 0.52096824609375 0.200116884765625 0.535372849609375 0.196981798828125 0.560430638671875 0.18086346484375 0.60533383984375 0.14714739453125 0.669103505859375 0.10574569921875 0.719546046875 0.07655553125 0.7414037890625 0.05323129296875 0.7356670078125 0.05294979296875 0.74729971875 0.071559751953125 0.750475380859375 0.105352072265625 0.735832134765625 0.133498744140625 0.710634455078125 0.170093349609375 0.649815716796875 0.197723453125 0.5878715234375 0.210477322265625 0.548488515625 0.21233372265625 0.53563148828125 0.216278494140625 0.521945166015625 0.223988193359375 0.495235734375 0.22417739453125 0.4757880546875
7 0.11098144140625 0.468097267578125 0.129370921875 0.50942279296875 0.141567615234375 0.5221487578125 0.13444396875 0.485555990234375 0.10374515625 0.436157767578125 0.07976113671875 0.41702912890625 0.064163396484375 0.399682103515625 0.051966705078125 0.38695613671875 0.034886361328125 0.378648390625 0.0287705234375 0.399174455078125 0.0333523359375 0.418857181640625 0.048131349609375 0.423557626953125 0.0682035703125 0.430162240234375 0.090147859375 0.442533955078125 0.11098144140625 0.468097267578125
2 0.224392732421875 0.562267044921875 0.223942197265625 0.55439391796875 0.220769021484375 0.548164720703125 0.213968728515625 0.547829650390625 0.20849318359375 0.55066616796875 0.20517980078125 0.55685037890625 0.202787654296875 0.566340974609375 0.20286321875 0.5748008125 0.2071184375 0.5777054765625 0.21361555078125 0.580641763671875 0.213512326171875 0.579138375 0.221267470703125 0.57226822265625 0.224392732421875 0.562267044921875
7 0 0.730486267578125 0.002196150390625 0.727926880859375 0.045896419921875 0.696272810546875 0.056703689453125 0.69173732421875 0.064754123046875 0.68661680078125 0.074014779296875 0.679191984375 0.077278421875 0.66835691015625 0.07603464453125 0.656136833984375 0.0690624609375 0.65166544921875 0.055574787109375 0.66203502734375 0.04385711328125 0.67875962890625 0.030139677734375 0.689080369140625 0 0.713664060546875 0 0.730486267578125
7 0.23628488671875 0.752692482421875 0.238841962890625 0.738347697265625 0.2365316875 0.72953686328125 0.23081869921875 0.73095032421875 0.222509466796875 0.7353143984375 0.211732802734375 0.753604033203125 0.2055180625 0.772425998046875 0.18412302734375 0.8024713203125 0.17745486328125 0.794485419921875 0.169452193359375 0.808985658203125 0.153477802734375 0.8366807109375 0.145412279296875 0.869996642578125 0.15105571875 0.8746996015625 0.1602868359375 0.864838556640625 0.171476939453125 0.845761185546875 0.17676360546875 0.835937337890625 0.18551059375 0.816778001953125 0.20616769140625 0.78788972265625 0.2195277109375 0.7736516640625 0.23597997265625 0.75411195703125 0.23628488671875 0.752692482421875
1 0.208342974609375 0.773026451171875 0.206637603515625 0.77178834765625 0.184950099609375 0.80089494140625 0.180133537109375 0.7946165078125 0.17447784375 0.796917763671875 0.168478888671875 0.810092671875 0.163765484375 0.828795474609375 0.16174281640625 0.84062605859375 0.16252528515625 0.847360916015625 0.167507033203125 0.843603458984375 0.176661271484375 0.82715753515625 0.189384865234375 0.80665488671875 0.202872046875 0.787189212890625 0.208979208984375 0.7792919453125 0.208342974609375 0.773026451171875
7 0.0682778984375 0.58383677734375 0.06971033984375 0.60133171875 0.0691127890625 0.634439294921875 0.0690892734375 0.669387931640625 0.065953068359375 0.72201176171875 0.057221259765625 0.75854748828125 0.0421541171875 0.80519627734375 0.047240912109375 0.80398576171875 0.05482447265625 0.78496913671875 0.063273775390625 0.75582225 0.071956017578125 0.7255794765625 0.073794119140625 0.688151146484375 0.076481591796875 0.64975795703125 0.07742925390625 0.61500575390625 0.0778357578125 0.581283921875 0.080174478515625 0.565736912109375 0.079906796875 0.542759705078125 0.07561813671875 0.52809575 0.068450427734375 0.530010298828125 0.06405464453125 0.532514041015625 0.058410322265625 0.543920330078125 0.060492396484375 0.56441875 0.06410948046875 0.578194029296875 0.0682778984375 0.58383677734375