7 0.602480208984375 0.598489814453125 0.598847916015625 0.559032408203125 0.5867421875 0.515988888671875 0.570117708984375 0.48704537109375 0.56979375 0.50737962890625 0.586338541015625 0.5733805546875 0.589163021484375 0.645837962890625 0.573425521484375 0.68959907421875 0.5471953125 0.7132731484375 0.521369271484375 0.699642591796875 0.5011921875 0.683860185546875 0.487875521484375 0.69175092578125 0.486665103515625 0.716142591796875 0.505227603515625 0.738382408203125 0.527825521484375 0.73909907421875 0.562933333984375 0.73622962890625 0.58553125 0.70825092578125 0.600058853515625 0.65659907421875 0.603286978515625 0.629337962890625 0.602480208984375 0.598489814453125
7 0.570439583984375 0.3837444453125 0.566079166015625 0.414309259765625 0.569833333984375 0.43449722265625 0.580923958984375 0.446067591796875 0.6022890625 0.446093517578125 0.6377640625 0.44252592578125 0.642416146484375 0.408115740234375 0.6269578125 0.389912037109375 0.5912625 0.38012407421875 0.570439583984375 0.3837444453125
7 0.811108333984375 0.444966666015625 0.781246353515625 0.44855277734375 0.752998958984375 0.468640740234375 0.725961978515625 0.4959018515625 0.703767708984375 0.533206482421875 0.6899421875 0.57552592578125 0.681694791015625 0.623538888671875 0.6852046875 0.6687944453125 0.694889583984375 0.700360185546875 0.7250359375 0.7096481484375 0.706995833984375 0.664489814453125 0.696907291015625 0.624315740234375 0.704574478515625 0.5784018515625 0.722330208984375 0.5339231484375 0.7461390625 0.50809722265625 0.779632291015625 0.490162037109375 0.806265625 0.490162037109375 0.818775521484375 0.470075 0.811108333984375 0.444966666015625
7 0.455497916015625 0.482358333984375 0.466938021484375 0.46362592578125 0.4735609375 0.431513888671875 0.4654328125 0.4245555546875 0.455196875 0.455062962890625 0.438638541015625 0.473260185546875 0.410941666015625 0.47379537109375 0.385652603515625 0.455062962890625 0.368191666015625 0.434189814453125 0.356450521484375 0.4213444453125 0.345010416015625 0.429908333984375 0.3456125 0.449711111328125 0.358858853515625 0.46362592578125 0.3808359375 0.477541666015625 0.391975 0.487711111328125 0.415457291015625 0.4973444453125 0.441347916015625 0.495203703125 0.455497916015625 0.482358333984375
7 0.312914583984375 0.702912962890625 0.328813021484375 0.711906482421875 0.334594271484375 0.69777407421875 0.326644791015625 0.675933333984375 0.3013515625 0.668225 0.260882291015625 0.652165740234375 0.220413021484375 0.6515231484375 0.1871703125 0.677860185546875 0.1698265625 0.7041981484375 0.152422916015625 0.730984259765625 0.143216666015625 0.75167407421875 0.150676041015625 0.75687222265625 0.170548958984375 0.734388888671875 0.187531771484375 0.710621296875 0.208850521484375 0.684284259765625 0.235950521484375 0.67464907421875 0.264857291015625 0.677218517578125 0.295931771484375 0.6887805546875 0.312914583984375 0.702912962890625
7 0.154997396484375 0.312910185546875 0.180749478515625 0.303408333984375 0.1880375 0.285268517578125 0.173946875 0.2774944453125 0.149652603515625 0.285268517578125 0.128273958984375 0.239487962890625 0.11855625 0.185932408203125 0.133618228515625 0.122875 0.1583984375 0.100416666015625 0.17491875 0.06500092578125 0.164229166015625 0.042541666015625 0.147709375 0.0434055546875 0.132104166015625 0.05942037109375 0.1100234375 0.103565740234375 0.096619271484375 0.158365740234375 0.09790625 0.22922592578125 0.1151546875 0.27317592578125 0.135076041015625 0.3025444453125 0.154997396484375 0.312910185546875
5 0.3255609375 0.70227037109375 0.3168890625 0.692635185546875 0.3082171875 0.6894231484375 0.30388125 0.69520462890625 0.3056875 0.7086944453125 0.309301041015625 0.721541666015625 0.314359896484375 0.732943517578125 0.319418228515625 0.7414555546875 0.32700625 0.7465944453125 0.333148958984375 0.73952777734375 0.3353171875 0.723468517578125 0.331703646484375 0.7125481484375 0.3255609375 0.70227037109375
5 0.26036875 0.095357408203125 0.252167708984375 0.095357408203125 0.2482453125 0.108665740234375 0.2450359375 0.13147962890625 0.2465671875 0.1488805546875 0.256090103515625 0.15302592578125 0.263578125 0.148589814453125 0.264291146484375 0.134013888671875 0.264291146484375 0.1131018515625 0.26036875 0.095357408203125
5 0.3423828125 0.469941666015625 0.333468228515625 0.46487222265625 0.32740625 0.47057592578125 0.326693228515625 0.485785185546875 0.332755208984375 0.5054305546875 0.339270833984375 0.516525 0.349870833984375 0.523808333984375 0.353436978515625 0.513668517578125 0.353080208984375 0.498459259765625 0.346661458984375 0.485785185546875 0.3423828125 0.469941666015625
5 0.651890103515625 0.569478703125 0.6437609375 0.561940740234375 0.6342171875 0.570106482421875 0.632803646484375 0.585183333984375 0.636691666015625 0.59837407421875 0.640226041015625 0.610309259765625 0.6490625 0.62350092578125 0.654364583984375 0.619732408203125 0.656485416015625 0.605912037109375 0.655425 0.58769537109375 0.651890103515625 0.569478703125
5 0.865702083984375 0.274767591796875 0.854800521484375 0.277535185546875 0.841407291015625 0.283071296875 0.834866146484375 0.29857037109375 0.835800521484375 0.312409259765625 0.840083333984375 0.321066666015625 0.847636458984375 0.320712037109375 0.856669271484375 0.3113018515625 0.865702083984375 0.297462962890625 0.868816666015625 0.284731482421875 0.865702083984375 0.274767591796875
5 0.9622578125 0.736510185546875 0.955094271484375 0.75034907421875 0.951668228515625 0.76142037109375 0.954159896484375 0.7741518515625 0.958831771484375 0.7774731484375 0.9631046875 0.777853703125 0.9756515625 0.7702768515625 0.9849953125 0.759759259765625 0.985618228515625 0.74315277734375 0.981569271484375 0.731528703125 0.973159375 0.7271 0.9622578125 0.736510185546875
5 0.951415103515625 0.89455277734375 0.943099478515625 0.896108333984375 0.9402546875 0.908942591796875 0.9406921875 0.929165740234375 0.9411296875 0.943166666015625 0.9444125 0.94744537109375 0.9487890625 0.947056482421875 0.952290625 0.938888888671875 0.954478646484375 0.920610185546875 0.9562296875 0.903108333984375 0.951415103515625 0.89455277734375
7 0.943695833984375 0.690235185546875 0.9284421875 0.75712592578125 0.924170833984375 0.762911111328125 0.917459375 0.78352037109375 0.9137984375 0.800513888671875 0.914205208984375 0.8149768515625 0.9188828125 0.822931482421875 0.92254375 0.816062037109375 0.925797916015625 0.805937962890625 0.930679166015625 0.80015277734375 0.934746875 0.788221296875 0.9361703125 0.773758333984375 0.935356771484375 0.76399537109375 0.942271875 0.726392591796875 0.952034375 0.6971055546875 0.963627083984375 0.673964814453125 0.978880728515625 0.660587037109375 0.99169375 0.659863888671875 0.999479166015625 0.6609481484375 0.999479166015625 0.6515481484375 0.993320833984375 0.6486555546875 0.979897916015625 0.649739814453125 0.963627083984375 0.660225 0.943695833984375 0.690235185546875
6 0.9137984375 0.80087592578125 0.902408853515625 0.770865740234375 0.897934375 0.73760092578125 0.898544791015625 0.71409907421875 0.892036458984375 0.71337592578125 0.893053125 0.760741666015625 0.905663021484375 0.798706482421875 0.924374478515625 0.827993517578125 0.943898958984375 0.85077222265625 0.9754234375 0.874636111328125 0.999015625 0.89162962890625 0.999479166015625 0.877889814453125 0.984982291015625 0.86740462890625 0.957729166015625 0.84860277734375 0.9371875 0.82835462890625 0.9137984375 0.80087592578125
7 0.743367708984375 0.865588888671875 0.733597396484375 0.883682408203125 0.724641146484375 0.909737037109375 0.706728646484375 0.948818517578125 0.681488541015625 0.99907407421875 0.694108333984375 0.99907407421875 0.710392708984375 0.97125462890625 0.7340046875 0.92927777734375 0.755173958984375 0.90249907421875 0.757209375 0.880063888671875 0.751102603515625 0.867760185546875 0.743367708984375 0.865588888671875
6 0.813935416015625 0.273681482421875 0.8056140625 0.257037962890625 0.783250521484375 0.280153703125 0.739042708984375 0.34395092578125 0.706797396484375 0.40404907421875 0.694835416015625 0.459525 0.6761125 0.50760462890625 0.68339375 0.51685 0.6901546875 0.509453703125 0.700556771484375 0.478017591796875 0.707317708984375 0.4475055546875 0.721880208984375 0.40127592578125 0.74424375 0.35689537109375 0.775448958984375 0.318062037109375 0.813935416015625 0.273681482421875
6 0.099240103515625 0.541662037109375 0.112878646484375 0.544757408203125 0.123034896484375 0.5323768515625 0.116941146484375 0.5184481484375 0.107075 0.524638888671875 0.089374478515625 0.523606482421875 0.079508333984375 0.530312962890625 0.062968228515625 0.55817037109375 0.052811978515625 0.587058333984375 0.051941666015625 0.635034259765625 0.0533921875 0.6861055546875 0.056584375 0.726343517578125 0.068771875 0.769160185546875 0.082119791015625 0.782057408203125 0.085311978515625 0.770192591796875 0.072253646484375 0.753168517578125 0.064129166015625 0.72582777734375 0.061807291015625 0.70055 0.0615171875 0.65670092578125 0.060066666015625 0.620589814453125 0.0615171875 0.5917018515625 0.0737046875 0.560233333984375 0.085311978515625 0.544241666015625 0.099240103515625 0.541662037109375
6 0.282341666015625 0.368846296875 0.2718953125 0.33067222265625 0.271024478515625 0.304362962890625 0.2756671875 0.285791666015625 0.2797296875 0.253291666015625 0.275377083984375 0.24710092578125 0.264930728515625 0.281664814453125 0.2597078125 0.3033305546875 0.2637703125 0.33737777734375 0.270444271484375 0.366782408203125 0.280600521484375 0.38999722265625 0.301203125 0.4137268515625 0.326738541015625 0.43900462890625 0.33950625 0.4544805546875 0.370264583984375 0.482337037109375 0.375197916015625 0.473567591796875 0.343858853515625 0.437456482421875 0.3041046875 0.401346296875 0.282341666015625 0.368846296875
1 0.619659375 0.4159481484375 0.618340103515625 0.416240740234375 0.616361978515625 0.416240740234375 0.610757291015625 0.414775 0.610097916015625 0.421810185546875 0.613065103515625 0.421810185546875 0.616856771484375 0.422688888671875 0.620153646484375 0.42005092578125 0.622791146484375 0.4168268515625 0.622791146484375 0.415362037109375 0.622791146484375 0.408912962890625 0.620813021484375 0.404810185546875 0.614878646484375 0.402758333984375 0.611416666015625 0.407740740234375 0.608614583984375 0.413016666015625 0.604131576171875 0.418915572265625 0.604988021484375 0.418292591796875 0.605152603515625 0.4203444453125 0.603794318359375 0.423833423828125 0.605977083984375 0.422396296875 0.609438541015625 0.415068517578125 0.611252083984375 0.411258333984375 0.612241146484375 0.40862037109375 0.614219271484375 0.4074481484375 0.618010416015625 0.406568517578125 0.620318228515625 0.408034259765625 0.620483333984375 0.410378703125 0.620647916015625 0.414482408203125 0.619659375 0.4159481484375
1 0.580590625 0.407740740234375 0.578118228515625 0.409206482421875 0.5763046875 0.4124305546875 0.5756453125 0.415068517578125 0.5756453125 0.419758333984375 0.576634375 0.424740740234375 0.5789421875 0.427964814453125 0.583393228515625 0.42972407421875 0.592130208984375 0.4294305546875 0.596251041015625 0.4294305546875 0.601526041015625 0.4253268515625 0.60317803515625 0.42423918359375 0.598558853515625 0.425034259765625 0.59819516015625 0.424636166015625 0.600372396484375 0.423862037109375 0.604131576171875 0.418915572265625 0.601361458984375 0.4209305546875 0.599053646484375 0.42122407421875 0.597899478515625 0.4209305546875 0.596416146484375 0.416240740234375 0.592954166015625 0.410378703125 0.588668228515625 0.405396296875 0.580590625 0.407740740234375
4 0.92978125 0.779864814453125 0.932486978515625 0.7661731484375 0.937273958984375 0.735458333984375 0.9431015625 0.710293517578125 0.953716146484375 0.6855 0.967660416015625 0.666996296875 0.979940103515625 0.65774537109375 0.998952603515625 0.65922592578125 0.999479166015625 0.65515462890625 0.998744791015625 0.6540444453125 0.9793890625 0.65330462890625 0.9693984375 0.65922592578125 0.958576041015625 0.671067591796875 0.946713021484375 0.694011111328125 0.9402609375 0.710293517578125 0.933392708984375 0.741378703125 0.925483853515625 0.7883768515625 0.9204890625 0.808360185546875 0.919031771484375 0.81132037109375 0.919031771484375 0.8076194453125 0.920905208984375 0.801328703125 0.922154166015625 0.796887962890625 0.919065625 0.795962037109375 0.916253125 0.807989814453125 0.916044791015625 0.816871296875 0.919166666015625 0.815761111328125 0.9222890625 0.809839814453125 0.924786458984375 0.80169907421875 0.92978125 0.779864814453125
7 0.139402083984375 0.407460185546875 0.133586458984375 0.423882408203125 0.1260609375 0.441521296875 0.119561458984375 0.4524694453125 0.108615103515625 0.457943517578125 0.093221353515625 0.46037592578125 0.083984896484375 0.46037592578125 0.0716703125 0.457335185546875 0.0614078125 0.45125277734375 0.055934375 0.44699537109375 0.0466984375 0.423882408203125 0.043277603515625 0.406243517578125 0.0374625 0.39042962890625 0.038830728515625 0.403810185546875 0.047040625 0.437262962890625 0.055250521484375 0.457335185546875 0.079880208984375 0.468283333984375 0.104852083984375 0.470108333984375 0.1260609375 0.459768517578125 0.1363234375 0.44212962890625 0.1452171875 0.417191666015625 0.149322396484375 0.386171296875 0.148638021484375 0.364883333984375 0.14624375 0.33994537109375 0.1465859375 0.333862962890625 0.149664583984375 0.316832408203125 0.149664583984375 0.302843517578125 0.149664583984375 0.291287037109375 0.139402083984375 0.288853703125 0.137691666015625 0.296761111328125 0.1356390625 0.306492591796875 0.137007291015625 0.3235231484375 0.139059896484375 0.33325462890625 0.142540103515625 0.33927037109375 0.144875521484375 0.350286111328125 0.144875521484375 0.368532408203125 0.144875521484375 0.3794805546875 0.144875521484375 0.389212962890625 0.139402083984375 0.407460185546875
7 0.349096875 0.534581482421875 0.355938541015625 0.5041694453125 0.357991146484375 0.479839814453125 0.358675 0.457943517578125 0.360727603515625 0.44030462890625 0.3641484375 0.42144907421875 0.362438021484375 0.42144907421875 0.357306771484375 0.44212962890625 0.3545703125 0.470716666015625 0.352859896484375 0.501736111328125 0.345676041015625 0.5303231484375 0.336782291015625 0.5540444453125 0.316941666015625 0.564992591796875 0.2950484375 0.559518517578125 0.272471353515625 0.53762222265625 0.256393228515625 0.513292591796875 0.242368228515625 0.488963888671875 0.244420833984375 0.483488888671875 0.238947396484375 0.47679907421875 0.23586875 0.465242591796875 0.227316666015625 0.4506444453125 0.221843228515625 0.4524694453125 0.2208171875 0.457943517578125 0.2208171875 0.467066666015625 0.224238021484375 0.479839814453125 0.233131771484375 0.488963888671875 0.2383234375 0.49485462890625 0.268023958984375 0.54127222265625 0.297443228515625 0.564992591796875 0.323441146484375 0.570466666015625 0.338150521484375 0.55647777734375 0.349096875 0.534581482421875
7 0.225413541015625 0.276289814453125 0.213658333984375 0.293262962890625 0.205895833984375 0.303131482421875 0.196802083984375 0.3035268515625 0.185711978515625 0.295631482421875 0.1812765625 0.2826055546875 0.179502083984375 0.2676055546875 0.1801671875 0.24707962890625 0.18526875 0.233658333984375 0.191922396484375 0.2301055546875 0.195693228515625 0.233263888671875 0.197245833984375 0.241158333984375 0.193696875 0.24905277734375 0.192144271484375 0.25655277734375 0.199241666015625 0.256158333984375 0.204565103515625 0.247868517578125 0.204121353515625 0.235237037109375 0.200351041015625 0.225763888671875 0.195471353515625 0.2210268515625 0.191035416015625 0.2210268515625 0.1806109375 0.225368517578125 0.17661875 0.238 0.173735416015625 0.264842591796875 0.173957291015625 0.282211111328125 0.179058333984375 0.2976055546875 0.186599478515625 0.307078703125 0.192809896484375 0.3126055546875 0.201459896484375 0.314184259765625 0.218094271484375 0.303921296875 0.234285416015625 0.283789814453125 0.244266146484375 0.27194722265625 0.253359896484375 0.25497407421875 0.252251041015625 0.238 0.2420484375 0.23247407421875 0.2331765625 0.22457962890625 0.234507291015625 0.201684259765625 0.234285416015625 0.186289814453125 0.22851875 0.184316666015625 0.221865103515625 0.188263888671875 0.218538021484375 0.20207962890625 0.221199478515625 0.21905277734375 0.2238609375 0.231684259765625 0.226966146484375 0.2435268515625 0.2416046875 0.250237037109375 0.240717708984375 0.255763888671875 0.234951041015625 0.26405277734375 0.225413541015625 0.276289814453125
4 0.2336203125 0.24747407421875 0.23805625 0.249842591796875 0.2416046875 0.255368517578125 0.2338421875 0.26405277734375 0.2238609375 0.278262962890625 0.212993228515625 0.294842591796875 0.2063390625 0.303131482421875 0.199463541015625 0.300368517578125 0.190591666015625 0.297211111328125 0.185711978515625 0.287737037109375 0.1806109375 0.27747407421875 0.1806109375 0.2601055546875 0.183716146484375 0.2360268515625 0.1894828125 0.23207962890625 0.196136458984375 0.2376055546875 0.196136458984375 0.24905277734375 0.192588021484375 0.2601055546875 0.199685416015625 0.261289814453125 0.204121353515625 0.25339537109375 0.205230208984375 0.236815740234375 0.203677603515625 0.2285268515625 0.200351041015625 0.223789814453125 0.19391875 0.2226055546875 0.18438125 0.22457962890625 0.179280208984375 0.23207962890625 0.176175 0.2419481484375 0.173957291015625 0.259315740234375 0.174622396484375 0.279842591796875 0.17573125 0.292868517578125 0.183716146484375 0.303921296875 0.202125 0.317342591796875 0.216985416015625 0.302342591796875 0.234729166015625 0.2755 0.248702083984375 0.26444722265625 0.253581771484375 0.246289814453125 0.249367708984375 0.235631482421875 0.2338421875 0.2305 0.2331765625 0.23089537109375 0.2245265625 0.2344481484375 0.225191666015625 0.239184259765625 0.230293228515625 0.244711111328125 0.2336203125 0.24747407421875
5 0.524208853515625 0.895156482421875 0.513296875 0.895803703125 0.514388021484375 0.906162037109375 0.519819271484375 0.920807408203125 0.526027603515625 0.936587037109375 0.533302083984375 0.9469444453125 0.538758333984375 0.9443555546875 0.542031771484375 0.93399722265625 0.533302083984375 0.911340740234375 0.524208853515625 0.895156482421875
7 0.1885265625 0.952737962890625 0.191325 0.91677037109375 0.200652603515625 0.894636111328125 0.210913021484375 0.881908333984375 0.228325 0.8719481484375 0.239829166015625 0.87582222265625 0.247291146484375 0.885228703125 0.265324478515625 0.8891018515625 0.273408333984375 0.894636111328125 0.279316146484375 0.906809259765625 0.282114583984375 0.9178768515625 0.28615625 0.922857408203125 0.2852234375 0.90570277734375 0.274963021484375 0.8813555546875 0.2550640625 0.876375 0.230811978515625 0.86032777734375 0.206560416015625 0.87139537109375 0.1888375 0.896296296875 0.182308333984375 0.928390740234375 0.182308333984375 0.95107777734375 0.177644271484375 0.959378703125 0.174846353515625 0.96712592578125 0.174846353515625 0.989812962890625 0.181375521484375 0.99907407421875 0.184795833984375 0.99907407421875 0.187905208984375 0.993133333984375 0.190703125 0.97099907421875 0.1885265625 0.952737962890625