5 0.325725 0.5301055546875 0.344283333984375 0.5368731484375 0.348566146484375 0.519531482421875 0.3335765625 0.495843517578125 0.322155728515625 0.4941518515625 0.3162078125 0.508956482421875 0.325725 0.5301055546875
7 0.025214583984375 0.255068517578125 0.039683853515625 0.259243517578125 0.085133333984375 0.307571296875 0.1046984375 0.3231018515625 0.134593228515625 0.336884259765625 0.1844984375 0.344014814453125 0.197866146484375 0.3432231484375 0.205886458984375 0.336092591796875 0.203213021484375 0.32262407421875 0.1791515625 0.32500092578125 0.123898958984375 0.315493517578125 0.078449478515625 0.284596296875 0.046993228515625 0.24367962890625 0.041115103515625 0.22835 0.031217708984375 0.21567037109375 0.021415103515625 0.211708333984375 0.015177083984375 0.219631482421875 0.016019791015625 0.2393731484375 0.025214583984375 0.255068517578125
7 0.293063021484375 0.726489814453125 0.285246353515625 0.7155194453125 0.276183853515625 0.718107408203125 0.26795 0.73642777734375 0.259793228515625 0.763466666015625 0.2412390625 0.8044555546875 0.224061458984375 0.838253703125 0.210155728515625 0.8684194453125 0.2038796875 0.88957777734375 0.201576041015625 0.901112037109375 0.203677603515625 0.908309259765625 0.215127603515625 0.88189722265625 0.228753125 0.858368517578125 0.2378765625 0.836762962890625 0.2489359375 0.8151731484375 0.263282291015625 0.78622222265625 0.276224478515625 0.776716666015625 0.290766146484375 0.749381482421875 0.293063021484375 0.726489814453125
5 0.476809896484375 0.632468517578125 0.476809896484375 0.650233333984375 0.4791890625 0.663768517578125 0.4827578125 0.674343517578125 0.489181771484375 0.681111111328125 0.4929890625 0.67815 0.4965578125 0.66757592578125 0.493702603515625 0.648541666015625 0.4879921875 0.63035277734375 0.485851041015625 0.622316666015625 0.477761458984375 0.621893517578125 0.476809896484375 0.632468517578125
5 0.511309375 0.507687962890625 0.50274375 0.50937962890625 0.489419791015625 0.517838888671875 0.483709375 0.52629907421875 0.484899478515625 0.537296296875 0.489181771484375 0.543958333984375 0.4982234375 0.543641666015625 0.506788541015625 0.54194907421875 0.514164583984375 0.538142591796875 0.516067708984375 0.523761111328125 0.515116146484375 0.512762962890625 0.511309375 0.507687962890625
5 0.5365296875 0.495421296875 0.5270125 0.49965092578125 0.518209375 0.50557222265625 0.517971353515625 0.514878703125 0.519398958984375 0.52502962890625 0.522967708984375 0.52577037109375 0.533198958984375 0.527990740234375 0.542002083984375 0.52587592578125 0.549140103515625 0.517415740234375 0.548902083984375 0.502188888671875 0.5450953125 0.496266666015625 0.5365296875 0.495421296875
5 0.488230208984375 0.4417018515625 0.477761458984375 0.448046296875 0.477761458984375 0.464965740234375 0.482995833984375 0.47300277734375 0.486564583984375 0.475012037109375 0.496319791015625 0.47342592578125 0.508454166015625 0.4687731484375 0.5139265625 0.460312962890625 0.512736978515625 0.448046296875 0.500840625 0.4417018515625 0.488230208984375 0.4417018515625
5 0.343807291015625 0.240784259765625 0.339524478515625 0.25939537109375 0.3388109375 0.270393517578125 0.34309375 0.276737962890625 0.348328125 0.276209259765625 0.3561796875 0.263625 0.362603646484375 0.245013888671875 0.36403125 0.2319018515625 0.358083333984375 0.225556482421875 0.350707291015625 0.223441666015625 0.343807291015625 0.240784259765625
5 0.8884 0.274887037109375 0.879941666015625 0.282634259765625 0.879172916015625 0.294481482421875 0.879941666015625 0.30359537109375 0.887375 0.3058731484375 0.895320833984375 0.306214814453125 0.906855208984375 0.306785185546875 0.912238021484375 0.301316666015625 0.913006771484375 0.285367591796875 0.908905728515625 0.277621296875 0.900190625 0.27397592578125 0.8884 0.274887037109375
5 0.969140625 0.319087962890625 0.961707291015625 0.307240740234375 0.955555728515625 0.300861111328125 0.948378646484375 0.30222777734375 0.943508853515625 0.308607408203125 0.945815625 0.325012037109375 0.949147916015625 0.333213888671875 0.954017708984375 0.3449481484375 0.959656771484375 0.353263888671875 0.966320833984375 0.3537194453125 0.972216146484375 0.3459731484375 0.973754166015625 0.333213888671875 0.969140625 0.319087962890625
7 0.229189583984375 0.841157408203125 0.237217708984375 0.851042591796875 0.245863541015625 0.8493944453125 0.249259896484375 0.837312962890625 0.2470984375 0.8169944453125 0.237217708984375 0.801617591796875 0.227336978515625 0.7928305546875 0.191519791015625 0.72912777734375 0.169596875 0.671465740234375 0.160642708984375 0.617688888671875 0.159098958984375 0.54519907421875 0.1529234375 0.552887037109375 0.151996875 0.589681482421875 0.15539375 0.6440481484375 0.160025 0.6748018515625 0.1668359375 0.7035444453125 0.181947916015625 0.738463888671875 0.196151041015625 0.771413888671875 0.213133853515625 0.7955768515625 0.224558333984375 0.807658333984375 0.223940625 0.820288888671875 0.229189583984375 0.841157408203125
7 0.2072671875 0.719792591796875 0.210972396484375 0.741209259765625 0.213751041015625 0.7626268515625 0.214677603515625 0.8614768515625 0.209428646484375 0.95042037109375 0.207576041015625 0.99907407421875 0.211589583984375 0.99907407421875 0.216530208984375 0.957010185546875 0.2199265625 0.870242591796875 0.222705728515625 0.797203703125 0.2230140625 0.759312037109375 0.220544271484375 0.744484259765625 0.223322916015625 0.741209259765625 0.226719791015625 0.7137518515625 0.2264109375 0.69617777734375 0.2230140625 0.68464537109375 0.213133853515625 0.68464537109375 0.208502083984375 0.695628703125 0.2072671875 0.719792591796875
7 0.306691146484375 0.942732408203125 0.336024478515625 0.924610185546875 0.349609896484375 0.890012962890625 0.356094271484375 0.851571296875 0.349609896484375 0.84827592578125 0.336950521484375 0.900446296875 0.324599478515625 0.919118517578125 0.303603125 0.93065092578125 0.287238541015625 0.933396296875 0.257288021484375 0.9350444453125 0.227645833984375 0.924610185546875 0.209119791015625 0.9108805546875 0.2007828125 0.902643517578125 0.190593228515625 0.8944055546875 0.1800953125 0.893856482421875 0.175772396484375 0.909782408203125 0.175463541015625 0.926257408203125 0.189976041015625 0.936142591796875 0.206649478515625 0.93394537109375 0.217765103515625 0.937789814453125 0.2501859375 0.947675 0.286311978515625 0.947675 0.306691146484375 0.942732408203125
2 0.328922396484375 0.89879907421875 0.325834896484375 0.886717591796875 0.320894271484375 0.87902962890625 0.309469791015625 0.890012962890625 0.30854375 0.907037037109375 0.310705208984375 0.916921296875 0.316571875 0.925708333984375 0.3252171875 0.920216666015625 0.329540103515625 0.911978703125 0.328922396484375 0.89879907421875
7 0.198003646484375 0.935593517578125 0.2023265625 0.975133333984375 0.204796875 0.99907407421875 0.21128125 0.99907407421875 0.206958333984375 0.957559259765625 0.2038703125 0.912528703125 0.210972396484375 0.8663981484375 0.222396875 0.823014814453125 0.250494791015625 0.764253703125 0.260993228515625 0.748328703125 0.2687125 0.73734537109375 0.273961458984375 0.720321296875 0.273961458984375 0.70329722265625 0.268403646484375 0.70055092578125 0.258831771484375 0.707689814453125 0.252038541015625 0.722517591796875 0.247127603515625 0.742660185546875 0.233203646484375 0.774138888671875 0.219308853515625 0.807637962890625 0.206649478515625 0.855964814453125 0.200165103515625 0.893307408203125 0.198003646484375 0.935593517578125
2 0.8133453125 0.554985185546875 0.7968484375 0.561363888671875 0.784655208984375 0.579861111328125 0.783579166015625 0.600910185546875 0.788241666015625 0.611115740234375 0.799940103515625 0.614693517578125 0.80079375 0.617493517578125 0.811552603515625 0.6092018515625 0.821952603515625 0.59644537109375 0.82159375 0.570293517578125 0.8133453125 0.554985185546875
2 0.690502083984375 0.49962407421875 0.68371875 0.50005462890625 0.6793578125 0.517290740234375 0.681858853515625 0.528342591796875 0.688321875 0.53107962890625 0.694620833984375 0.5284944453125 0.695832291015625 0.5216 0.695590103515625 0.507811111328125 0.690502083984375 0.49962407421875
2 0.668455208984375 0.3346694453125 0.670635416015625 0.346734259765625 0.6752390625 0.352766666015625 0.684203125 0.3480268515625 0.685414583984375 0.335962037109375 0.682507291015625 0.322603703125 0.674027603515625 0.32562037109375 0.668455208984375 0.3346694453125
7 0.603810416015625 0.4904481484375 0.6210109375 0.530453703125 0.632257291015625 0.54810277734375 0.639534375 0.5445731484375 0.620680208984375 0.512215740234375 0.610756771484375 0.481035185546875 0.607448958984375 0.435757408203125 0.608441146484375 0.3769268515625 0.623988021484375 0.319861111328125 0.634903646484375 0.281032408203125 0.6474734375 0.2651481484375 0.65508125 0.236909259765625 0.6540890625 0.2157305546875 0.64185 0.2122 0.635234375 0.225143517578125 0.631131771484375 0.25672037109375 0.624649478515625 0.27630462890625 0.612410416015625 0.31807407421875 0.601825521484375 0.3822 0.5988484375 0.433382408203125 0.603810416015625 0.4904481484375
5 0.6626890625 0.48044722265625 0.670628125 0.472211111328125 0.671289583984375 0.46515092578125 0.6683125 0.45162037109375 0.660042708984375 0.4475018515625 0.649127083984375 0.4498555546875 0.638575521484375 0.457421296875 0.637219271484375 0.4563268515625 0.637219271484375 0.48162407421875 0.647142708984375 0.486918517578125 0.65508125 0.484565740234375 0.6626890625 0.48044722265625
7 0.755969271484375 0.5316305546875 0.757953646484375 0.5145694453125 0.750345833984375 0.495743517578125 0.736453125 0.484565740234375 0.714290625 0.468092591796875 0.64615 0.416910185546875 0.567755208984375 0.3657268515625 0.565440103515625 0.3810231484375 0.58925625 0.400437037109375 0.619553125 0.424338888671875 0.643504166015625 0.438088888671875 0.666658333984375 0.45279722265625 0.725868228515625 0.50045 0.734798958984375 0.51809907421875 0.7440609375 0.532218517578125 0.755969271484375 0.5316305546875
7 0.833622396484375 0.723209259765625 0.857386978515625 0.686706482421875 0.873230208984375 0.62842962890625 0.881511978515625 0.5836018515625 0.875750521484375 0.577837962890625 0.862788021484375 0.6367555546875 0.847305208984375 0.68030277734375 0.815979166015625 0.719367591796875 0.777091146484375 0.74882592578125 0.7515265625 0.760993517578125 0.734243228515625 0.76419537109375 0.720560416015625 0.7738018515625 0.716959896484375 0.787890740234375 0.7184 0.80197962890625 0.728121875 0.80582222265625 0.736985416015625 0.80442777734375 0.7450453125 0.7942944453125 0.752966666015625 0.7802055546875 0.782852603515625 0.764836111328125 0.805536978515625 0.748185185546875 0.833622396484375 0.723209259765625
7 0.736763541015625 0.61690277734375 0.699676041015625 0.564389814453125 0.691394791015625 0.567591666015625 0.703277083984375 0.582961111328125 0.722720833984375 0.614340740234375 0.748645833984375 0.672617591796875 0.762688541015625 0.732175 0.76376875 0.789812037109375 0.761608333984375 0.812866666015625 0.762328646484375 0.830157408203125 0.765569271484375 0.842964814453125 0.770296353515625 0.846041666015625 0.782132291015625 0.83399907421875 0.781411978515625 0.813506482421875 0.778171875 0.791733333984375 0.773130728515625 0.769318517578125 0.761968228515625 0.682863888671875 0.736763541015625 0.61690277734375
7 0.765208853515625 0.729613888671875 0.760528125 0.705278703125 0.7533265625 0.68862777734375 0.743244791015625 0.67902222265625 0.7209203125 0.629711111328125 0.699316146484375 0.579118517578125 0.676991666015625 0.5387731484375 0.644585416015625 0.5137981484375 0.637744271484375 0.521482408203125 0.654307291015625 0.535571296875 0.670150521484375 0.55222222265625 0.683472916015625 0.5733555546875 0.696795833984375 0.600892591796875 0.705024478515625 0.615564814453125 0.718040103515625 0.651484259765625 0.736043228515625 0.693111111328125 0.738923958984375 0.715525 0.7468453125 0.736658333984375 0.759447916015625 0.741781482421875 0.765208853515625 0.729613888671875
2 0.550158333984375 0.382190740234375 0.542136458984375 0.3839305546875 0.537831771484375 0.395066666015625 0.5392015625 0.4055055546875 0.547240625 0.414510185546875 0.552115103515625 0.412813888671875 0.555832291015625 0.407593517578125 0.555441146484375 0.396458333984375 0.55505 0.386018517578125 0.550158333984375 0.382190740234375
7 0.7735328125 0.53729722265625 0.752588541015625 0.534596296875 0.723752083984375 0.5275731484375 0.726180208984375 0.53837777734375 0.755927603515625 0.5497231484375 0.778693228515625 0.547562037109375 0.806922916015625 0.5356768515625 0.8278671875 0.512987962890625 0.853668228515625 0.479493517578125 0.8709703125 0.451942591796875 0.8809875 0.44437962890625 0.8913078125 0.42817222265625 0.8913078125 0.413046296875 0.886451041015625 0.403862962890625 0.879166146484375 0.402782408203125 0.871273958984375 0.410885185546875 0.864899478515625 0.42817222265625 0.864899478515625 0.43627592578125 0.851847396484375 0.46112592578125 0.821492708984375 0.5027231484375 0.795691666015625 0.528653703125 0.7735328125 0.53729722265625
7 0.875827083984375 0.468688888671875 0.876434375 0.454643517578125 0.870363541015625 0.439517591796875 0.858221353515625 0.421689814453125 0.845169271484375 0.380633333984375 0.817243228515625 0.318507408203125 0.7847640625 0.2801518515625 0.763819791015625 0.273128703125 0.739839583984375 0.274209259765625 0.7234484375 0.277990740234375 0.7076640625 0.279071296875 0.7097890625 0.287714814453125 0.738929166015625 0.287714814453125 0.758355728515625 0.285013888671875 0.778996875 0.293116666015625 0.806011978515625 0.320668517578125 0.817850521484375 0.33957592578125 0.828474478515625 0.361185185546875 0.8381875 0.386575 0.8503296875 0.417908333984375 0.854653125 0.434417591796875 0.857918228515625 0.44762037109375 0.858525 0.462206482421875 0.861560416015625 0.471390740234375 0.865809896484375 0.474091666015625 0.872184375 0.474091666015625 0.875827083984375 0.468688888671875
7 0.905574478515625 0.556812962890625 0.895253646484375 0.565456482421875 0.878558853515625 0.571938888671875 0.8381875 0.590846296875 0.81086875 0.615156482421875 0.787799478515625 0.64594907421875 0.770497396484375 0.686465740234375 0.765944271484375 0.724281482421875 0.767461978515625 0.762637962890625 0.771711978515625 0.78262592578125 0.777175521484375 0.787487962890625 0.77444375 0.753453703125 0.7777828125 0.705913888671875 0.787495833984375 0.6680981484375 0.809958333984375 0.63352407421875 0.835152083984375 0.606512962890625 0.862774478515625 0.5919268515625 0.887361978515625 0.584363888671875 0.8934328125 0.5876055546875 0.894316666015625 0.588062962890625 0.901324478515625 0.58814537109375 0.918019791015625 0.584363888671875 0.924697396484375 0.571938888671875 0.921965625 0.56275462890625 0.915894791015625 0.554111111328125 0.905574478515625 0.556812962890625
8 0.2690390625 0.7671018515625 0.264944791015625 0.764068517578125 0.261532291015625 0.768314814453125 0.261873958984375 0.771953703125 0.262044271484375 0.775290740234375 0.266138541015625 0.777412962890625 0.270233333984375 0.773167591796875 0.2690390625 0.7671018515625