7 0.144432611328125 0.631412615234375 0.14772887890625 0.648223267578125 0.15025676171875 0.65663977734375 0.160279697265625 0.71528636328125 0.166266888671875 0.78945244921875 0.16825794921875 0.796807890625 0.169403587890625 0.77257634765625 0.165647056640625 0.706796564453125 0.159030935546875 0.659345552734375 0.161242720703125 0.649282689453125 0.16101304296875 0.630828033203125 0.158306166015625 0.614736560546875 0.153467564453125 0.603275712890625 0.1471756796875 0.599993056640625 0.14144784765625 0.609375716796875 0.144432611328125 0.631412615234375
7 0.397176626953125 0.287683 0.3954473125 0.2743440234375 0.391701205078125 0.267163796875 0.38721773046875 0.258296953125 0.379888326171875 0.261226345703125 0.3764408359375 0.271924197265625 0.38338351171875 0.2944575546875 0.393502490234375 0.30511840625 0.3997739296875 0.31419109765625 0.41946424609375 0.36781956640625 0.447273658203125 0.42947553125 0.482498662109375 0.503652787109375 0.505661068359375 0.539151279296875 0.508693900390625 0.537212876953125 0.484039525390625 0.49525196875 0.442289123046875 0.413916548828125 0.403721970703125 0.310185501953125 0.401297650390625 0.30269916796875 0.402720361328125 0.296801109375 0.397176626953125 0.287683
7 0.560207658203125 0.47690219140625 0.54571251171875 0.467227900390625 0.51351420703125 0.438582125 0.471574244140625 0.402058236328125 0.4377115625 0.382026150390625 0.411654240234375 0.373189056640625 0.40119794140625 0.373127599609375 0.4019107109375 0.382246345703125 0.408248787109375 0.3795448671875 0.43510266015625 0.388817646484375 0.48326109375 0.4210198828125 0.538498005859375 0.476343708984375 0.54504084375 0.486591958984375 0.5499143828125 0.494131482421875 0.561490234375 0.505073669921875 0.572176193359375 0.51065170703125 0.575971197265625 0.5029686953125 0.577139951171875 0.498985166015625 0.574580244140625 0.490912404296875 0.570774953125 0.48498310546875 0.560207658203125 0.47690219140625
7 0.228350896484375 0.538902982421875 0.227443474609375 0.55737783984375 0.232485708984375 0.56688445703125 0.229724373046875 0.5868126796875 0.226041123046875 0.626243505859375 0.2194500234375 0.646366943359375 0.20889734375 0.66947184765625 0.19525075390625 0.692602080078125 0.176330220703125 0.70799349609375 0.152936998046875 0.714083201171875 0.134353833984375 0.710794966796875 0.137137900390625 0.72117548046875 0.150269095703125 0.7243444921875 0.178312525390625 0.71993701953125 0.197233060546875 0.704545603515625 0.212482666015625 0.678289466796875 0.223318171875 0.65305240625 0.23151228515625 0.629803068359375 0.236582646484375 0.587985138671875 0.23789146875 0.571837029296875 0.243219955078125 0.56302835546875 0.244680294921875 0.54753421875 0.243998986328125 0.531156611328125 0.239375794921875 0.52120069140625 0.233923318359375 0.5210815859375 0.22976451953125 0.52824230859375 0.228350896484375 0.538902982421875
7 0.53268089453125 0.741661615234375 0.510154515625 0.77120940234375 0.50189183203125 0.77429629296875 0.494023177734375 0.776475923828125 0.487098994140625 0.780977607421875 0.486773115234375 0.78870926171875 0.48832276953125 0.797697513671875 0.4909726171875 0.806899306640625 0.4952408203125 0.810587400390625 0.501626021484375 0.808645720703125 0.50983381640625 0.80207731640625 0.514239041015625 0.788864376953125 0.535977310546875 0.750246595703125 0.534440978515625 0.743592009765625 0.53268089453125 0.741661615234375
5 0.513822728515625 0.234737267578125 0.515779716796875 0.2230683359375 0.51831025 0.212448193359375 0.510636248046875 0.20654540234375 0.5007624921875 0.214137962890625 0.4916897109375 0.218003904296875 0.488342064453125 0.22940281640625 0.490315380859375 0.243706064453125 0.498726072265625 0.257113251953125 0.507135775390625 0.247497244140625 0.513822728515625 0.234737267578125
5 0.516561568359375 0.191593158203125 0.510020890625 0.186614669921875 0.500725998046875 0.191764404296875 0.494938232421875 0.196743044921875 0.490969974609375 0.20550471484375 0.4907241796875 0.2153683671875 0.494474671875 0.226832400390625 0.501701865234375 0.2274055859375 0.50782726953125 0.218425283203125 0.512333423828125 0.20925909765625 0.516758408203125 0.20179269921875 0.516561568359375 0.191593158203125
5 0.298957853515625 0.20711049609375 0.3097392734375 0.2121295859375 0.31468148046875 0.210154240234375 0.315738228515625 0.199482830078125 0.3093389765625 0.188029732421875 0.300802796875 0.177487154296875 0.292232359375 0.176962755859375 0.2854909921875 0.184358603515625 0.288942201171875 0.195241740234375 0.298957853515625 0.20711049609375
5 0.283719927734375 0.167106501953125 0.2774856640625 0.164934724609375 0.268904322265625 0.16232792578125 0.263030853515625 0.165351666015625 0.2624424140625 0.1800866953125 0.269207927734375 0.1931239296875 0.280868865234375 0.19585409375 0.291301912109375 0.194279783203125 0.29826060546875 0.193923814453125 0.2972203359375 0.183319365234375 0.291003958984375 0.17265839453125 0.283719927734375 0.167106501953125
5 0.3955078125 0.435546875 0.03125 0.05078125
5 0.17362537890625 0.839067861328125 0.17349425 0.8295164453125 0.173136298828125 0.813608697265625 0.1701731328125 0.798722435546875 0.166253701171875 0.7899486875 0.159723037109375 0.78935248828125 0.1560920234375 0.8002903671875 0.156501466796875 0.817449150390625 0.15778171875 0.83735181640625 0.159586044921875 0.846192896484375 0.1671082421875 0.84698116015625 0.17352308984375 0.84297527734375 0.17362537890625 0.839067861328125
5 0.1439466875 0.7938366953125 0.14844270703125 0.789812921875 0.154200634765625 0.783894689453125 0.15882318359375 0.773148873046875 0.157693302734375 0.76415208203125 0.15256925 0.75734034375 0.1461826484375 0.75839383203125 0.139040849609375 0.76130462109375 0.133363458984375 0.768507095703125 0.127461044921875 0.7757605703125 0.12774366015625 0.786215890625 0.131899931640625 0.7970388828125 0.137358310546875 0.79914461328125 0.1439466875 0.7938366953125
5 0.264526546875 0.23542507421875 0.2817534140625 0.24926571875 0.290707751953125 0.248980224609375 0.29195055859375 0.232657298828125 0.28524019140625 0.225297619140625 0.2722596328125 0.221167306640625 0.2646473671875 0.222924736328125 0.26296438671875 0.228658615234375 0.264526546875 0.23542507421875
5 0.361781474609375 0.248607564453125 0.3663686875 0.251112078125 0.37532302734375 0.250826583984375 0.381153046875 0.237008171875 0.385200818359375 0.211128779296875 0.377368466796875 0.2075916875 0.360340134765625 0.229340767578125 0.359438234375 0.238457875 0.361781474609375 0.248607564453125
5 0.445689451171875 0.772678162109375 0.456205951171875 0.779159125 0.463257224609375 0.77931298828125 0.4614749765625 0.7672520078125 0.4370975703125 0.73546263671875 0.430607291015625 0.73339748046875 0.428924310546875 0.739131361328125 0.4328297109375 0.7560475078125 0.436294939453125 0.762374609375 0.445689451171875 0.772678162109375
5 0.26618404296875 0.737503798828125 0.270529615234375 0.765008990234375 0.277580888671875 0.765162853515625 0.28038585546875 0.75560638671875 0.28140857421875 0.7339889375 0.279065333984375 0.723839248046875 0.272354966796875 0.7164795703125 0.26686585546875 0.7230921640625 0.26618404296875 0.737503798828125
5 0.2827852578125 0.84414133984375 0.285469404296875 0.8470852109375 0.290617609375 0.847678431640625 0.294104388671875 0.82371033203125 0.2921020546875 0.806354828125 0.285391689453125 0.798995146484375 0.281585556640625 0.799873861328125 0.27843968359375 0.81663614453125 0.2827852578125 0.84414133984375
5 0.393037955078125 1 0.39327544140625 0.975429130859375 0.39015112109375 0.96189621484375 0.386124900390625 0.95748040625 0.382318767578125 0.95835912109375 0.37917289453125 0.975121404296875 0.379272162109375 0.992916265625 0.37786598046875 1 0.393037955078125 1
5 0.190855517578125 0.89743699609375 0.1935396640625 0.900380865234375 0.1967848046875 0.9014134453125 0.19846778515625 0.89567956640625 0.192538498046875 0.891703115234375 0.190855517578125 0.89743699609375
5 0.204617158203125 0.904950537109375 0.2145726640625 0.913342794921875 0.2330423359375 0.910860513671875 0.235847302734375 0.901304046875 0.23194190234375 0.884387900390625 0.227915681640625 0.879972091796875 0.222206482421875 0.8812901640625 0.2195223359375 0.87834629296875 0.218400349609375 0.88216887890625 0.203956896484375 0.88906696875 0.20227391796875 0.894800849609375 0.204617158203125 0.904950537109375
5 0.349267203125 0.53301762890625 0.36493191015625 0.540091814453125 0.371983181640625 0.540245677734375 0.375008236328125 0.535983734375 0.37669121484375 0.530249853515625 0.3751290546875 0.52348339453125 0.361928408203125 0.51405855859375 0.34782586328125 0.51375083203125 0.3461428828125 0.519484712890625 0.349267203125 0.53301762890625
5 0.2698216875 0.5014692890625 0.274067994140625 0.51117962109375 0.283022333984375 0.510894125 0.29287857421875 0.501491521484375 0.2956835390625 0.4919350546875 0.293340298828125 0.4817853671875 0.289314080078125 0.47736955859375 0.278676759765625 0.48338893359375 0.2698216875 0.5014692890625
5 0.431055958984375 0.574715658203125 0.435643173828125 0.577220171875 0.4388883125 0.578252751953125 0.441913365234375 0.573990806640625 0.44920627734375 0.5491439921875 0.44552096484375 0.5375223671875 0.437908697265625 0.539279796875 0.431858591796875 0.5478036875 0.427931638671875 0.561182740234375 0.431055958984375 0.574715658203125
5 0.5543712734375 0.613953638671875 0.56320479296875 0.626168482421875 0.56644993359375 0.627201060546875 0.569474986328125 0.6229391171875 0.575986818359375 0.594709072265625 0.574424658203125 0.58794261328125 0.567714291015625 0.58058293359375 0.56088310546875 0.58572359375 0.5550530859375 0.599542005859375 0.5543712734375 0.613953638671875
5 0.28947800390625 0.40427881640625 0.294846296875 0.4101665625 0.29999450390625 0.41075978125 0.3101916484375 0.394151361328125 0.316681927734375 0.396216517578125 0.318364908203125 0.39048263671875 0.31602166796875 0.38033294921875 0.311995447265625 0.375917140625 0.296770916015625 0.379432001953125 0.288817744140625 0.388395248046875 0.28947800390625 0.40427881640625
5 0.530658060546875 0.12053043359375 0.53680743359375 0.129801408203125 0.5457617734375 0.129515912109375 0.55561801171875 0.120113310546875 0.5573009921875 0.114379427734375 0.554176671875 0.10084651171875 0.540635119140625 0.098627490234375 0.532681947265625 0.10759073828125 0.530658060546875 0.12053043359375
5 0.50562039453125 0.072857498046875 0.508304541015625 0.0758013671875 0.521065013671875 0.074637158203125 0.5259931328125 0.06993585546875 0.530701166015625 0.05994003125 0.52835792578125 0.04979034375 0.524331705078125 0.04537453515625 0.502275986328125 0.054030056640625 0.50562039453125 0.072857498046875
5 0.691689865234375 0.635704482421875 0.69783923828125 0.644975455078125 0.706793578125 0.6446899609375 0.717771802734375 0.631464771484375 0.719454783203125 0.625730890625 0.716330462890625 0.61219797265625 0.701666923828125 0.6138015390625 0.693713751953125 0.622764787109375 0.691689865234375 0.635704482421875
5 0.728132873046875 0.541765607421875 0.7320382734375 0.558681755859375 0.74479874609375 0.557517546875 0.7508488515625 0.54899365625 0.753653818359375 0.539437189453125 0.751310578125 0.529287501953125 0.747284357421875 0.524871693359375 0.737769025390625 0.527068482421875 0.729815853515625 0.5360317265625 0.728132873046875 0.541765607421875
5 0.78022359765625 0.79344265625 0.792082169921875 0.801395556640625 0.810551841796875 0.798913275390625 0.80955067578125 0.790235521484375 0.798253095703125 0.780371328125 0.78449145703125 0.77285778515625 0.78068532421875 0.7737365 0.777880357421875 0.783292966796875 0.78022359765625 0.79344265625
5 0.879679392578125 0.859570375 0.886169671875 0.86163553125 0.902736279296875 0.859592607421875 0.903979083984375 0.843269681640625 0.89726871875 0.83591 0.8790191328125 0.843686806640625 0.87733615234375 0.8494206875 0.879679392578125 0.859570375
5 0.8685326796875 0.637639771484375 0.872778986328125 0.6473501015625 0.879830259765625 0.64750396484375 0.886001185546875 0.62647973828125 0.886342091796875 0.619273921875 0.882656779296875 0.607652298828125 0.872360365234375 0.60646585546875 0.869555400390625 0.616022322265625 0.8685326796875 0.637639771484375
5 0.23123790625 0.143330796875 0.2343622265625 0.156863712890625 0.23951043359375 0.157456935546875 0.244559373046875 0.14025529296875 0.243679025390625 0.119077201171875 0.236968658203125 0.1117175234375 0.232260625 0.12171334765625 0.23123790625 0.143330796875
5 0.022440029296875 0.22004403125 0.0339576953125 0.235202748046875 0.04100896875 0.23535661328125 0.039226720703125 0.223295630859375 0.02212067578125 0.1969546484375 0.016411474609375 0.198272720703125 0.01819372265625 0.210333701171875 0.022440029296875 0.22004403125
7 0.85477773828125 0.103915759765625 0.863601404296875 0.094907390625 0.8655428203125 0.08104785546875 0.859599111328125 0.06718040234375 0.849668951171875 0.062766826171875 0.83961564453125 0.071183869140625 0.833920240234375 0.08956771484375 0.8253951875 0.10311791015625 0.798989767578125 0.123844615234375 0.770056908203125 0.146983169921875 0.752036818359375 0.16394562890625 0.734846484375 0.200832083984375 0.73172853125 0.2600740625 0.7242895 0.28129887890625 0.73606233203125 0.2773616953125 0.742805423828125 0.23679016796875 0.74692723046875 0.19377626171875 0.761467283203125 0.172131255859375 0.7829912109375 0.15253153125 0.808896634765625 0.135577890625 0.8271431875 0.124051025390625 0.84160107421875 0.11095946875 0.8514384921875 0.110516662109375 0.85477773828125 0.103915759765625
7 0.904572283203125 0.103126607421875 0.913659599609375 0.071278169921875 0.910113052734375 0.053689048828125 0.891980869140625 0.100547587890625 0.87575555078125 0.123799927734375 0.8525400546875 0.1553731640625 0.81732526171875 0.1854479921875 0.807278673828125 0.183500666015625 0.789781966796875 0.189368439453125 0.786788701171875 0.20164247265625 0.790605419921875 0.21965861328125 0.8021799609375 0.226740111328125 0.811849396484375 0.219630900390625 0.822060017578125 0.204472349609375 0.85987799609375 0.173795578125 0.882977572265625 0.1446884765625 0.904572283203125 0.103126607421875
5 0.836461173828125 0.158475185546875 0.853807283203125 0.148984546875 0.869334103515625 0.14052305078125 0.893913728515625 0.131190763671875 0.88946380078125 0.116368365234375 0.87430325390625 0.12047758203125 0.839077287109375 0.1371446171875 0.8145085390625 0.159885716796875 0.8008287578125 0.18377053515625 0.7876943203125 0.223379197265625 0.788831986328125 0.240184552734375 0.796607193359375 0.23229344921875 0.804535048828125 0.193887771484375 0.82051001171875 0.172521572265625 0.836461173828125 0.158475185546875
2 0.775295818359375 0.186007646484375 0.7786481796875 0.199192376953125 0.782151357421875 0.21124756640625 0.7877415078125 0.208737767578125 0.791461025390625 0.198125359375 0.7938031875 0.186001646484375 0.787568650390625 0.17829739453125 0.776353876953125 0.177228892578125 0.775295818359375 0.186007646484375
7 0.869347087890625 0.501289705078125 0.8697587109375 0.51643433984375 0.880473486328125 0.52127590625 0.893071615234375 0.5134905546875 0.89977788671875 0.500969388671875 0.9254046953125 0.469449537109375 0.9705802578125 0.426102181640625 0.9901189765625 0.400232783203125 0.98651621875 0.384627525390625 0.939724908203125 0.43200648828125 0.897344525390625 0.474099396484375 0.88003339453125 0.489678017578125 0.869347087890625 0.501289705078125
7 0.8627134375 0.45771038671875 0.87132640234375 0.485552216796875 0.878556998046875 0.49367650390625 0.88692340234375 0.5210060390625 0.895841150390625 0.553694259765625 0.9082433046875 0.614839111328125 0.912767345703125 0.665610658203125 0.909394671875 0.70296469140625 0.89917805078125 0.728488396484375 0.9010836640625 0.74267898828125 0.91754723828125 0.704131025390625 0.92010062109375 0.66026000390625 0.914525029296875 0.6079019375 0.902081896484375 0.5510342578125 0.887552244140625 0.4940382109375 0.887523982421875 0.477585857421875 0.88361473046875 0.454714236328125 0.875016072265625 0.432315166015625 0.865370228515625 0.432103662109375 0.858704935546875 0.44034765234375 0.8627134375 0.45771038671875
7 1 0.682707337890625 0.97377526171875 0.6685720234375 0.948841365234375 0.6615262734375 0.920472775390625 0.669294888671875 0.90528884375 0.680725724609375 0.897769994140625 0.67636553125 0.889751146484375 0.67577840625 0.87772846484375 0.68160161328125 0.872689865234375 0.689471001953125 0.876681283203125 0.703789177734375 0.8848271328125 0.7153198828125 0.895182142578125 0.714148453125 0.905711341796875 0.709279171875 0.91201687109375 0.695022185546875 0.928903451171875 0.685027552734375 0.944180423828125 0.678452083984375 0.962437646484375 0.680333126953125 0.97368665234375 0.682073173828125 0.984233681640625 0.68566488671875 1 0.694060076171875 1 0.682707337890625
7 0.895453265625 0.647030189453125 0.89629556640625 0.667946234375 0.89897244140625 0.68157390234375 0.897647150390625 0.68919513671875 0.893158560546875 0.736561435546875 0.8814702109375 0.789856697265625 0.86918516796875 0.818296359375 0.84805526953125 0.849996279296875 0.851854603515625 0.86496887890625 0.8739951640625 0.83913073828125 0.891092458984375 0.797388916015625 0.900194796875 0.747738236328125 0.90652576171875 0.69202219140625 0.912180693359375 0.677915404296875 0.913779427734375 0.6610874296875 0.914843994140625 0.64194340625 0.905796892578125 0.6324500625 0.8971448359375 0.635056677734375 0.895453265625 0.647030189453125
1 0.51183661328125 0.7826606171875 0.52959202734375 0.756035982421875 0.532931515625 0.75186489453125 0.5309179921875 0.749355373046875 0.528875875 0.74982683203125 0.52085889453125 0.762727572265625 0.509543359375 0.77893944921875 0.51183661328125 0.7826606171875
4 0.516027826171875 0.4505626328125 0.5708168125 0.50170505078125 0.57066060546875 0.497951390625 0.472066388671875 0.403236048828125 0.440760041015625 0.384568515625 0.42011716015625 0.37670220703125 0.404171357421875 0.375330939453125 0.403653115234375 0.379240306640625 0.40871171875 0.3780724375 0.420074908203125 0.38113362109375 0.4386760390625 0.3863125703125 0.47236110546875 0.40758966796875 0.493748912109375 0.427916091796875 0.516027826171875 0.4505626328125
5 0.682287197265625 0.58584544140625 0.682495935546875 0.5671527265625 0.676066623046875 0.54890825390625 0.665693111328125 0.548147283203125 0.661228634765625 0.56338184765625 0.664456599609375 0.596569267578125 0.677223435546875 0.617296177734375 0.682287197265625 0.58584544140625
7 0.742265234375 0.7261730546875 0.727907984375 0.6989161796875 0.71881493359375 0.680293634765625 0.6999131171875 0.64835765625 0.6872740859375 0.620499787109375 0.678054861328125 0.586327455078125 0.672180111328125 0.547438373046875 0.672613935546875 0.52050796875 0.68118964453125 0.5019561484375 0.693762322265625 0.460386560546875 0.698059556640625 0.43098484765625 0.6921950859375 0.4228692109375 0.6885732421875 0.437910189453125 0.67213694921875 0.481950181640625 0.658601529296875 0.517430267578125 0.66928337890625 0.600190169921875 0.699029640625 0.6848614296875 0.714367509765625 0.71288590625 0.729082130859375 0.749734142578125 0.738464458984375 0.753881732421875 0.744484962890625 0.74538938671875 0.742265234375 0.7261730546875
5 0.969015880859375 0.778561677734375 0.966056154296875 0.74948121484375 0.96514190625 0.748477826171875 0.9556526875 0.745809796875 0.95175914453125 0.757034451171875 0.952415453125 0.780571548828125 0.95742166796875 0.79338586328125 0.963861994140625 0.7961515078125 0.969015880859375 0.778561677734375