7 0.56673427734375 0.521729302734375 0.569195162109375 0.5897278046875 0.556893177734375 0.661189087890625 0.5324011328125 0.700721904296875 0.501822 0.718425076171875 0.4793942734375 0.69972284375 0.462939453125 0.68009026953125 0.4482732109375 0.68503988671875 0.442017931640625 0.708646876953125 0.45555087890625 0.734260060546875 0.477505974609375 0.7396594375 0.5124431875 0.744152021484375 0.540364384765625 0.72148308984375 0.565313548828125 0.6739804140625 0.57413903515625 0.6479861875 0.5797635859375 0.61764441015625 0.58441432421875 0.578294044921875 0.581522384765625 0.53367420703125 0.57127888671875 0.501906751953125 0.56673427734375 0.521729302734375
7 0.61126158984375 0.468538595703125 0.646703119140625 0.472424630859375 0.65840782421875 0.43973361328125 0.6470720546875 0.418713736328125 0.614191802734375 0.40171819140625 0.59307119921875 0.40093012109375 0.58245128515625 0.429920439453125 0.5819261015625 0.45044778125 0.59036875390625 0.464071181640625 0.61126158984375 0.468538595703125
7 0.69241087890625 0.574846529296875 0.670088771484375 0.613366705078125 0.65203914453125 0.65861573828125 0.646063181640625 0.7036121015625 0.6489735546875 0.736501658203125 0.676530060546875 0.751854435546875 0.668273123046875 0.703932171875 0.66675769921875 0.662538470703125 0.683803373046875 0.6192220078125 0.7104187421875 0.579406896484375 0.739076826171875 0.559095466796875 0.77556708203125 0.548515841796875 0.8016184140625 0.554053224609375 0.81803126953125 0.53700608984375 0.815751943359375 0.5108523359375 0.78579692578125 0.508151427734375 0.75399028125 0.52192745703125 0.721876220703125 0.54297154296875 0.69241087890625 0.574846529296875
7 0.465518865234375 0.4467298515625 0.44553895703125 0.46108675 0.418336052734375 0.455851736328125 0.3974943046875 0.43227078515625 0.384754701171875 0.408223431640625 0.37594083203125 0.393217642578125 0.3629701875 0.399215859375 0.359441884765625 0.418711078125 0.369505720703125 0.435075892578125 0.38810930859375 0.45325683203125 0.396890609375 0.4655199921875 0.417856873046875 0.47982505859375 0.443626810546875 0.483114060546875 0.460138302734375 0.47349134375 0.475223099609375 0.457546814453125 0.4883777578125 0.427513484375 0.481873970703125 0.419017275390625 0.465518865234375 0.4467298515625
7 0.2707165625 0.623247546875 0.23447055078125 0.5991251875 0.195019234375 0.590082603515625 0.1570271796875 0.608932564453125 0.134586462890625 0.63108901171875 0.11199398046875 0.653671359375 0.098687255859375 0.67199496484375 0.104902869140625 0.6786304140625 0.129016064453125 0.66077020703125 0.150569322265625 0.64105291796875 0.176897984375 0.619723826171875 0.205409052734375 0.615933599609375 0.233149921875 0.62445694921875 0.261141466796875 0.642227076171875 0.27481487109375 0.65958158203125 0.288496033203125 0.67168404296875 0.2970892421875 0.659062451171875 0.293854421875 0.636046193359375 0.2707165625 0.623247546875
7 0.225810208984375 0 0.200968677734375 0.03114809375 0.176463865234375 0.08196369921875 0.16299005859375 0.151542998046875 0.170723857421875 0.198118736328125 0.18410382421875 0.230987365234375 0.20143469140625 0.24526847265625 0.22859957421875 0.24132841796875 0.239499814453125 0.225100265625 0.227333423828125 0.21456646875 0.201953720703125 0.217119595703125 0.1905605625 0.1678945859375 0.19219003515625 0.113488923828125 0.22003324609375 0.054941033203125 0.248941296875 0.0381255625 0.27246394921875 0.0069185078125 0.27080905078125 0 0.225810208984375 0
5 0.2665436796875 0.663734130859375 0.26740716796875 0.67705190625 0.2699848984375 0.68925639453125 0.27316294140625 0.698634109375 0.2795167109375 0.705238341796875 0.2869944296875 0.69960323828125 0.292454185546875 0.684345712890625 0.291190080078125 0.672912681640625 0.287318474609375 0.661582357421875 0.280839369140625 0.650354740234375 0.273024814453125 0.64540991015625 0.26758158984375 0.65016355859375 0.2665436796875 0.663734130859375
5 0.325107140625 0.103861712890625 0.3335600859375 0.109896421875 0.341806796875 0.10711409765625 0.3455347421875 0.0930049375 0.349882599609375 0.07254987890625 0.349735193359375 0.054377681640625 0.341713365234375 0.05267258984375 0.335109724609375 0.06487458984375 0.32722720703125 0.086522673828125 0.325107140625 0.103861712890625
5 0.335280833984375 0.470539736328125 0.339347412109375 0.482746416015625 0.348201486328125 0.492074455078125 0.35379788671875 0.482897662109375 0.35661109765625 0.4679465859375 0.35296769921875 0.4542149375 0.35207660546875 0.437828056640625 0.344410822265625 0.431015947265625 0.337295447265625 0.435334654296875 0.33343582421875 0.45006330859375 0.335280833984375 0.470539736328125
5 0.613251505859375 0.62464416015625 0.614227181640625 0.63705337109375 0.62012783984375 0.651793970703125 0.626097580078125 0.649210169921875 0.631045484375 0.636132751953125 0.633795697265625 0.61809369140625 0.634125505859375 0.599540154296875 0.627741212890625 0.590476765625 0.61670826171875 0.596479810546875 0.61219095703125 0.6109333046875 0.613251505859375 0.62464416015625
5 0.867464783203125 0.386325421875 0.869854029296875 0.39568408984375 0.87731583203125 0.39690759375 0.888107744140625 0.3895810703125 0.89982043359375 0.37792262109375 0.905513978515625 0.366116912109375 0.90453906640625 0.35572319921875 0.893300314453125 0.356163751953125 0.879048736328125 0.35879427734375 0.869428091796875 0.372594677734375 0.867464783203125 0.386325421875
5 0.89111528515625 0.86680618359375 0.895215705078125 0.8680668125 0.909063716796875 0.863264173828125 0.920390013671875 0.854919091796875 0.924452 0.838805013671875 0.922908302734375 0.826593126953125 0.915602962890625 0.820512685546875 0.90298313671875 0.827450673828125 0.89309887109375 0.839497765625 0.887445841796875 0.849614814453125 0.8872360390625 0.862586126953125 0.89111528515625 0.86680618359375
5 0.8589851484375 1 0.8624490390625 0.989154935546875 0.85951846484375 0.979785330078125 0.851061138671875 0.979577978515625 0.84561012109375 0.991540310546875 0.844002365234375 1 0.8589851484375 1
7 0.84227559765625 0.87998047265625 0.8396664609375 0.89421195703125 0.84258798828125 0.9029652890625 0.847597162109375 0.897007109375 0.852885130859375 0.887780849609375 0.858862521484375 0.883136953125 0.86532203515625 0.872311927734375 0.86972138671875 0.85846096484375 0.87095545703125 0.848742201171875 0.8855375078125 0.81339886328125 0.901175791015625 0.786781556640625 0.917326400390625 0.766556755859375 0.93502811328125 0.7566427265625 0.947711490234375 0.758599357421875 0.955101345703125 0.761278603515625 0.957055716796875 0.752084015625 0.95163336328125 0.7479742421875 0.938278337890625 0.74624402734375 0.920183068359375 0.753117189453125 0.894447896484375 0.778327640625 0.8656202109375 0.84058524609375 0.860239390625 0.845355947265625 0.849389685546875 0.864119455078125 0.84227559765625 0.87998047265625
6 0.839106171875 0.79022211328125 0.83025273046875 0.83676417578125 0.8346937421875 0.87652111328125 0.84690719140625 0.90905848828125 0.861269056640625 0.935398791015625 0.88714306640625 0.96529550390625 0.90668655859375 0.986822763671875 0.90999663671875 0.97347957421875 0.897996546875 0.9602094453125 0.875248091796875 0.93615221484375 0.859365138671875 0.912075685546875 0.842200326171875 0.88033459765625 0.837299099609375 0.8486121796875 0.83983854296875 0.815143984375 0.8453219296875 0.7922826171875 0.839106171875 0.79022211328125
7 0.611952955078125 1 0.639639255859375 0.968549337890625 0.665913533203125 0.94675715234375 0.6725690078125 0.925235416015625 0.669153767578125 0.91193091015625 0.6620393359375 0.90819888671875 0.648720673828125 0.92386565625 0.634543078125 0.9474888203125 0.608896513671875 0.98199205859375 0.5944862421875 1 0.611952955078125 1
6 0.722227697265625 0.449141427734375 0.69899301953125 0.500918037109375 0.670682927734375 0.544054296875 0.67588284375 0.5546114921875 0.68403381640625 0.5487825 0.700744525390625 0.52019605859375 0.713701529296875 0.491756458984375 0.737557482421875 0.4495647734375 0.7686595625 0.410803681640625 0.807256767578125 0.379306876953125 0.854129439453125 0.343897927734375 0.849450310546875 0.325888001953125 0.82276943359375 0.343848966796875 0.766263478515625 0.39706074609375 0.722227697265625 0.449141427734375
6 0.110538640625 0.44240676953125 0.093439568359375 0.43771677734375 0.082394666015625 0.44222541796875 0.06042412109375 0.4660351953125 0.0444836640625 0.492180283203125 0.033657615234375 0.53892687109375 0.024458119140625 0.589183716796875 0.019214607421875 0.629206076171875 0.0222336953125 0.673621021484375 0.032608443359375 0.689011595703125 0.038197708984375 0.678069748046875 0.028964236328125 0.6587027109375 0.02670175390625 0.630270255859375 0.0296861640625 0.605062115234375 0.038519134765625 0.562110931640625 0.044608232421875 0.526487353515625 0.052033201171875 0.4985322421875 0.070497048828125 0.4702853125 0.085175546875 0.457056392578125 0.09933564453125 0.457428953125 0.112032587890625 0.463292296875 0.124540962890625 0.45329388671875 0.12147631640625 0.43840259765625 0.110538640625 0.44240676953125
6 0.335836669921875 0.2128860625 0.33286630859375 0.205925646484375 0.315461994140625 0.2375623125 0.305848650390625 0.25766869921875 0.30274355859375 0.291816548828125 0.303158109375 0.321966212890625 0.3082657890625 0.346785330078125 0.323484509765625 0.374279931640625 0.34320637109375 0.40431444140625 0.35247744921875 0.422106736328125 0.376771951171875 0.455749505859375 0.383420748046875 0.448197390625 0.36027444140625 0.406359638671875 0.328896728515625 0.36277319140625 0.31436641015625 0.326458607421875 0.312085171875 0.286946810546875 0.31670337109375 0.2610314140625 0.325105814453125 0.243831216796875 0.335836669921875 0.2128860625
1 0.62394858984375 0.44640946484375 0.626850935546875 0.447026376953125 0.6303770546875 0.4486742109375 0.63415034765625 0.446779353515625 0.63740053515625 0.444174099609375 0.637705087890625 0.442741294921875 0.63904592578125 0.4364331484375 0.63796404296875 0.43200875 0.632585951171875 0.428767912109375 0.62816372265625 0.432921654296875 0.624325947265625 0.437499703125 0.618714451171875 0.4423376328125 0.61968170703125 0.44190633203125 0.619416087890625 0.44394756640625 0.6173620859375 0.4470778984375 0.619795947265625 0.446125998046875 0.624705294921875 0.439678025390625 0.627271388671875 0.436328162109375 0.62878730078125 0.433953482421875 0.63096591796875 0.433218150390625 0.634857103515625 0.43314596484375 0.63680973828125 0.435059498046875 0.636483798828125 0.437387037109375 0.635791576171875 0.44143528515625 0.634519892578125 0.442663466796875 0.6331686171875 0.44267537109375 0.63123371875 0.44226409765625 0.626056251953125 0.43966510546875 0.62394858984375 0.44640946484375
1 0.5906754609375 0.4372393515625 0.590607009765625 0.442318517578125 0.592194068359375 0.445951958984375 0.596182072265625 0.44859819921875 0.60478915625 0.45012761328125 0.6088199375 0.4509843828125 0.614832873046875 0.44806708984375 0.61667490625 0.447346658203125 0.611991359375 0.447163978515625 0.6117183828125 0.44669896875 0.6140089921875 0.4463944296875 0.618714451171875 0.4423376328125 0.6155859296875 0.44373264453125 0.6132675234375 0.443539927734375 0.6121996015625 0.443012857421875 0.611723751953125 0.438117125 0.609556208984375 0.431663400390625 0.606399830078125 0.425898775390625 0.5980113046875 0.42651255859375 0.59528819140625 0.427432232421875 0.592843958984375 0.43020879296875 0.591650529296875 0.43265201953125 0.5906754609375 0.4372393515625
4 0.9052337421875 0.775779271484375 0.922720431640625 0.760579095703125 0.936655154296875 0.7540834140625 0.954944361328125 0.759484537109375 0.95630588671875 0.755611685546875 0.95581837890625 0.754373078125 0.9370394375 0.74962514453125 0.9260360234375 0.753339880859375 0.9129881015625 0.762672673828125 0.896614091796875 0.78264836328125 0.88691769921875 0.79723349609375 0.873736583984375 0.82621141015625 0.856229091796875 0.870538193359375 0.8471886796875 0.8890463671875 0.84514777734375 0.89163887890625 0.8459172421875 0.888018826171875 0.84905766015625 0.8822550625 0.85120260546875 0.87817103515625 0.848374068359375 0.87662319921875 0.8431223125 0.887803388671875 0.841071966796875 0.896447474609375 0.84435644140625 0.896010623046875 0.848641712890625 0.890867904296875 0.852777091796875 0.883424296875 0.86220233203125 0.863105642578125 0.867695591796875 0.850275724609375 0.87876393359375 0.821227373046875 0.88969625 0.797824095703125 0.9052337421875 0.775779271484375
7 0.1259118359375 0.377489056640625 0.110348751953125 0.376667771484375 0.1013141328125 0.37474740234375 0.089900857421875 0.369212763671875 0.081127220703125 0.361129578125 0.076658556640625 0.35582721484375 0.07242990234375 0.33129906640625 0.07275115234375 0.313334396484375 0.070351015625 0.29665705078125 0.06890737109375 0.310029681640625 0.06998263671875 0.3444583671875 0.07383987890625 0.3657988984375 0.095655099609375 0.381628603515625 0.119701841796875 0.38860566796875 0.142596998046875 0.382901369140625 0.1563025703125 0.367781626953125 0.17018686328125 0.345237732421875 0.180651861328125 0.31574875390625 0.184408458984375 0.294783693359375 0.187251400390625 0.269892888671875 0.18885071484375 0.264014541015625 0.1954029375 0.24799623046875 0.198311390625 0.23431303125 0.200714119140625 0.223009087890625 0.191181796875 0.218495234375 0.187864712890625 0.22587423046875 0.18383367578125 0.234966294921875 0.18163115234375 0.2519091640625 0.181615615234375 0.261854748046875 0.183769029296875 0.268462607421875 0.183763111328125 0.2797231875 0.1799694921875 0.297570759765625 0.177693244140625 0.308279662109375 0.175669763671875 0.31779939453125 0.166522123046875 0.334509880859375 0.1574192109375 0.3493641015625 0.14639080859375 0.36505289453125 0.137757111328125 0.374410482421875 0.1259118359375 0.377489056640625
7 0.376182404296875 0.412652755859375 0.383448775390625 0.39492047265625 0.381775736328125 0.394564857421875 0.37245688671875 0.41372664453125 0.3638366484375 0.441120044921875 0.355714302734375 0.471106025390625 0.342743853515625 0.497574759765625 0.329112517578125 0.51892857421875 0.3074292109375 0.525512380859375 0.287152525390625 0.515606068359375 0.26962130078125 0.489494220703125 0.258952935546875 0.462353421875 0.25029263671875 0.435640396484375 0.253438705078125 0.430711798828125 0.249475765625 0.423030181640625 0.248867123046875 0.411086150390625 0.243537048828125 0.3950289296875 0.237803779296875 0.395676056640625 0.235662037109375 0.400817181640625 0.2337652265625 0.40974096875 0.23445562109375 0.422946224609375 0.24125801953125 0.433720029296875 0.24511148046875 0.440561451171875 0.26451221484375 0.492139794921875 0.288356859375 0.521458427734375 0.312648537109375 0.532218150390625 0.329944931640625 0.521593203125 0.345204576171875 0.50245126953125 0.35821975390625 0.474126271484375 0.36528591796875 0.4507550625 0.37050732421875 0.42947943359375 0.376182404296875 0.412652755859375
7 0.235070529296875 0.234753271484375 0.23344028125 0.22108981640625 0.23482325390625 0.20604866796875 0.239741404296875 0.186109564453125 0.2475219296875 0.174042232421875 0.254768841796875 0.1719504609375 0.2578006171875 0.17582377734375 0.257677947265625 0.183868515625 0.2525651953125 0.190852576171875 0.249487181640625 0.19786587890625 0.256511490234375 0.198955685546875 0.2634421484375 0.191953826171875 0.265634326171875 0.17950611328125 0.263915982421875 0.169456083984375 0.260127814453125 0.163808017578125 0.2557888125 0.162885734375 0.244689451171875 0.164965154296875 0.23815826953125 0.1764905859375 0.2297570546875 0.202147125 0.226362962890625 0.21918223046875 0.2281518515625 0.235300833984375 0.233558625 0.24613486328125 0.238484232421875 0.252832158203125 0.246616978515625 0.256174802734375 0.265021642578125 0.24959458984375 0.28504454296875 0.233269357421875 0.2972693828125 0.223760666015625 0.309693328125 0.2090491171875 0.3121378125 0.192215423828125 0.30330706640625 0.18468901171875 0.29627041015625 0.175122513671875 0.3023322734375 0.15300413671875 0.305315931640625 0.137899966796875 0.300085521484375 0.134770978515625 0.292756599609375 0.13724857421875 0.28662976953125 0.15007066796875 0.285704150390625 0.167226259765625 0.285681216796875 0.1801350625 0.286256357421875 0.192364474609375 0.299179884765625 0.20197155078125 0.29716319140625 0.20719321484375 0.28979918359375 0.214102013671875 0.277925876953125 0.22408868359375 0.2628986328125 0.2382468828125 0.253253982421875 0.246285837890625 0.24427675 0.244781869140625 0.235070529296875 0.234753271484375
4 0.2759969609375 0.22569591015625 0.261919638671875 0.2396537109375 0.253687525390625 0.246377990234375 0.247536703125 0.242245900390625 0.239515162109375 0.23731292578125 0.236711876953125 0.227031337890625 0.233856095703125 0.215932080078125 0.23746721484375 0.198943103515625 0.245510810546875 0.1760361875 0.251972134765625 0.173374177734375 0.257331478515625 0.180162720703125 0.25495146875 0.19135979296875 0.2491825703125 0.201433279296875 0.2558786484375 0.204067291015625 0.261858998046875 0.19726764453125 0.266390720703125 0.181280861328125 0.266595400390625 0.17285030078125 0.264326416015625 0.1675251484375 0.258280908203125 0.16502941796875 0.248541392578125 0.164977396484375 0.241992482421875 0.1712529375 0.236903349609375 0.180260197265625 0.231123177734375 0.196787177734375 0.2275059765625 0.217003751953125 0.225882357421875 0.22997557421875 0.23139476171875 0.2424469765625 0.24661089453125 0.259402400390625 0.26426525 0.24781983984375 0.28720214453125 0.225252955078125 0.30316772265625 0.217346841796875 0.3117159140625 0.200600759765625 0.309809931640625 0.189299185546875 0.29569057421875 0.181051900390625 0.29495729296875 0.181300240234375 0.28575765234375 0.1829769453125 0.285423529296875 0.18774784375 0.289264513671875 0.194214595703125 0.291944439453125 0.197608919921875 0.295791 0.200847962890625 0.298112990234375 0.206990896484375 0.288714560546875 0.21387146875 0.2759969609375 0.22569591015625
5 0.4346872890625 0.932458005859375 0.43964937890625 0.944101529296875 0.44552465625 0.942703630859375 0.4508801796875 0.93325223828125 0.4470518046875 0.9092758515625 0.4415221796875 0.89155466796875 0.43071408984375 0.889919017578125 0.4296277734375 0.900277859375 0.431895392578125 0.9157324140625 0.4346872890625 0.932458005859375
7 0.1569293828125 0.80733578125 0.167376689453125 0.813517046875 0.172719890625 0.82426940625 0.189553876953125 0.8318072578125 0.1963104453125 0.83890130859375 0.199558216796875 0.852036748046875 0.199994419921875 0.863444314453125 0.20291225 0.86915634375 0.205566470703125 0.852182640625 0.200592341796875 0.826234201171875 0.18216373828125 0.8172252578125 0.161778025390625 0.7964864140625 0.1357553359375 0.802269970703125 0.113242513671875 0.822941951171875 0.100183216796875 0.8529775625 0.09546631640625 0.875168833984375 0.089178314453125 0.88231865234375 0.084830798828125 0.889314859375 0.080113900390625 0.911506130859375 0.084574896484375 0.921922353515625 0.087920466796875 0.9226334765625 0.09219704296875 0.91746903125 0.0995357890625 0.896400177734375 0.10120348828125 0.878085583984375 0.111418857421875 0.843485796875 0.1251446015625 0.82377454296875 0.13782705859375 0.813458158203125 0.1569293828125 0.80733578125