7 0.138142744140625 0.092410626953125 0.13742018359375 0.11746283984375 0.138865306640625 0.1354490546875 0.13532329296875 0.162241271484375 0.1359750859375 0.206751517578125 0.14861994140625 0.272915083984375 0.16054223828125 0.294755484375 0.1800514609375 0.32045005859375 0.1955865859375 0.32815842578125 0.207870150390625 0.32815842578125 0.21762476171875 0.324946615234375 0.225572982421875 0.324946615234375 0.234243740234375 0.315311140625 0.242553255859375 0.3082451328125 0.243998353515625 0.29539782421875 0.223405275390625 0.315311140625 0.20281224609375 0.319165333984375 0.172825826171875 0.29732493359375 0.15548428515625 0.251074681640625 0.14428455078125 0.204824453125 0.143561990234375 0.159858927734375 0.148778966796875 0.131565658203125 0.150787625 0.1168204765625 0.15295530859375 0.102688455078125 0.151510185546875 0.08984116796875 0.147536087890625 0.0808480703125 0.141394306640625 0.0821327890625 0.138142744140625 0.092410626953125
7 0.167089138671875 0.5346366640625 0.167518443359375 0.55031859765625 0.17447981640625 0.562140568359375 0.205626041015625 0.59827148046875 0.2269222109375 0.652133806640625 0.247806349609375 0.751180482421875 0.24966272265625 0.772657822265625 0.250737673828125 0.7912499140625 0.25028150390625 0.802371841796875 0.251519107421875 0.8188796171875 0.2570881875 0.83511225390625 0.2652871484375 0.836763060546875 0.26961867578125 0.826308103515625 0.26869048828125 0.804572865234375 0.263430775390625 0.786139169921875 0.259872732421875 0.774308603515625 0.239916806640625 0.65846178515625 0.21545233203125 0.59827148046875 0.18195358203125 0.5577698046875 0.1763361875 0.545366267578125 0.167089138671875 0.5346366640625
5 0.02399094140625 0.665194548828125 0.0206380546875 0.68361253515625 0.019114017578125 0.699321970703125 0.019114017578125 0.71069775 0.02399094140625 0.716114798828125 0.027953447265625 0.7079892265625 0.028405091796875 0.70747897265625 0.034964013671875 0.694988314453125 0.04502265625 0.67386183203125 0.045937072265625 0.658694107421875 0.038316884765625 0.6456931953125 0.02886786328125 0.64894340234375 0.02399094140625 0.665194548828125
5 0.070931294921875 0.687404453125 0.0669687890625 0.675486962890625 0.06117744921875 0.67602864453125 0.05599573046875 0.68036230078125 0.055690919921875 0.692279791015625 0.056910146484375 0.709614384765625 0.05995822265625 0.723157005859375 0.064471009765625 0.7305069765625 0.06879763671875 0.732365943359375 0.0745889765625 0.728574052734375 0.078856294921875 0.720448482421875 0.077027462890625 0.705280701171875 0.070931294921875 0.687404453125
5 0.033744771484375 0.73019912890625 0.026124583984375 0.722615267578125 0.0166755625 0.72694889453125 0.01362748828125 0.740491517578125 0.0130178671875 0.76161802734375 0.015959810546875 0.78378745703125 0.022771712890625 0.7854530625 0.029782279296875 0.78166108984375 0.031306318359375 0.767576759765625 0.034659203125 0.750242248046875 0.033744771484375 0.73019912890625
5 0.77597837890625 0.6445608125 0.77789501953125 0.63017891796875 0.771293294921875 0.62071712890625 0.7627749296875 0.62488030078125 0.75915462109375 0.635477498046875 0.755321361328125 0.651373314453125 0.754256564453125 0.667269109375 0.756268685546875 0.674425423828125 0.761923083984375 0.67748787109375 0.76703411328125 0.672567708984375 0.770441451171875 0.6646198203125 0.773635837890625 0.6578073203125 0.77597837890625 0.6445608125
5 0.85175062890625 0.127052990234375 0.85404481640625 0.11645216796875 0.8526683125 0.104220453125 0.843491560546875 0.09688143359375 0.83316771484375 0.09647370703125 0.821237931640625 0.103812748046875 0.814125958984375 0.112782658203125 0.815867916015625 0.12501444921875 0.81733783203125 0.1307225 0.824908646484375 0.13439203125 0.832479462890625 0.13316884765625 0.841885625 0.131537947265625 0.85175062890625 0.127052990234375
5 0.921723365234375 0.213490423828125 0.916446736328125 0.205335947265625 0.912317203125 0.197181470703125 0.905664048828125 0.18943472265625 0.899010939453125 0.186580669921875 0.894422564453125 0.190657908203125 0.893046013671875 0.2041128046875 0.895569658203125 0.214305900390625 0.899010939453125 0.22409124609375 0.904058111328125 0.23102255859375 0.908875919921875 0.236730708984375 0.916676146484375 0.237138416015625 0.921723365234375 0.227760755859375 0.921723365234375 0.213490423828125
2 0.57032773046875 0.2902806015625 0.564470412109375 0.3026273046875 0.56468734765625 0.31998988671875 0.57097855078125 0.328092431640625 0.579873001953125 0.32423408203125 0.581825447265625 0.315745705078125 0.581174626953125 0.3068715 0.577486689453125 0.294910611328125 0.57032773046875 0.2902806015625
6 0.326504419921875 0 0.32688444140625 0.000108908203125 0.339244783203125 0.031501623046875 0.35615027734375 0.065490712890625 0.376485865234375 0.087714359375 0.400006546875 0.099044052734375 0.424017251953125 0.112988298828125 0.436267607421875 0.132597392578125 0.45243807421875 0.157435578125 0.45905327734375 0.146977421875 0.446802919921875 0.126932544921875 0.43185747265625 0.098172533203125 0.407111755859375 0.082921017578125 0.38726618359375 0.07246284375 0.36325548828125 0.047624658203125 0.349780095703125 0.019300412109375 0.335324671875 0 0.326504419921875 0
2 0.561242294921875 0.8217554921875 0.56736747265625 0.834392453125 0.57300264453125 0.831342146484375 0.576432728515625 0.821319724609375 0.571287583984375 0.80824699609375 0.56344736328125 0.810861552734375 0.561242294921875 0.8217554921875
7 0.20250133203125 0.47937950390625 0.19245604296875 0.558251625 0.2007862890625 0.566095275390625 0.202991357421875 0.542128607421875 0.217201759765625 0.444083142578125 0.227737072265625 0.379155251953125 0.238517388671875 0.342132044921875 0.251257751953125 0.3007350703125 0.260078005859375 0.29201991796875 0.26767322265625 0.2758968828125 0.269633287109375 0.25933809765625 0.269878291015625 0.2427793125 0.263998115234375 0.23406416015625 0.25615789453125 0.2379859921875 0.249052685546875 0.25193022265625 0.24663357421875 0.282178107421875 0.24660261328125 0.29156798046875 0.236802328125 0.31640617578125 0.22871710546875 0.342551623046875 0.21377165625 0.400071615234375 0.20250133203125 0.47937950390625