7 0.792146353515625 0.51812037109375 0.799070833984375 0.538118517578125 0.805346353515625 0.54734907421875 0.81075625 0.554271296875 0.832803125 0.6038555546875 0.853942708984375 0.638513888671875 0.881397396484375 0.665362037109375 0.898968228515625 0.670731482421875 0.9297171875 0.658039814453125 0.956347916015625 0.612153703125 0.953053646484375 0.60287962890625 0.9393265625 0.63167962890625 0.906930208984375 0.658039814453125 0.886888541015625 0.656575 0.859159375 0.632167591796875 0.838019271484375 0.6009268515625 0.81626875 0.540814814453125 0.813136458984375 0.528888888671875 0.808643228515625 0.51257222265625 0.803976041015625 0.501833333984375 0.795739583984375 0.50134537109375 0.792444791015625 0.509643517578125 0.792146353515625 0.51812037109375
5 0.618191146484375 0.874814814453125 0.613304166015625 0.884542591796875 0.614477083984375 0.897396296875 0.617897916015625 0.905559259765625 0.623469271484375 0.912160185546875 0.633065103515625 0.920856482421875 0.641372916015625 0.913040740234375 0.639858333984375 0.89789722265625 0.63373125 0.884542591796875 0.627280728515625 0.874988888671875 0.618191146484375 0.874814814453125
6 0.628478125 0.486891666015625 0.634469791015625 0.468637037109375 0.620775 0.4663555546875 0.604939583984375 0.4663555546875 0.586108853515625 0.461791666015625 0.560858333984375 0.44657962890625 0.536035416015625 0.426043517578125 0.5176328125 0.397140740234375 0.5039375 0.3674768515625 0.491097916015625 0.34389907421875 0.48510625 0.35302592578125 0.495805728515625 0.37432222265625 0.505649478515625 0.403225 0.514636978515625 0.41539537109375 0.527047916015625 0.434410185546875 0.554866666015625 0.46027037109375 0.584825 0.477763888671875 0.6070796875 0.48232777734375 0.6160671875 0.480806482421875 0.628478125 0.486891666015625
5 0.762798958984375 0.81272407421875 0.755386978515625 0.812312037109375 0.747511458984375 0.821368517578125 0.739867708984375 0.8374231484375 0.736393228515625 0.85347777734375 0.739768228515625 0.862565740234375 0.751217708984375 0.86212222265625 0.759324478515625 0.853065740234375 0.765346875 0.841539814453125 0.765810416015625 0.826308333984375 0.762798958984375 0.81272407421875
5 0.625675 0.85430092578125 0.6182625 0.851007408203125 0.608997396484375 0.852653703125 0.598342708984375 0.856359259765625 0.592783333984375 0.864591666015625 0.593709896484375 0.87652962890625 0.598293228515625 0.887956482421875 0.605291666015625 0.884762962890625 0.614935416015625 0.878790740234375 0.622265625 0.8711481484375 0.625675 0.865414814453125 0.625675 0.85430092578125
5 0.786892708984375 0.574541666015625 0.778550521484375 0.560886111328125 0.772183853515625 0.563617591796875 0.769110416015625 0.57610277734375 0.7702078125 0.585856482421875 0.7728421875 0.599512037109375 0.77761875 0.610378703125 0.783160416015625 0.616289814453125 0.7901859375 0.61277777734375 0.7936984375 0.604584259765625 0.792161458984375 0.589758333984375 0.786892708984375 0.574541666015625
5 0.6041796875 0.528483333984375 0.5980328125 0.523411111328125 0.591666146484375 0.53160462890625 0.585299478515625 0.54487037109375 0.579152603515625 0.564378703125 0.582665103515625 0.574912962890625 0.589470833984375 0.580765740234375 0.596276041015625 0.578814814453125 0.601325521484375 0.567889814453125 0.605716666015625 0.553453703125 0.608351041015625 0.5366768515625 0.6041796875 0.528483333984375
5 0.515266666015625 0.565159259765625 0.5084609375 0.5714018515625 0.50363125 0.589738888671875 0.502094791015625 0.610808333984375 0.50714375 0.62017222265625 0.515658853515625 0.621111111328125 0.5196578125 0.6151 0.5214140625 0.597932408203125 0.52273125 0.585837037109375 0.5196578125 0.567889814453125 0.515266666015625 0.565159259765625
5 0.826499478515625 0.276258333984375 0.8167234375 0.276692591796875 0.806214583984375 0.278863888671875 0.804015103515625 0.290157408203125 0.805969791015625 0.301015740234375 0.810125 0.3075305546875 0.819440103515625 0.31347037109375 0.825521875 0.3131768515625 0.833097916015625 0.30839907421875 0.836030728515625 0.294065740234375 0.833097916015625 0.2792981484375 0.826499478515625 0.276258333984375
5 0.552772916015625 0.298981482421875 0.54398125 0.30245277734375 0.535922916015625 0.309831482421875 0.530550521484375 0.321983333984375 0.5329921875 0.331531482421875 0.541783853515625 0.333266666015625 0.550819271484375 0.328492591796875 0.556923958984375 0.319812962890625 0.556191666015625 0.306359259765625 0.552772916015625 0.298981482421875
5 0.395925521484375 0.35959722265625 0.387622916015625 0.3539555546875 0.375656771484375 0.350917591796875 0.370772916015625 0.359163888671875 0.369552083984375 0.373485185546875 0.373947396484375 0.37999537109375 0.380484896484375 0.385212037109375 0.390553125 0.39084537109375 0.398367708984375 0.389109259765625 0.402763541015625 0.37912777734375 0.403740103515625 0.3656731484375 0.395925521484375 0.35959722265625
5 0.217630208984375 0.43527037109375 0.210059896484375 0.432232408203125 0.205908853515625 0.4417805546875 0.201513021484375 0.45740462890625 0.196872916015625 0.484312037109375 0.20126875 0.495596296875 0.2054875 0.496631482421875 0.210792708984375 0.497766666015625 0.216897916015625 0.49212407421875 0.221293228515625 0.471292591796875 0.221048958984375 0.451762962890625 0.217630208984375 0.43527037109375
5 0.280390625 0.60545 0.272331771484375 0.604582408203125 0.264761458984375 0.61022407421875 0.256946875 0.61977222265625 0.252307291015625 0.631056482421875 0.253772396484375 0.641906482421875 0.257986458984375 0.647482408203125 0.267447916015625 0.6449444453125 0.275261978515625 0.641906482421875 0.283565103515625 0.6340944453125 0.283809375 0.620639814453125 0.280390625 0.60545
5 0.273796875 0.7751694453125 0.269889583984375 0.7660555546875 0.263784896484375 0.757809259765625 0.256458333984375 0.749563888671875 0.247422916015625 0.746091666015625 0.2442484375 0.7526018515625 0.242294791015625 0.7643194453125 0.244736978515625 0.772565740234375 0.2493765625 0.78167962890625 0.255341146484375 0.793991666015625 0.259877603515625 0.796435185546875 0.266470833984375 0.797737037109375 0.270866666015625 0.792963888671875 0.274041146484375 0.7851518515625 0.273796875 0.7751694453125
5 0.1448578125 0.75737592578125 0.1363109375 0.76084722265625 0.130694271484375 0.765621296875 0.127519271484375 0.772565740234375 0.128984896484375 0.785585185546875 0.134113021484375 0.7960018515625 0.142415625 0.791661111328125 0.151156771484375 0.784586111328125 0.1565796875 0.779509259765625 0.16073125 0.773867591796875 0.1599984375 0.7660555546875 0.155358853515625 0.75867777734375 0.1448578125 0.75737592578125
7 0.1085875 0.484812037109375 0.1156640625 0.476132408203125 0.117616146484375 0.460507408203125 0.113955728515625 0.4483555546875 0.102975 0.448788888671875 0.091749478515625 0.45399722265625 0.0824765625 0.467017591796875 0.055877603515625 0.4783018515625 0.031475521484375 0.482208333984375 0 0.474396296875 0.000976041015625 0.4887694453125 0.016589583984375 0.493058333984375 0.0380640625 0.493492591796875 0.066858853515625 0.48915277734375 0.086136978515625 0.482208333984375 0.095166146484375 0.4856805546875 0.1085875 0.484812037109375
7 0.790818228515625 0.76657592578125 0.788623958984375 0.8114555546875 0.771344271484375 0.835358333984375 0.752144791015625 0.850481482421875 0.7543390625 0.862188888671875 0.7828640625 0.8446268515625 0.796303646484375 0.808528703125 0.7971265625 0.778284259765625 0.7935609375 0.739258333984375 0.787527083984375 0.698281482421875 0.772715625 0.667061111328125 0.755436458984375 0.648036111328125 0.740351041015625 0.638767591796875 0.7233453125 0.6285231484375 0.707711458984375 0.629011111328125 0.70030625 0.6495 0.703048958984375 0.661207408203125 0.711826041015625 0.66754907421875 0.731573958984375 0.669012037109375 0.744190625 0.668037037109375 0.760921875 0.674866666015625 0.773538541015625 0.694866666015625 0.7853328125 0.73047777734375 0.790818228515625 0.76657592578125
7 0.861033333984375 0.755808333984375 0.856096353515625 0.749466666015625 0.8459484375 0.7519055546875 0.837994271484375 0.76702777734375 0.829491666015625 0.7850768515625 0.814680208984375 0.8114194453125 0.796578125 0.845566666015625 0.7757328125 0.891421296875 0.760921875 0.944593517578125 0.767778646484375 0.94752037109375 0.776555728515625 0.916787962890625 0.791366666015625 0.87922592578125 0.804532291015625 0.85727407421875 0.81440625 0.84020092578125 0.82866875 0.81532222265625 0.834702603515625 0.805565740234375 0.850885416015625 0.79337037109375 0.861033333984375 0.77532037109375 0.861033333984375 0.755808333984375
6 0.894495833984375 0.997765740234375 0.894221353515625 0.9563018515625 0.889558853515625 0.92752037109375 0.8720046875 0.90312962890625 0.858839583984375 0.885567591796875 0.8292171875 0.866542591796875 0.802611978515625 0.85629907421875 0.773538541015625 0.8470305546875 0.757081771484375 0.84020092578125 0.7532421875 0.855811111328125 0.774086978515625 0.861664814453125 0.798497916015625 0.867518517578125 0.811663541015625 0.87337222265625 0.843249478515625 0.888907408203125 0.865696353515625 0.908007408203125 0.882976041015625 0.935325 0.887913021484375 0.965082408203125 0.889284375 0.997765740234375 0.894495833984375 0.997765740234375
7 0.939765625 0.8138944453125 0.966919271484375 0.832431482421875 0.990507291015625 0.8329194453125 0.999479166015625 0.832431482421875 0.999479166015625 0.82072407421875 0.982553125 0.822675 0.963353646484375 0.81779722265625 0.939765625 0.7938944453125 0.914532291015625 0.757307408203125 0.889023958984375 0.709988888671875 0.882990103515625 0.688525 0.876407291015625 0.67047592578125 0.867081771484375 0.655841666015625 0.858579166015625 0.653889814453125 0.85309375 0.66754907421875 0.853916666015625 0.682671296875 0.860225 0.69535462890625 0.867630208984375 0.70267222265625 0.86735625 0.70364722265625 0.875584375 0.709013888671875 0.892315625 0.739746296875 0.9131609375 0.7734055546875 0.939765625 0.8138944453125
7 0.999479166015625 0.779259259765625 0.999479166015625 0.76852777734375 0.982279166015625 0.74755092578125 0.947994271484375 0.713403703125 0.929617708984375 0.691939814453125 0.9249546875 0.676817591796875 0.919743228515625 0.66267037109375 0.907401041015625 0.65730462890625 0.898623958984375 0.6607194453125 0.894783853515625 0.66754907421875 0.896978125 0.683159259765625 0.903835416015625 0.694378703125 0.915943228515625 0.704811111328125 0.926874478515625 0.7104768515625 0.9452515625 0.72852592578125 0.966919271484375 0.74755092578125 0.984198958984375 0.76267407421875 0.999479166015625 0.779259259765625
7 0.954028125 0.85975 0.956496875 0.8817018515625 0.964725 0.884140740234375 0.9630796875 0.85584722265625 0.9458 0.800741666015625 0.933183333984375 0.719763888671875 0.933183333984375 0.629517591796875 0.937571353515625 0.609516666015625 0.937845833984375 0.59097962890625 0.9381203125 0.571466666015625 0.928794791015625 0.563662037109375 0.921663541015625 0.567563888671875 0.918646353515625 0.588540740234375 0.919372396484375 0.60910462890625 0.925229166015625 0.62657222265625 0.9238578125 0.663646296875 0.926874478515625 0.737307408203125 0.9416859375 0.814382408203125 0.954028125 0.85975
2 0.653589583984375 0.4707518515625 0.6418578125 0.465743517578125 0.638572916015625 0.468664814453125 0.635757291015625 0.472421296875 0.630830208984375 0.483688888671875 0.635757291015625 0.48827962890625 0.6418578125 0.49370462890625 0.650773958984375 0.497042591796875 0.653355208984375 0.497460185546875 0.6587515625 0.491617591796875 0.659690103515625 0.4816018515625 0.653589583984375 0.4707518515625