7 0.56966499609375 0.4914903125 0.60063272265625 0.552077869140625 0.619684181640625 0.622042830078125 0.614194142578125 0.668222513671875 0.59396171875 0.6971903359375 0.565731390625 0.689718724609375 0.542521173828125 0.678879677734375 0.53132084375 0.689563775390625 0.535628380859375 0.7136025703125 0.558717994140625 0.731096728515625 0.580897943359375 0.726711599609375 0.6144604609375 0.716018158203125 0.63018535546875 0.683673123046875 0.632721478515625 0.63007710546875 0.629734451171875 0.602788525390625 0.62200903515625 0.57291249609375 0.609593853515625 0.53528346875 0.588115708984375 0.49606634765625 0.565406439453125 0.471604345703125 0.56966499609375 0.4914903125
7 0.587541080078125 0.42446510546875 0.62130432421875 0.413008810546875 0.618096568359375 0.37843406640625 0.59893948828125 0.364174291015625 0.561957232421875 0.362666890625 0.542482412109375 0.370878609375 0.54510933984375 0.4016409296875 0.553308591796875 0.42046697265625 0.56671773046875 0.4292459453125 0.587541080078125 0.42446510546875
7 0.70601498828125 0.486517640625 0.702063619140625 0.530862505859375 0.70482816796875 0.57950016015625 0.718428392578125 0.622806265625 0.7349658125 0.651384349609375 0.766428853515625 0.65365280859375 0.738692701171875 0.61371001953125 0.71982552734375 0.576835033203125 0.716967826171875 0.530373171875 0.724262947265625 0.48304028515625 0.741652013671875 0.45252044921875 0.7702522734375 0.42751060546875 0.79620299609375 0.421519408203125 0.803873666015625 0.3991330859375 0.790754841796875 0.37639301953125 0.762464919921875 0.386604703125 0.739460314453125 0.41253209375 0.719248705078125 0.445176501953125 0.70601498828125 0.486517640625
7 0.44623654296875 0.46629320703125 0.43419608203125 0.487748849609375 0.407329466796875 0.494500759765625 0.378474685546875 0.481937263671875 0.356765833984375 0.46552694921875 0.34243603515625 0.45565198828125 0.333215595703125 0.466569849609375 0.33825690234375 0.485729642578125 0.35429390625 0.496308041015625 0.378838078125 0.504923353515625 0.391979275390625 0.512326412109375 0.41702674609375 0.516430478515625 0.441772232421875 0.50852048046875 0.452669990234375 0.492821279296875 0.45960301171875 0.471995517578125 0.458832546875 0.439216677734375 0.449347458984375 0.434265115234375 0.44623654296875 0.46629320703125
7 0.34428530078125 0.708599580078125 0.30124070703125 0.7020555234375 0.261664109375 0.710533005859375 0.235197953125 0.7436730078125 0.224223474609375 0.77323742578125 0.213291447265625 0.80325198046875 0.20897534765625 0.825482470703125 0.217412869140625 0.828869396484375 0.231718794921875 0.802491875 0.242919794921875 0.77551314453125 0.2577676015625 0.74505544921875 0.2820055859375 0.7295710390625 0.3107494765625 0.72557201953125 0.343628412109375 0.729847484375 0.363355056640625 0.73979737890625 0.380869119140625 0.7449840234375 0.383323095703125 0.729913330078125 0.370664263671875 0.710420611328125 0.34428530078125 0.708599580078125
7 0.110327912109375 0.369583087890625 0.07919881640625 0.32978503515625 0.05768279296875 0.27978811328125 0.05817390234375 0.214958654296875 0.077266970703125 0.187501591796875 0.085397060546875 0.14927729296875 0.069929216796875 0.129798296875 0.054027158203125 0.1343561875 0.0424244609375 0.153470955078125 0.03084020703125 0.201451962890625 0.03010690625 0.257862724609375 0.04730097265625 0.32661726171875 0.07399393359375 0.365560771484375 0.10001118359375 0.389695248046875 0.121753740234375 0.395313984375 0.144708345703125 0.38026270703125 0.147729005859375 0.360948365234375 0.132250736328125 0.3565432421875 0.110327912109375 0.369583087890625
5 0.357613751953125 0.747056421875 0.364024673828125 0.7587615 0.37151873046875 0.768733126953125 0.378362208984375 0.775889125 0.38691175 0.779189373046875 0.3913073671875 0.770922013671875 0.3898074765625 0.75478660546875 0.383830001953125 0.74495899609375 0.375532732421875 0.7363264453125 0.364915671875 0.72888895703125 0.355743505859375 0.7277099921875 0.352819248046875 0.734318666015625 0.357613751953125 0.747056421875
5 0.17407796484375 0.214889701171875 0.184289314453125 0.21678663671875 0.190587509765625 0.21077978515625 0.18800338671875 0.196417044921875 0.183299203125 0.17604098046875 0.175485705078125 0.159633673828125 0.167494857421875 0.161478505859375 0.16666671484375 0.17532809375 0.168671603515625 0.198279216796875 0.17407796484375 0.214889701171875
5 0.338263291015625 0.54291326171875 0.34710762890625 0.55225766015625 0.35907434375 0.556969841796875 0.360268126953125 0.546287701171875 0.356499162109375 0.531548509765625 0.34739387890625 0.520643177734375 0.339660876953125 0.5061682109375 0.329834396484375 0.50323404296875 0.32521083984375 0.510155208984375 0.327937431640625 0.52513505078125 0.338263291015625 0.54291326171875
5 0.655317619140625 0.565103818359375 0.661446240234375 0.575938044921875 0.673023701171875 0.586803837890625 0.677342162109375 0.58193919921875 0.676299728515625 0.567995958984375 0.6711686328125 0.5504847265625 0.6636264765625 0.53353012890625 0.65400998828125 0.528014029296875 0.646547736328125 0.538117359375 0.648561978515625 0.55312576953125 0.655317619140625 0.565103818359375
5 0.784995240234375 0.241678517578125 0.79111577734375 0.249150611328125 0.79839554296875 0.24710598828125 0.805080013671875 0.235905044921875 0.810768244140625 0.220388904296875 0.8109390390625 0.207283103515625 0.805662896484375 0.19827521484375 0.7956633125 0.203424193359375 0.783858703125 0.211831236328125 0.7809717421875 0.228404505859375 0.784995240234375 0.241678517578125
7 1 0.53926698828125 0.987787134765625 0.55182504296875 0.975117544921875 0.585549625 0.975301990234375 0.654157283203125 0.972441494140625 0.660755041015625 0.970538125 0.6823458359375 0.9707937265625 0.699727341796875 0.97444353125 0.7137281171875 0.980790650390625 0.720426638671875 0.98281246875 0.712909724609375 0.983705810546875 0.702313103515625 0.9871605703125 0.6955781484375 0.988440025390625 0.683037435546875 0.986573521484375 0.668624953125 0.983584642578125 0.65929522265625 0.981863728515625 0.621100640625 0.984787865234375 0.590368142578125 0.990877919921875 0.56521270703125 1 0.552540654296875 1 0.53926698828125
6 1 0.72168774609375 0.9998461328125 0.7215931328125 0.97087516796875 0.700080099609375 0.953026673828125 0.673401173828125 0.941183921875 0.64199547265625 0.93649192578125 0.618958658203125 0.929987728515625 0.619718099609375 0.9416333125 0.665641158203125 0.9624602421875 0.699796330078125 0.987280275390625 0.724123578125 1 0.733500986328125 1 0.72168774609375
7 0.789104240234375 0.945456798828125 0.80140058984375 0.942617962890625 0.811009583984375 0.911848341796875 0.824573650390625 0.865635814453125 0.839176458984375 0.8347813984375 0.836112888671875 0.81246335546875 0.82739490234375 0.801848720703125 0.81936981640625 0.801473046875 0.813920072265625 0.821300671875 0.81105438671875 0.848702240234375 0.802392404296875 0.890811501953125 0.789104240234375 0.945456798828125
6 0.679912931640625 0.359988998046875 0.68073690234375 0.416733939453125 0.67330941796875 0.467793029296875 0.6824838046875 0.475163517578125 0.68740765625 0.466435908203125 0.690471548828125 0.43346554296875 0.69019548828125 0.402214646484375 0.693985349609375 0.35389403125 0.70579226171875 0.305620244140625 0.727462083984375 0.2607625625 0.754978681640625 0.208861908203125 0.743126626953125 0.194516859375 0.726536171875 0.222070845703125 0.69781265625 0.294177544921875 0.679912931640625 0.359988998046875
6 0.122688185546875 0.6123962890625 0.105209087890625 0.61537209375 0.09710444140625 0.624126087890625 0.087254810546875 0.6549902265625 0.0838572421875 0.685422451171875 0.093801470703125 0.73236453515625 0.106703357421875 0.781800580078125 0.11886530078125 0.82028916015625 0.140372091796875 0.859266849609375 0.15627914453125 0.868830888671875 0.156720513671875 0.856552080078125 0.140167283203125 0.842901818359375 0.126100703125 0.8180894296875 0.118152076171875 0.793981828125 0.10800551171875 0.751321861328125 0.098468935546875 0.716462572265625 0.09338390234375 0.6879887109375 0.09818016015625 0.65458513671875 0.105892615234375 0.63639226171875 0.11888347265625 0.630745603515625 0.132868767578125 0.630693634765625 0.1399796953125 0.616345732421875 0.130908849609375 0.60414481640625 0.122688185546875 0.6123962890625
6 0.22987790234375 0.30916482421875 0.2242442421875 0.304111875 0.22184080859375 0.3401398125 0.221625486328125 0.36242516015625 0.23324282421875 0.394685892578125 0.24636033203125 0.4218355703125 0.261478474609375 0.44217073046875 0.286891041015625 0.46065759375 0.317458248046875 0.47954328515625 0.333380046875 0.491750453125 0.369616392578125 0.51197385546875 0.372450587890625 0.502319412109375 0.33379151171875 0.474183583984375 0.286933216796875 0.447941642578125 0.2584170703125 0.42117023046875 0.239651158203125 0.38632447265625 0.23288434765625 0.360885412109375 0.233230431640625 0.34174571484375 0.22987790234375 0.30916482421875
1 0.589687232421875 0.39904754296875 0.59257837109375 0.3983800703125 0.5964705234375 0.398383314453125 0.59908948828125 0.395071326171875 0.600934130859375 0.391336576171875 0.600604619140625 0.3899093046875 0.599153892578125 0.38362551953125 0.59630354296875 0.380072876953125 0.59005969921875 0.37940855859375 0.58780724609375 0.38504204296875 0.586263806640625 0.390813078125 0.5832226640625 0.39756925390625 0.583917017578125 0.39676958203125 0.584538947265625 0.398731822265625 0.58400032421875 0.402436927734375 0.58580386328125 0.4005456171875 0.5875282109375 0.392626990234375 0.58843816796875 0.38850650390625 0.58880846875 0.38571366015625 0.590472203125 0.3841265 0.593968306640625 0.38241659375 0.596546689453125 0.383325623046875 0.59723494921875 0.385572837890625 0.5983184453125 0.389534341796875 0.5976849609375 0.391184888671875 0.5964653203125 0.39176675390625 0.59453789453125 0.392211734375 0.588747134765625 0.392044341796875 0.589687232421875 0.39904754296875
1 0.555656080078125 0.4047984296875 0.557740591796875 0.409430646484375 0.560714513671875 0.412052943359375 0.56544722265625 0.41276584765625 0.57389424609375 0.41051445703125 0.577909462890625 0.40958747265625 0.582126130859375 0.404402330078125 0.58349111328125 0.402970919921875 0.579169173828125 0.404784708984375 0.57872525 0.404478630859375 0.58067254296875 0.403234572265625 0.5832226640625 0.39756925390625 0.58097681640625 0.400155732421875 0.5787941796875 0.400960873046875 0.57760356640625 0.4009345078125 0.5751032734375 0.3966985703125 0.5704113515625 0.391765552734375 0.56511446484375 0.38787497265625 0.557771275390625 0.391976392578125 0.555691966796875 0.393960736328125 0.5546501640625 0.397510134765625 0.5546011015625 0.4002288125 0.555656080078125 0.4047984296875
4 1 0.543051857421875 0.993185826171875 0.549553302734375 0.9853046015625 0.5635259765625 0.978906798828125 0.5885500546875 0.976282826171875 0.605866546875 0.976583275390625 0.63770003515625 0.97944940625 0.68527273046875 0.979077904296875 0.7058674765625 0.978323859375 0.709079611328125 0.97749133203125 0.705473541015625 0.97790164453125 0.69892259765625 0.978119642578125 0.69431471875 0.97490197265625 0.694107294921875 0.97486721875 0.7064594765625 0.976662123046875 0.71516019140625 0.97945424609375 0.71337619140625 0.98116461328125 0.70690426953125 0.981766734375 0.698410384765625 0.981721869140625 0.67601215234375 0.981278294921875 0.66206274609375 0.979033255859375 0.631058314453125 0.979050646484375 0.605227544921875 0.9838158515625 0.578681720703125 0.993240302734375 0.55751548828125 1 0.549461705078125 1 0.543051857421875
7 0.109185623046875 0.5470638671875 0.0947335859375 0.5528967734375 0.085733859375 0.5549745234375 0.07305087890625 0.554781896484375 0.061683162109375 0.55116394140625 0.05539230078125 0.54824690625 0.041193794921875 0.5278039609375 0.03389275 0.511386673828125 0.0246693359375 0.497286208984375 0.029012466796875 0.5100160390625 0.044537181640625 0.54076459765625 0.057051927734375 0.558475546875 0.083513154296875 0.563602619140625 0.108255537109375 0.559763396484375 0.126594857421875 0.544917634765625 0.132626443359375 0.52542226953125 0.13568242578125 0.499122806640625 0.132704353515625 0.467974015625 0.12724876953125 0.44738561328125 0.11930604296875 0.42362540234375 0.11827121484375 0.41762191015625 0.117439916015625 0.400335302734375 0.114293099609375 0.386704947265625 0.11169345703125 0.375444658203125 0.101146603515625 0.37538225 0.101258802734375 0.383471751953125 0.1014479140625 0.39341555078125 0.1066121171875 0.40970183203125 0.110801220703125 0.418722158203125 0.115545478515625 0.423800841796875 0.120299041015625 0.43400889453125 0.12440356640625 0.4517875390625 0.12686636328125 0.4624550859375 0.129055677734375 0.471938052734375 0.127827255859375 0.49094885546875 0.125854880859375 0.50825841015625 0.122490125 0.527138087890625 0.118620025390625 0.539267701171875 0.109185623046875 0.5470638671875
7 0.350868609375 0.47316408984375 0.34996019140625 0.45402228125 0.34829361328125 0.454407041015625 0.34794598828125 0.4757118359375 0.351710349609375 0.5041817578125 0.357021626953125 0.534790935546875 0.356452578125 0.5642613046875 0.35312290625 0.58937528515625 0.336253591796875 0.604506001953125 0.3136900859375 0.6040971328125 0.286766056640625 0.58784077734375 0.265627037109375 0.56775150390625 0.246488728515625 0.54720128125 0.247257119140625 0.54140487109375 0.2404190859375 0.536117771484375 0.234819701171875 0.525550025390625 0.2232029375 0.513249828125 0.2182803203125 0.51625930859375 0.218511974609375 0.521823890625 0.220564236328125 0.530713212890625 0.226770728515625 0.542389466796875 0.237489001953125 0.549279033203125 0.243872734375 0.553850923828125 0.283253720703125 0.592397673828125 0.3172548984375 0.6088921953125 0.343817888671875 0.6083777109375 0.35500344921875 0.591438466796875 0.36074365234375 0.567640978515625 0.360568748046875 0.536469359375 0.35709576953125 0.512301560546875 0.3528365 0.490812630859375 0.350868609375 0.47316408984375
7 0.14779424609375 0.37156885546875 0.140542314453125 0.359874533203125 0.135439048828125 0.345658154296875 0.13146977734375 0.325508689453125 0.133421453125 0.311283779296875 0.139105365234375 0.306325314453125 0.143490021484375 0.308554447265625 0.146778697265625 0.315897298828125 0.1450965625 0.32438775 0.145270884765625 0.33204478515625 0.152097642578125 0.330063884765625 0.155419837890625 0.3207890234375 0.15214599609375 0.308581107421875 0.146341322265625 0.300198892578125 0.140521099609375 0.296680955078125 0.136198853515625 0.29767882421875 0.127018216796875 0.3042542109375 0.125969814453125 0.31745999609375 0.1291986484375 0.34426322265625 0.133321904296875 0.361136677734375 0.141755205078125 0.374989078125 0.151234064453125 0.382523041015625 0.158528580078125 0.38651119921875 0.167312013671875 0.386103615234375 0.18121138671875 0.372361771484375 0.192458955078125 0.34910404296875 0.199519875 0.33531980078125 0.20456242578125 0.3167360234375 0.199663654296875 0.300446431640625 0.18847948046875 0.29735722265625 0.178059126953125 0.291660849609375 0.174205412109375 0.2690529375 0.1705262265625 0.254102962890625 0.164463498046875 0.253477603515625 0.15886831640625 0.25882040234375 0.158734373046875 0.273030478515625 0.165145744140625 0.288969908203125 0.170580455078125 0.300678947265625 0.17627008203125 0.311519494140625 0.192042900390625 0.314764744140625 0.19242192578125 0.32034946875 0.18866765234375 0.3297231328125 0.18212733203125 0.343792005859375 0.174491537109375 0.362974478515625 0.169147923828125 0.374336251953125 0.160376185546875 0.37676713671875 0.14779424609375 0.37156885546875
4 0.1810583828125 0.346063841796875 0.174198818359375 0.36466323828125 0.16957979296875 0.374236546875 0.162258958984375 0.373091052734375 0.15290420703125 0.37201030859375 0.1460183828125 0.363876744140625 0.138739416015625 0.3550243046875 0.134832349609375 0.338100939453125 0.132441443359375 0.313940853515625 0.13717237890625 0.308797580078125 0.1448985546875 0.312685130859375 0.147473619140625 0.323838962890625 0.146502462890625 0.335406681640625 0.1536843515625 0.3349640234375 0.156230732421875 0.326274044921875 0.1535815625 0.30986991015625 0.15020415625 0.3021427265625 0.145897251953125 0.298275412109375 0.139363419921875 0.29856845703125 0.130514435546875 0.30263740625 0.127231265625 0.311092666015625 0.126425578125 0.321406775390625 0.12817156640625 0.33882811328125 0.133437162109375 0.35867924609375 0.137447791015625 0.371121880859375 0.14771437109375 0.38009516796875 0.168670541015625 0.389031384765625 0.179775818359375 0.371072966796875 0.191026529296875 0.340926875 0.20215498828125 0.32701415625 0.202825080078125 0.3082244296875 0.196321421875 0.298787228515625 0.180039486328125 0.297279748046875 0.179479859375 0.29781471875 0.171850759765625 0.303222265625 0.1735642109375 0.307687375 0.179778291015625 0.311924970703125 0.1836416328125 0.313868689453125 0.188496677734375 0.3151786328125 0.193197232421875 0.319764705078125 0.18758721875 0.3299725703125 0.1810583828125 0.346063841796875
5 0.623571232421875 0.91954240234375 0.632989177734375 0.92799794921875 0.6377232109375 0.9242480234375 0.6385826328125 0.913418810546875 0.624980087890625 0.893306765625 0.61247925 0.87958283984375 0.601992537109375 0.882668134765625 0.6053858359375 0.892515529296875 0.613972375 0.905563775390625 0.623571232421875 0.91954240234375
7 0.296669333984375 1 0.29298925390625 0.97552533984375 0.29709866796875 0.951860125 0.304232984375 0.93715046875 0.318958140625 0.92352871875 0.33103893359375 0.924715626953125 0.34042566015625 0.932202439453125 0.358868068359375 0.931919703125 0.367989673828125 0.9354936484375 0.376484431640625 0.946025830078125 0.381700810546875 0.956180248046875 0.386759271484375 0.9601239765625 0.3819914140625 0.94361885546875 0.3665170390625 0.9222037421875 0.34600770703125 0.921827130859375 0.31876736328125 0.911646728515625 0.297627033203125 0.927886076171875 0.28595984375 0.956135580078125 0.28681769921875 0.988876189453125 0.289385833984375 1 0.296669333984375 1