5 0.6593329921875 0.51484273046875 0.6767688515625 0.505558177734375 0.68325003515625 0.483290390625 0.67529959765625 0.469457626953125 0.664225345703125 0.472722302734375 0.6526783671875 0.498265884765625 0.6593329921875 0.51484273046875
7 0.9166126875 0.167129244140625 0.912925240234375 0.183127763671875 0.887469619140625 0.22802409765625 0.84676251171875 0.264945974609375 0.793370798828125 0.282050533203125 0.7692127109375 0.28304551953125 0.76843974609375 0.296755033203125 0.77737438671875 0.302699984375 0.790722181640625 0.301623521484375 0.839149333984375 0.287616896484375 0.86683505078125 0.269808068359375 0.8840483125 0.25170571875 0.9223295546875 0.19752291796875 0.936076962890625 0.191374814453125 0.942997900390625 0.174552525390625 0.941084896484375 0.154885701171875 0.933804896484375 0.14790782421875 0.92464909765625 0.1531955625 0.9166126875 0.167129244140625
7 0.80644081640625 0.797005078125 0.818482376953125 0.817130630859375 0.835249859375 0.83853405078125 0.8502642734375 0.863095515625 0.85134372265625 0.85567585546875 0.84745723828125 0.844574451171875 0.838297603515625 0.824495486328125 0.820328943359375 0.796558619140625 0.798614716796875 0.765480052734375 0.774536568359375 0.7274723046875 0.762696091796875 0.701831759765625 0.75199266796875 0.684835615234375 0.7426581875 0.68353409375 0.73644437109375 0.6954855703125 0.741904798828125 0.717834794921875 0.76010926953125 0.74288014453125 0.774248421875 0.750491990234375 0.792484349609375 0.777164541015625 0.80644081640625 0.797005078125
5 0.52673075 0.665466029296875 0.53173639453125 0.6754405234375 0.5359187421875 0.677842943359375 0.54133831640625 0.670247169921875 0.543400580078125 0.65927841015625 0.543872857421875 0.645543833984375 0.54140047265625 0.627951904296875 0.538986416015625 0.617612251953125 0.531034451171875 0.619157134765625 0.530032552734375 0.627413029296875 0.526909115234375 0.646219640625 0.52673075 0.665466029296875
5 0.50783301953125 0.54296969921875 0.516830763671875 0.542024927734375 0.520144205078125 0.53483174609375 0.519792208984375 0.523775916015625 0.5129599375 0.51619280078125 0.49858834375 0.509670203125 0.48987064453125 0.50918710546875 0.486807224609375 0.514742515625 0.487395568359375 0.5257660625 0.4912816875 0.539742720703125 0.49911570703125 0.542485611328125 0.50783301953125 0.54296969921875
5 0.471019689453125 0.53233873828125 0.480842353515625 0.5287160625 0.48427328125 0.52748585546875 0.4842742578125 0.517235033203125 0.482743341796875 0.50805225 0.473201802734375 0.503413736328125 0.463188583984375 0.500549806640625 0.45482397265625 0.502579052734375 0.451878462890625 0.50897344140625 0.453761927734375 0.524085232421875 0.46200791015625 0.5314696640625 0.471019689453125 0.53233873828125
5 0.499945998046875 0.473172357421875 0.50982701171875 0.473385369140625 0.51308139453125 0.470898990234375 0.517146291015625 0.46221168359375 0.51479155859375 0.445456900390625 0.50354171484375 0.440631166015625 0.491054021484375 0.442386197265625 0.48015641796875 0.45032455078125 0.4806856015625 0.462637396484375 0.487282171875 0.470253638671875 0.499945998046875 0.473172357421875
5 0.60952362109375 0.245909466796875 0.6190501640625 0.25727853125 0.6243071796875 0.257073603515625 0.6276653359375 0.250194849609375 0.625428091796875 0.23940304296875 0.61859679296875 0.22156910546875 0.609350322265625 0.205355583984375 0.60234038671875 0.208476365234375 0.5973334609375 0.215587771484375 0.600572013671875 0.22837351953125 0.60952362109375 0.245909466796875
5 0.07021397265625 0.36528883984375 0.081556716796875 0.363118744140625 0.089377671875 0.361674556640625 0.096421658203125 0.358384427734375 0.09591451953125 0.349252244140625 0.093504435546875 0.33762730859375 0.084050212890625 0.331132654296875 0.07224753125 0.33187134765625 0.064124580078125 0.3366941484375 0.0611415234375 0.3449358125 0.064122474609375 0.360622681640625 0.07021397265625 0.36528883984375
5 0.028821712890625 0.409644154296875 0.03201101953125 0.39734634765625 0.034169404296875 0.38876055078125 0.03417064453125 0.372194529296875 0.02846037109375 0.36655473046875 0.021162931640625 0.366200220703125 0.015959109375 0.373373896484375 0.0102469296875 0.386140341796875 0.007644236328125 0.400770876953125 0.010943033203125 0.413191912109375 0.01785905078125 0.420042353515625 0.024394857421875 0.4186637734375 0.028821712890625 0.409644154296875
7 0.84814458203125 0.69187887890625 0.85824964453125 0.65519608984375 0.8609941015625 0.62578531640625 0.861300193359375 0.594686361328125 0.8570976328125 0.54037603515625 0.851059291015625 0.504068623046875 0.84387391015625 0.4973149453125 0.85243381640625 0.569314142578125 0.851051083984375 0.6238138203125 0.8373665234375 0.6839657734375 0.810763619140625 0.752033388671875 0.802201966796875 0.76211004296875 0.79455744140625 0.7787123828125 0.79524480859375 0.799133978515625 0.800289529296875 0.810625203125 0.80908059765625 0.81105404296875 0.815654841796875 0.80014776171875 0.8179483828125 0.7787518203125 0.8155788515625 0.766330154296875 0.825210732421875 0.752776267578125 0.83866543359375 0.72648490625 0.84814458203125 0.69187887890625
7 0.800369171875 0.67363837890625 0.807554322265625 0.7003558203125 0.810761716796875 0.703212236328125 0.81037958984375 0.7182394375 0.815958423828125 0.75571943359375 0.828875591796875 0.827660728515625 0.844314607421875 0.913111224609375 0.8550613125 0.9540781484375 0.859035794921875 0.9535195703125 0.85042993359375 0.9055971953125 0.832853513671875 0.81824978125 0.820013796875 0.720232830078125 0.819784646484375 0.6986369609375 0.820473173828125 0.676913052734375 0.81588733203125 0.653156189453125 0.8097720546875 0.64292436328125 0.799987998046875 0.644299423828125 0.798229181640625 0.656192349609375 0.800369171875 0.67363837890625
7 0.86770614453125 0.8887510859375 0.880701658203125 0.87694235546875 0.878102931640625 0.860670673828125 0.871605625 0.84550137109375 0.861286291015625 0.847506126953125 0.852342373046875 0.85708203515625 0.845232904296875 0.866399193359375 0.828797951171875 0.88257353515625 0.80089640625 0.89703164453125 0.771007986328125 0.899567841796875 0.754420578125 0.89912669921875 0.73202355859375 0.890628650390625 0.717194044921875 0.873857080078125 0.697397158203125 0.823956271484375 0.691434515625 0.8281220234375 0.703205830078125 0.865287126953125 0.7214740390625 0.89765692578125 0.75304402734375 0.911520375 0.7739127421875 0.9135786328125 0.80968720703125 0.908550859375 0.840416771484375 0.894249767578125 0.850889177734375 0.8888957421875 0.86770614453125 0.8887510859375
2 0.7462416171875 0.876430220703125 0.742955294921875 0.859700703125 0.730113412109375 0.85041423828125 0.726290826171875 0.858714984375 0.724914791015625 0.871108587890625 0.726137345703125 0.884245921875 0.7315646953125 0.891802080078125 0.7408901640625 0.896037109375 0.74547681640625 0.886519103515625 0.7462416171875 0.876430220703125
7 0.78418323046875 0.70510559765625 0.776516779296875 0.6858425 0.76772603125 0.6721044609375 0.757253767578125 0.6663671953125 0.75213225390625 0.669860263671875 0.754501546875 0.68671866015625 0.762068716796875 0.70284654296875 0.77124144921875 0.712648671875 0.783854048828125 0.72695758984375 0.819856484375 0.781236369140625 0.83720757421875 0.82260751953125 0.850660671875 0.86730071484375 0.85386974609375 0.912322806640625 0.85536664453125 0.954035236328125 0.8617879140625 0.95313278515625 0.860902279296875 0.929081234375 0.85968024609375 0.88932458203125 0.851654736328125 0.847750814453125 0.840036380859375 0.811674087890625 0.820774408203125 0.76557939453125 0.802352669921875 0.734340111328125 0.78418323046875 0.70510559765625
2 0.21894114453125 0.655320921875 0.2300278046875 0.65014985546875 0.23322458984375 0.6393947265625 0.2292295546875 0.618700255859375 0.214580673828125 0.602080017578125 0.1973566015625 0.5980593125 0.1913189453125 0.614366625 0.19460321875 0.6403139140625 0.206677365234375 0.65149884765625 0.2184854921875 0.658212478515625 0.21894114453125 0.655320921875
2 0.323855509765625 0.553376625 0.324794091796875 0.54208425 0.318076791015625 0.5256228046875 0.31129955078125 0.526140498046875 0.307400462890625 0.534955974609375 0.309079673828125 0.548644376953125 0.31123886328125 0.555303125 0.31783630859375 0.55698650390625 0.323855509765625 0.553376625
2 0.305975431640625 0.37858809375 0.309694728515625 0.37197369140625 0.310174619140625 0.359722865234375 0.303397068359375 0.3515373828125 0.294580064453125 0.349730216796875 0.293560185546875 0.363363166015625 0.296438953125 0.37514196484375 0.305975431640625 0.37858809375
7 0.3362864140625 0.277337966796875 0.327829087890625 0.246639388671875 0.319476455078125 0.2347425546875 0.307847861328125 0.23994209765625 0.3098128359375 0.261052779296875 0.321276703125 0.287958046875 0.335934828125 0.30193834375 0.3521481328125 0.3388700078125 0.37548572265625 0.393216681640625 0.38465588671875 0.4513366171875 0.387681712890625 0.49663411328125 0.382194345703125 0.528892296875 0.368026947265625 0.563558796875 0.37572444140625 0.56604130078125 0.384405068359375 0.546998796875 0.395870498046875 0.504988724609375 0.392842171875 0.44778776953125 0.382770845703125 0.397517794921875 0.363364359375 0.3354890703125 0.34543122265625 0.295829470703125 0.3362864140625 0.277337966796875
5 0.356847275390625 0.477121654296875 0.345345453125 0.47109803515625 0.334208486328125 0.470286400390625 0.32659236328125 0.475515771484375 0.32552733984375 0.4893289765625 0.327164951171875 0.496228396484375 0.33617299609375 0.503279451171875 0.34427995703125 0.506299083984375 0.35246868359375 0.5075241328125 0.361558703125 0.500900138671875 0.358038009765625 0.475849107421875 0.356847275390625 0.477121654296875
7 0.349276044921875 0.458663322265625 0.3710803671875 0.441713796875 0.3977558984375 0.413828046875 0.418638376953125 0.391288525390625 0.41421696875 0.376463291015625 0.343708455078125 0.438058958984375 0.28335418359375 0.498226603515625 0.263699986328125 0.517623859375 0.251498126953125 0.53062634765625 0.246584416015625 0.550327865234375 0.25092392578125 0.566946765625 0.262798197265625 0.5658716875 0.2700049921875 0.550600634765625 0.276392533203125 0.53188040234375 0.328394216796875 0.476450953125 0.349276044921875 0.458663322265625
7 0.307689068359375 0.8344471015625 0.31666041796875 0.83459441015625 0.32575289453125 0.829436189453125 0.325218189453125 0.81528398828125 0.319691916015625 0.80183330859375 0.304805298828125 0.794224595703125 0.2872445546875 0.79345927734375 0.260235361328125 0.78496800390625 0.217625990234375 0.761208521484375 0.181168037109375 0.726883626953125 0.15977530078125 0.6859149921875 0.13873920703125 0.629374814453125 0.133835998046875 0.63588444921875 0.1482759921875 0.679123365234375 0.172075607421875 0.73462812109375 0.200689119140625 0.767468265625 0.2319771875 0.788292392578125 0.256758162109375 0.80162421875 0.288492263671875 0.81268476953125 0.298297322265625 0.825534107421875 0.307689068359375 0.8344471015625
7 0.267097087890625 0.87001384375 0.28049384375 0.880291994140625 0.28474670703125 0.876587203125 0.28617334765625 0.8634534296875 0.284480244140625 0.846230712890625 0.27913226953125 0.82370112109375 0.27218044140625 0.76647466796875 0.2777976953125 0.705542501953125 0.295359826171875 0.644224732421875 0.310247150390625 0.61044444140625 0.319874791015625 0.593570875 0.3112285234375 0.5915527109375 0.28181034765625 0.648716203125 0.266030962890625 0.717543201171875 0.26700925390625 0.804709978515625 0.26513670703125 0.827608248046875 0.264958373046875 0.8496204375 0.267097087890625 0.87001384375
7 0.3051643828125 0.680355341796875 0.313054318359375 0.642974037109375 0.319160904296875 0.6272993984375 0.32852175 0.598176158203125 0.33877330078125 0.575394375 0.352144984375 0.55670054296875 0.36658601953125 0.540443640625 0.358742009765625 0.533786265625 0.330126984375 0.5630282890625 0.31363475390625 0.60608798828125 0.299281966796875 0.6591949375 0.284037529296875 0.711133123046875 0.27539070703125 0.72204830859375 0.27057658984375 0.739539451171875 0.269328216796875 0.764289240234375 0.2767264921875 0.77553665234375 0.288493443359375 0.76870941796875 0.293396515625 0.746679314453125 0.29312980078125 0.724082634765625 0.3051643828125 0.680355341796875
2 0.441321234375 0.421916791015625 0.448028859375 0.411880970703125 0.4479325078125 0.40135303515625 0.442119865234375 0.390924396484375 0.433933923828125 0.390317943359375 0.4296225859375 0.394789255859375 0.4306881875 0.40518191015625 0.431850568359375 0.4162631640625 0.436258115234375 0.4209153984375 0.441321234375 0.421916791015625
7 0.128655203125 0.4796554375 0.119936869140625 0.46342379296875 0.110993798828125 0.456498251953125 0.10393018359375 0.45858215234375 0.100398751953125 0.468352046875 0.102503873046875 0.483330767578125 0.114979384765625 0.497944134765625 0.125951646484375 0.50403937109375 0.1469196953125 0.528914189453125 0.17713116796875 0.558491857421875 0.201029294921875 0.578045060546875 0.2306383515625 0.585885767578125 0.25348319140625 0.584857484375 0.281362115234375 0.56948248828125 0.282262896484375 0.558445080078125 0.2546845078125 0.569413138671875 0.2343199609375 0.575002658203125 0.211173810546875 0.569527173828125 0.182015025390625 0.54743978515625 0.146166533203125 0.510471939453125 0.129783021484375 0.487680275390625 0.128655203125 0.4796554375
7 0.138275171875 0.49794271484375 0.13967102734375 0.484414009765625 0.14165474609375 0.467463712890625 0.1493180078125 0.434745447265625 0.155402923828125 0.40825093359375 0.1629160625 0.385373404296875 0.172007990234375 0.36500239453125 0.194925708984375 0.333958900390625 0.214238287109375 0.323062287109375 0.233851689453125 0.323033271484375 0.262708203125 0.31897775390625 0.263609578125 0.310122611328125 0.2478284296875 0.311249330078125 0.231070521484375 0.309785857421875 0.207173302734375 0.312053216796875 0.18741029296875 0.321922896484375 0.1605852734375 0.36442540625 0.141577263671875 0.429833279296875 0.13436616015625 0.472306701171875 0.124823287109375 0.491650845703125 0.12091665625 0.507474462890625 0.123472775390625 0.521298626953125 0.127831955078125 0.526141857421875 0.134144396484375 0.525254701171875 0.137976625 0.5219886484375 0.139704298828125 0.512471322265625 0.138275171875 0.49794271484375
7 0.1148486484375 0.643141119140625 0.12177679296875 0.642084212890625 0.122588384765625 0.641508248046875 0.128148986328125 0.637453232421875 0.153549763671875 0.64152067578125 0.18293333203125 0.652120541015625 0.211641119140625 0.675362490234375 0.238696796875 0.706473916015625 0.253578224609375 0.74256984375 0.2635010546875 0.789182296875 0.2655325234375 0.82326552734375 0.27026623046875 0.817690427734375 0.27169308203125 0.797305501953125 0.267857830078125 0.759111080078125 0.258086080078125 0.722297029296875 0.23531355078125 0.684582654296875 0.208183287109375 0.65730035546875 0.177747078125 0.637028791015625 0.135137212890625 0.623923994140625 0.117702716796875 0.619828140625 0.106279380859375 0.61270512109375 0.09568348046875 0.611465873046875 0.090874671875 0.620870169921875 0.0894476875 0.63034523828125 0.097789533203125 0.6417199765625 0.1148486484375 0.643141119140625
8 0.773489162109375 0.732515302734375 0.76951890234375 0.7287852578125 0.765886634765625 0.732358884765625 0.765548173828125 0.7385318046875 0.77019395703125 0.742165974609375 0.773953025390625 0.73949459375 0.773657255859375 0.736166328125 0.773489162109375 0.732515302734375