7 0.892921890625 0.670892482421875 0.90070226953125 0.6938695546875 0.900588765625 0.68625023828125 0.885901078125 0.6133069296875 0.879370552734375 0.554169517578125 0.87948060546875 0.54538226953125 0.87801553515625 0.528314259765625 0.874810482421875 0.5063083203125 0.866718326171875 0.498867931640625 0.861575001953125 0.503757701171875 0.860082876953125 0.51610827734375 0.86191626953125 0.5323225078125 0.86678228125 0.5501255703125 0.871682087890625 0.55918896484375 0.87840153515625 0.606625455078125 0.892921890625 0.670892482421875
7 0.531244634765625 0.4176741796875 0.5409820703125 0.3507413515625 0.545127609375 0.293762970703125 0.548655330078125 0.28331309765625 0.555443787109375 0.27027605859375 0.55590648046875 0.2467019453125 0.5496438125 0.237368767578125 0.54179088671875 0.23657311328125 0.539925126953125 0.246332283203125 0.53830327734375 0.25426692578125 0.540317673828125 0.267565837890625 0.537501984375 0.277858787109375 0.54049530859375 0.283136212890625 0.540228416015625 0.2910007734375 0.531747439453125 0.40134400390625 0.51403345703125 0.491036595703125 0.501900146484375 0.53816767578125 0.505349787109375 0.539195025390625 0.5178302109375 0.49868726171875 0.531244634765625 0.4176741796875
7 0.456472783203125 0.4878716015625 0.494320599609375 0.4194655703125 0.53173731640625 0.37523653125 0.554994990234375 0.358921033203125 0.561832171875 0.359770849609375 0.560003861328125 0.3508088828125 0.5499695625 0.35375010546875 0.52735748828125 0.369427236328125 0.500328181640625 0.398017134765625 0.47008025 0.44468637109375 0.44702509765625 0.481097513671875 0.43575806640625 0.49439244140625 0.42782753125 0.505073056640625 0.425803986328125 0.51182154296875 0.42556859375 0.520287130859375 0.427790080078125 0.523794193359375 0.433555798828125 0.53013353125 0.442290287109375 0.521826130859375 0.4504016328125 0.508117087890625 0.453008205078125 0.499526302734375 0.456472783203125 0.4878716015625
7 0.793865529296875 0.55076947265625 0.808150603515625 0.570859568359375 0.825522638671875 0.592132318359375 0.847418669921875 0.613167974609375 0.869848705078125 0.622747947265625 0.89802064453125 0.6192548671875 0.909769662109375 0.61258916796875 0.90958462109375 0.601843384765625 0.892627697265625 0.610126453125 0.868462138671875 0.610720697265625 0.84603210546875 0.6011407265625 0.826538603515625 0.582668029296875 0.810026142578125 0.5633668828125 0.798143599609375 0.54583974609375 0.78373442578125 0.50895164453125 0.775587095703125 0.49055653515625 0.777813623046875 0.480028359375 0.7718489921875 0.4625193046875 0.76755165234375 0.452661255859375 0.7615801953125 0.446924248046875 0.756371767578125 0.44854164453125 0.75467189453125 0.45938621484375 0.758531259765625 0.47531717578125 0.764205791015625 0.4898085703125 0.771755859375 0.49680728125 0.77746500390625 0.51196908203125 0.793865529296875 0.55076947265625
7 0.592293556640625 0.773879330078125 0.58984916796875 0.76653701171875 0.5819523828125 0.764118279296875 0.573787759765625 0.764191978515625 0.564994294921875 0.763502173828125 0.535196076171875 0.74130812890625 0.534036263671875 0.743648888671875 0.53439369921875 0.750469158203125 0.5659343671875 0.781599072265625 0.573810921875 0.793085921875 0.5835112578125 0.7971375 0.590184306640625 0.797243962890625 0.59327058984375 0.792522263671875 0.5932814296875 0.78294653515625 0.592293556640625 0.773879330078125
5 0.4084988515625 0.238145677734375 0.413596421875 0.24882315625 0.4235414609375 0.25924566015625 0.434275916015625 0.266171130859375 0.438665271484375 0.250965015625 0.436619634765625 0.2366719296875 0.430259705078125 0.226637328125 0.4204727890625 0.225421943359375 0.408888732421875 0.22084508203125 0.4031390390625 0.228634451171875 0.4084988515625 0.238145677734375
5 0.4143408828125 0.203905041015625 0.40398659765625 0.201516818359375 0.399071552734375 0.2081053046875 0.401693712890625 0.21796398828125 0.408005298828125 0.2239214609375 0.41486343359375 0.231490498046875 0.423226859375 0.238434529296875 0.430016091796875 0.235891462890625 0.430461380859375 0.22383775 0.42750631640625 0.214423951171875 0.42127673828125 0.207095494140625 0.4143408828125 0.203905041015625
5 0.612522826171875 0.1630418125 0.618879015625 0.14887214453125 0.619196732421875 0.1374593203125 0.61067794140625 0.132208146484375 0.6025840546875 0.135074564453125 0.597284478515625 0.147561630859375 0.594290025390625 0.160334927734375 0.598247275390625 0.170301666015625 0.603542509765625 0.170838232421875 0.612522826171875 0.1630418125
5 0.629068384765625 0.11171016796875 0.621538001953125 0.116581322265625 0.616143865234375 0.120387365234375 0.610672314453125 0.1277319375 0.607635310546875 0.13969338671875 0.609558322265625 0.1501737734375 0.616345564453125 0.148597876953125 0.626808392578125 0.14723546484375 0.6372650703125 0.14139687109375 0.640174951171875 0.126999849609375 0.63554778125 0.112997826171875 0.629068384765625 0.11171016796875
5 0.58203125 0.4091796875 0.0234375 0.048828125
5 0.89938899609375 0.696237828125 0.900643828125 0.711364181640625 0.90468451171875 0.726754357421875 0.90719119140625 0.73597191015625 0.908366546875 0.739699763671875 0.915637064453125 0.741782294921875 0.922650591796875 0.738951169921875 0.92194808984375 0.72995523828125 0.917692826171875 0.710470681640625 0.913356806640625 0.6938637421875 0.90685156640625 0.684350419921875 0.90073822265625 0.68672362109375 0.89938899609375 0.696237828125
5 0.901856498046875 0.659566765625 0.90325023828125 0.66852647265625 0.910655666015625 0.6775818671875 0.917821828125 0.68168373828125 0.923252779296875 0.684312365234375 0.93104899609375 0.687598662109375 0.9357155078125 0.684069970703125 0.93672755078125 0.672520619140625 0.93411734375 0.662392421875 0.92644425 0.657046859375 0.91900151953125 0.651688298828125 0.91133405859375 0.650858814453125 0.904904482421875 0.6516065234375 0.901856498046875 0.659566765625
5 0.65306143359375 0.17383405078125 0.649863177734375 0.16878618359375 0.642061384765625 0.16919505859375 0.630722138671875 0.176743296875 0.62630032421875 0.18566750390625 0.631994193359375 0.20101554296875 0.640680349609375 0.198821828125 0.653424876953125 0.180768978515625 0.65306143359375 0.17383405078125
5 0.563025861328125 0.2098455 0.559645884765625 0.201330169921875 0.537282341796875 0.1851172578125 0.53072835546875 0.19067621875 0.54175265234375 0.214437369140625 0.551165697265625 0.2261135078125 0.559851853515625 0.22391979296875 0.56357102734375 0.220247892578125 0.563025861328125 0.2098455
5 0.6273669375 0.747145056640625 0.633557478515625 0.73465116796875 0.635144482421875 0.727614021484375 0.634235873046875 0.710276703125 0.6310376171875 0.705228833984375 0.625367994140625 0.709002955078125 0.610697265625 0.746280181640625 0.612308517578125 0.7583651953125 0.619044224609375 0.756273697265625 0.6273669375 0.747145056640625
5 0.785595458984375 0.65018947265625 0.778496306640625 0.64534604296875 0.774074490234375 0.654270248046875 0.77461965625 0.664672640625 0.781561333984375 0.685170765625 0.786891759765625 0.69358387890625 0.79362746875 0.6914923828125 0.790223244140625 0.663854892578125 0.785595458984375 0.65018947265625
5 0.8002541953125 0.7432998984375 0.792609876953125 0.728054076171875 0.78870898046875 0.728258513671875 0.784287166015625 0.737182720703125 0.787146224609375 0.7544178203125 0.797104435546875 0.776496349609375 0.8018896953125 0.7745070703125 0.803658419921875 0.770937390625 0.8002541953125 0.7432998984375
5 0.758858859375 0.96104255078125 0.7606275859375 0.9574728671875 0.751917181640625 0.940544423828125 0.74710767578125 0.92341154296875 0.739463357421875 0.90816572265625 0.7355624609375 0.908370158203125 0.73290937109375 0.91372468359375 0.733636259765625 0.927594537109375 0.740759658203125 0.951560126953125 0.746090083984375 0.959973240234375 0.758858859375 0.96104255078125
5 0.904948505859375 0.800398873046875 0.906717232421875 0.796829193359375 0.9035189765625 0.79178132421875 0.8989154375 0.797238068359375 0.902113693359375 0.80228593359375 0.904948505859375 0.800398873046875
5 0.86986468359375 0.82136096875 0.888303080078125 0.81865616015625 0.89555970703125 0.80784489453125 0.895014541015625 0.79744250390625 0.89181628515625 0.79239463671875 0.8760309765625 0.789744921875 0.873898806640625 0.78637967578125 0.872130080078125 0.789949359375 0.866278736328125 0.790256015625 0.863625646484375 0.7956105390625 0.8645342578125 0.812947857421875 0.86986468359375 0.82136096875
5 0.6539945546875 0.490190994140625 0.65326766796875 0.476321138671875 0.650069412109375 0.471273271484375 0.63659799609375 0.475456265625 0.626506556640625 0.48815458984375 0.626870001953125 0.49508951953125 0.630068255859375 0.50013738671875 0.634150875 0.503400412109375 0.640886583984375 0.5013089140625 0.6539945546875 0.490190994140625
5 0.708170921875 0.42302746484375 0.696286509765625 0.4201733125 0.693633421875 0.4255278359375 0.694178587890625 0.4359302265625 0.699509013671875 0.444343341796875 0.711575146484375 0.450664955078125 0.720261302734375 0.448471240234375 0.7216665859375 0.437966630859375 0.708170921875 0.42302746484375
5 0.58686769140625 0.552817748046875 0.586140802734375 0.538947892578125 0.57867820703125 0.52716953515625 0.57051296875 0.520643482421875 0.56271117578125 0.521052357421875 0.562371978515625 0.53323958984375 0.5762310859375 0.555113681640625 0.580313705078125 0.558376708984375 0.583148517578125 0.5564896484375 0.58686769140625 0.552817748046875
5 0.479144857421875 0.624526021484375 0.474517072265625 0.610860603515625 0.46510402734375 0.59918446484375 0.45712051171875 0.596125876953125 0.452698697265625 0.60505008203125 0.453062140625 0.611985009765625 0.467102970703125 0.637326564453125 0.47118558984375 0.640589591796875 0.474020400390625 0.63870253125 0.479144857421875 0.624526021484375
5 0.6724449453125 0.357098533203125 0.675982396484375 0.34995916796875 0.672238974609375 0.334508908203125 0.6621232890625 0.32808507421875 0.646519703125 0.328902822265625 0.64386661328125 0.33425734765625 0.644411779296875 0.34465973828125 0.64761003515625 0.34970760546875 0.653279658203125 0.345933486328125 0.667659685546875 0.35908780859375 0.6724449453125 0.357098533203125
5 0.3604214453125 0.131800373046875 0.350305759765625 0.125376537109375 0.3379004296875 0.131242154296875 0.33862731640625 0.145112009765625 0.341825572265625 0.150159876953125 0.35389170703125 0.1564814921875 0.36257786328125 0.15428777734375 0.36593359375 0.143680947265625 0.3604214453125 0.131800373046875
5 0.374886205078125 0.0719335234375 0.351299103515625 0.069692681640625 0.348646013671875 0.07504720703125 0.3491911796875 0.08544959765625 0.3564720546875 0.093760490234375 0.36250512109375 0.096921298828125 0.375092173828125 0.09452314453125 0.376860900390625 0.090953462890625 0.374886205078125 0.0719335234375
5 0.347628951171875 0.67140383203125 0.337513265625 0.664979998046875 0.322975765625 0.667480369140625 0.32370265234375 0.681350224609375 0.326900908203125 0.686398091796875 0.341099212890625 0.696084953125 0.349785369140625 0.693891236328125 0.353141099609375 0.683284408203125 0.347628951171875 0.67140383203125
5 0.29221676953125 0.60302962109375 0.289018513671875 0.59798175390625 0.278902828125 0.591557919921875 0.2691505859375 0.592069013671875 0.26649749609375 0.597423537109375 0.2670426640625 0.607825927734375 0.27237308984375 0.6162390390625 0.280538326171875 0.62276509375 0.29312537890625 0.620366939453125 0.29221676953125 0.60302962109375
5 0.310970380859375 0.848912884765625 0.305639955078125 0.8404997734375 0.30173905859375 0.8407042109375 0.29058153515625 0.851719912109375 0.282440544921875 0.86431601953125 0.28387007421875 0.8729335703125 0.30230847265625 0.87022876171875 0.311515546875 0.85931527734375 0.310970380859375 0.848912884765625
5 0.23039634765625 0.93484479296875 0.210710142578125 0.932399515625 0.206288328125 0.94132372265625 0.211982197265625 0.95667176171875 0.228470146484375 0.954069171875 0.23413976953125 0.950295052734375 0.233594603515625 0.939892662109375 0.23039634765625 0.93484479296875
5 0.17674063671875 0.713391087890625 0.1714102109375 0.7049779765625 0.16183969140625 0.708956533203125 0.161500494140625 0.721143765625 0.16381438671875 0.727976474609375 0.175541322265625 0.7464853203125 0.18227703125 0.74439382421875 0.1836823125 0.73388921484375 0.17674063671875 0.713391087890625
5 0.645816798828125 0.0542576640625 0.641394982421875 0.063181869140625 0.6463862109375 0.08378221484375 0.655980978515625 0.09892581640625 0.66076623828125 0.0969365390625 0.660039349609375 0.08306668359375 0.653097671875 0.062568556640625 0.645816798828125 0.0542576640625
5 0.88168781640625 0.076666060546875 0.875836470703125 0.076972716796875 0.866653642578125 0.107008361328125 0.86826489453125 0.119093373046875 0.8750006015625 0.117001876953125 0.88189378515625 0.09925568359375 0.88329906640625 0.08875107421875 0.88168781640625 0.076666060546875
7 0.211714888671875 0.351053921875 0.224116896484375 0.3515935546875 0.2111156875 0.33324142578125 0.191789216796875 0.277153806640625 0.165097521484375 0.246434568359375 0.143100013671875 0.23509621484375 0.108910115234375 0.220828986328125 0.0778145390625 0.208183517578125 0.06588479296875 0.197508056640625 0.055342744140625 0.18140623828125 0.0433588359375 0.176086322265625 0.0350298984375 0.183066048828125 0.033138826171875 0.198034607421875 0.0388252421875 0.21082212109375 0.04979013671875 0.217049390625 0.054819482421875 0.2224741640625 0.064397869140625 0.220188255859375 0.081904203125 0.228787533203125 0.102621150390625 0.234838435546875 0.132196099609375 0.2439948203125 0.158288642578125 0.256902486328125 0.178231611328125 0.27370121875 0.194049984375 0.31391271484375 0.211714888671875 0.351053921875
7 0 0.227276255859375 0.001707029296875 0.23001604296875 0.033921201171875 0.264015568359375 0.064148943359375 0.28562800390625 0.10895758203125 0.304692361328125 0.122950923828125 0.316449265625 0.13420534375 0.320617822265625 0.14337958203125 0.3106202734375 0.14208252734375 0.292250015625 0.135822033203125 0.281276515625 0.1173857421875 0.280458794921875 0.10826509765625 0.2850998984375 0.06612471875 0.2658966328125 0.0351057890625 0.241945546875 0.013099798828125 0.224066267578125 0 0.206779263671875 0 0.227276255859375
5 0.035586064453125 0.238351595703125 0.019880158203125 0.238580375 0.01968821875 0.254055146484375 0.045887998046875 0.256250853515625 0.063145640625 0.26010479296875 0.082435765625 0.264446546875 0.10164071484375 0.273552064453125 0.122886158203125 0.289687275390625 0.14109294140625 0.32441996875 0.15074203125 0.329862248046875 0.147203443359375 0.3133943203125 0.123660185546875 0.278940373046875 0.103926787109375 0.25975146875 0.074041494140625 0.24466338671875 0.035586064453125 0.238351595703125
2 0.145383828125 0.265905951171875 0.134898015625 0.27002426953125 0.13102857421875 0.27914854296875 0.13662175390625 0.290157017578125 0.143122357421875 0.299333080078125 0.149187751953125 0.300204798828125 0.149232359375 0.287651001953125 0.14882065234375 0.27405298828125 0.145383828125 0.265905951171875
7 0.125873814453125 0.621313173828125 0.140129845703125 0.625324419921875 0.149095033203125 0.617717013671875 0.145316283203125 0.60304559765625 0.13184333203125 0.5948292734375 0.11090875390625 0.584625736328125 0.058567736328125 0.555845052734375 0.000529630859375 0.523198904296875 0.001367830078125 0.5391926953125 0.02728022265625 0.55867435546875 0.082653912109375 0.587890435546875 0.115976029296875 0.6111255546875 0.125873814453125 0.621313173828125
7 0.1403470078125 0.769847228515625 0.15489396875 0.811314951171875 0.18134503125 0.84383165625 0.1792653671875 0.829665525390625 0.162409234375 0.8079466484375 0.148871044921875 0.77296928125 0.139225298828125 0.722917544921875 0.13429320703125 0.660722841796875 0.13385540234375 0.62684284375 0.134364666015625 0.598265916015625 0.139075802734375 0.588463326171875 0.139680869140625 0.55932598828125 0.138748271484375 0.541530962890625 0.130068828125 0.53544353515625 0.1208549453125 0.5383056015625 0.118763404296875 0.562207080078125 0.12130986328125 0.58527023046875 0.125817580078125 0.60109303515625 0.127561021484375 0.659886068359375 0.131274771484375 0.71798058203125 0.1403470078125 0.769847228515625
2 0.060508669921875 0.816216970703125 0.0632445234375 0.798230619140625 0.060675482421875 0.78111569140625 0.052600658203125 0.77380698046875 0.043022271484375 0.776092890625 0.03310459765625 0.797431 0.03622456640625 0.818679240234375 0.05594137109375 0.824783486328125 0.060508669921875 0.816216970703125
7 0.186960283203125 0.77868275 0.17379824609375 0.7763990234375 0.166251869140625 0.77917369921875 0.160226119140625 0.7854374609375 0.142479623046875 0.7786346953125 0.1130686640625 0.778986466796875 0.091042734375 0.79263198828125 0.062728361328125 0.82028693359375 0.0524547109375 0.84759073828125 0.04831663671875 0.883494474609375 0.05319744140625 0.906436216796875 0.05831623828125 0.902003912109375 0.05742875 0.872311517578125 0.06015649609375 0.8477814375 0.07074101171875 0.82640930859375 0.085700888671875 0.811945435546875 0.094849333984375 0.805585705078125 0.105182951171875 0.80081241796875 0.122214431640625 0.793971869140625 0.138712046875 0.796081712890625 0.15769936328125 0.80103459765625 0.167690384765625 0.81300125390625 0.179153857421875 0.814779666015625 0.18943062109375 0.81305148828125 0.19408262109375 0.7997221640625 0.193972794921875 0.784858466796875 0.186960283203125 0.77868275
7 0.233969875 0.92908042578125 0.262374703125 0.947814876953125 0.261899849609375 0.93237505078125 0.2328508046875 0.907727322265625 0.2132026328125 0.883775580078125 0.187276904296875 0.8357666328125 0.1699062734375 0.791472447265625 0.166531625 0.784511744140625 0.1653485078125 0.77067414453125 0.160392935546875 0.75033618359375 0.155466548828125 0.739292763671875 0.14643117578125 0.739171953125 0.140351263671875 0.75079126171875 0.146651400390625 0.768900244140625 0.152826619140625 0.78463566015625 0.16215084765625 0.796637263671875 0.183593982421875 0.848449912109375 0.206029294921875 0.893668263671875 0.233969875 0.92908042578125
1 0.552366677734375 0.75829944140625 0.5411043359375 0.748108234375 0.539011373046875 0.748217921875 0.5377675703125 0.75118523046875 0.5421273984375 0.754274251953125 0.5665337421875 0.7749734375 0.567712466796875 0.770764314453125 0.552366677734375 0.75829944140625
4 0.525127875 0.372711390625 0.50017975 0.399284974609375 0.4315119921875 0.517507453125 0.432396486328125 0.5211587578125 0.470966279296875 0.456895619140625 0.4861399140625 0.428985466796875 0.501096470703125 0.40355117578125 0.527611873046875 0.373813455078125 0.544064916015625 0.363707962890625 0.55414413671875 0.357633244140625 0.5593286875 0.357361533203125 0.557752955078125 0.353746453125 0.5428028359375 0.359459859375 0.525127875 0.372711390625
5 0.368532267578125 0.638158720703125 0.362487494140625 0.60536717578125 0.35399675 0.591953349609375 0.34423483984375 0.595544169921875 0.343083447265625 0.614854041015625 0.348436509765625 0.632765095703125 0.361973107421875 0.661601720703125 0.368532267578125 0.638158720703125
7 0.301617494140625 0.4922932734375 0.29399009765625 0.478833271484375 0.29058978125 0.488250990234375 0.3028247578125 0.515329251953125 0.326368521484375 0.551823005859375 0.33972559765625 0.567292373046875 0.347565642578125 0.593059962890625 0.35263775390625 0.63206184765625 0.353194837890625 0.667451564453125 0.34872408984375 0.6977140546875 0.33935724609375 0.733622935546875 0.335749515625 0.75403045703125 0.329461453125 0.78418884375 0.332624451171875 0.803272607421875 0.340752541015625 0.809776498046875 0.3486281796875 0.803203458984375 0.352616033203125 0.76372676171875 0.359635146484375 0.73256021484375 0.36489052734375 0.642969796875 0.352346857421875 0.5604715546875 0.329556140625 0.530096775390625 0.301617494140625 0.4922932734375
5 0.13573765234375 0.91253679296875 0.141166173828125 0.908103091796875 0.142446353515625 0.894405283203125 0.13658953515625 0.871599068359375 0.12975288671875 0.861882443359375 0.121366673828125 0.867062701171875 0.120764412109375 0.86827922265625 0.12593500390625 0.89704896875 0.13573765234375 0.91253679296875