7 0.16862206640625 0.170306998046875 0.17428167578125 0.237429861328125 0.183855716796875 0.260396837890625 0.200572251953125 0.287989921875 0.215216529296875 0.29727992578125 0.2274328046875 0.298563908203125 0.237469705078125 0.296389326171875 0.2453743828125 0.297220140625 0.25500482421875 0.28854379296875 0.26400741796875 0.28238507421875 0.2667875078125 0.269759197265625 0.244225732421875 0.28741086328125 0.223342640625 0.28909138671875 0.19580343359375 0.2642361953125 0.183391359375 0.216426623046875 0.177087443359375 0.16925906640625 0.181069017578125 0.124464337890625 0.1892148671875 0.096871384765625 0.192753814453125 0.08241694140625 0.1963868203125 0.068588921875 0.196292521484375 0.05566095703125 0.193280228515625 0.046301716796875 0.187037802734375 0.046937408203125 0.1827297265625 0.056819060546875 0.179392455078125 0.0816585078125 0.17894958984375 0.099697248046875 0.172626431640625 0.125972453125 0.16862206640625 0.170306998046875
7 0.212515845703125 0.622756 0.2229323828125 0.72344307421875 0.22253359375 0.744996802734375 0.22165925390625 0.763599408203125 0.2200430234375 0.7746127265625 0.219548314453125 0.791159435546875 0.223390115234375 0.807885275390625 0.23137160546875 0.810384064453125 0.236772244140625 0.8004391484375 0.238121091796875 0.778725955078125 0.2348170390625 0.759843451171875 0.2325151171875 0.74770577734375 0.224777802734375 0.630407619140625 0.206738947265625 0.56798980859375 0.17765728515625 0.524208431640625 0.173367185546875 0.511285666015625 0.165292341796875 0.499648259765625 0.1640800859375 0.51528916015625 0.169767591796875 0.52777403125 0.196966486328125 0.566962681640625 0.212515845703125 0.622756
5 0 0.65965656640625 0.004008421875 0.665174404296875 0.00879857421875 0.6575075390625 0.009301080078125 0.657047291015625 0.017129701171875 0.645310650390625 0.029341560546875 0.62535131640625 0.03183642578125 0.610362263671875 0.025616947265625 0.596636046875 0.01587994921875 0.598880755859375 0.009331037109375 0.614533099609375 0.0040713125 0.63249971875 0.00091354296875 0.647963791015625 0 0.656655564453125 0 0.65965656640625
5 0.0380261796875 0.644783517578125 0.03742676953125 0.66215059375 0.03904255859375 0.67593763671875 0.04276234375 0.68371905859375 0.046870953125 0.68602009765625 0.053026927734375 0.68285433984375 0.05812022265625 0.675219337890625 0.057886875 0.659943482421875 0.053692677734375 0.641527939453125 0.05099759765625 0.6292615390625 0.045181361328125 0.62919489453125 0.0395750390625 0.632963173828125 0.0380261796875 0.644783517578125
5 0 0.73216962890625 0.002916580078125 0.730966984375 0.005904484375 0.717119115234375 0.011050951171875 0.700230037109375 0.01223660546875 0.680201130859375 0.005450890625 0.6718622890625 0 0.673700712890625 0 0.73216962890625
5 0.743573689453125 0.661824373046875 0.73809986328125 0.67723242578125 0.735379337890625 0.69292983984375 0.736632396484375 0.700257275390625 0.74193570703125 0.7038939921875 0.74753303515625 0.69953503125 0.75175248828125 0.691986845703125 0.755641474609375 0.685545568359375 0.7593558203125 0.67261648828125 0.762765279296875 0.65851372265625 0.75718874609375 0.64841369921875 0.748281875 0.65166365234375 0.743573689453125 0.661824373046875
5 0.8735225703125 0.133509775390625 0.860891001953125 0.139561611328125 0.852880376953125 0.147738978515625 0.85333422265625 0.16008584765625 0.854199431640625 0.16591627734375 0.861345201171875 0.170357072265625 0.86900240234375 0.169931955078125 0.87852751171875 0.16929319921875 0.888807279296875 0.165863986328125 0.89219698828125 0.15556104296875 0.8921065859375 0.143252451171875 0.8837472421875 0.134994404296875 0.8735225703125 0.133509775390625
5 0.929586357421875 0.23000561328125 0.9245969296875 0.233580900390625 0.9218215 0.246818201171875 0.9232658515625 0.257219251953125 0.92566543359375 0.267310703125 0.9299604375 0.274731619140625 0.934155189453125 0.28091209765625 0.941870068359375 0.282132916015625 0.94786987109375 0.27333420703125 0.949361525390625 0.259142048828125 0.944966177734375 0.250480685546875 0.941711642578125 0.2419392265625 0.935904689453125 0.233539470703125 0.929586357421875 0.23000561328125
2 0.597807990234375 0.33354594921875 0.600637017578125 0.325308158203125 0.600917369140625 0.316414537109375 0.598499888671875 0.304133677734375 0.59186411328125 0.298780716796875 0.58474830078125 0.310447525390625 0.5831491640625 0.327737669921875 0.58855895703125 0.3364534375 0.597807990234375 0.33354594921875
6 0.384311791015625 0 0.38909683203125 0.017264611328125 0.402356888671875 0.052834609375 0.420258072265625 0.07706216015625 0.442465630859375 0.090788369140625 0.464887232421875 0.107166029296875 0.47502076953125 0.127948212890625 0.48850635546875 0.154340607421875 0.49617849609375 0.14463121875 0.4860905078125 0.123415638671875 0.474233171875 0.093250953125 0.451217232421875 0.075496353515625 0.432573552734375 0.063021044921875 0.4112906875 0.035809123046875 0.4008498046875 0.006231478515625 0.397130365234375 0 0.384311791015625 0
2 0.538676478515625 0.81400996875 0.530605912109375 0.81579067578125 0.5272741953125 0.8263944453125 0.532044896484375 0.839602435546875 0.53796804296875 0.837157873046875 0.54242696484375 0.827548896484375 0.538676478515625 0.81400996875
7 0.224595861328125 0.41482899609375 0.2418602734375 0.35135802734375 0.25645151171875 0.315664486328125 0.273449244140625 0.27582601953125 0.283132162109375 0.268080578125 0.292371087890625 0.25283978125 0.296051279296875 0.23657658984375 0.2980258046875 0.220134125 0.293088822265625 0.2108520703125 0.284881609375 0.213932892578125 0.27635775390625 0.227058037109375 0.27079012890625 0.25688735546875 0.269777830078125 0.266222552734375 0.25743493359375 0.2899002734375 0.24666105859375 0.315057357421875 0.225785005859375 0.370700025390625 0.206286490234375 0.44839538671875 0.18805184765625 0.525785419921875 0.195516576171875 0.534456849609375 0.200214763671875 0.51085196484375 0.224595861328125 0.41482899609375