7 0.6057015625 0 0.583332291015625 0.042221296875 0.54785 0.0984268515625 0.5289515625 0.138181482421875 0.5031109375 0.18684722265625 0.497711458984375 0.2005555546875 0.486141146484375 0.2087805546875 0.4780421875 0.2279731484375 0.478427603515625 0.2444231484375 0.485755728515625 0.253333333984375 0.49886875 0.24785 0.505039583984375 0.223175 0.504502603515625 0.207306482421875 0.5243234375 0.168340740234375 0.546692708984375 0.118989814453125 0.576004166015625 0.073065740234375 0.6057015625 0.0209731484375 0.611486978515625 0.0031518515625 0.6057015625 0
7 0.5580921875 0.239971296875 0.556934896484375 0.228318517578125 0.551149478515625 0.224891666015625 0.5434359375 0.2255768515625 0.539579166015625 0.246139814453125 0.53649375 0.266017591796875 0.537651041015625 0.2776694453125 0.5202953125 0.35717962890625 0.506796875 0.42229537109375 0.500240103515625 0.471646296875 0.500240103515625 0.5100305546875 0.507182291015625 0.549785185546875 0.510267708984375 0.567606482421875 0.516053125 0.5621231484375 0.507182291015625 0.514142591796875 0.5064109375 0.4750731484375 0.509794791015625 0.451568517578125 0.5156671875 0.411328703125 0.5249234375 0.367461111328125 0.534565625 0.334560185546875 0.544978646484375 0.285209259765625 0.554620833984375 0.2694444453125 0.5580921875 0.239971296875
7 0.623828646484375 0.323288888671875 0.625756771484375 0.308209259765625 0.619971875 0.29792777734375 0.611872396484375 0.293815740234375 0.601459375 0.310265740234375 0.594902603515625 0.3260305546875 0.59413125 0.34042407421875 0.577547396484375 0.374696296875 0.556334896484375 0.417192591796875 0.527408853515625 0.4624305546875 0.503882291015625 0.482308333984375 0.466857291015625 0.4898481484375 0.453358333984375 0.486421296875 0.451815625 0.4980731484375 0.465314583984375 0.5015 0.488069791015625 0.4980731484375 0.506582291015625 0.494646296875 0.512858333984375 0.48840092578125 0.534351041015625 0.470656482421875 0.567133853515625 0.419934259765625 0.590660416015625 0.367841666015625 0.599916666015625 0.3507055546875 0.613801041015625 0.34179537109375 0.623828646484375 0.323288888671875
7 0.532326041015625 0.699440740234375 0.5404828125 0.671562962890625 0.552717708984375 0.638110185546875 0.568717708984375 0.6202694453125 0.565580208984375 0.613021296875 0.548639583984375 0.630862962890625 0.537972916015625 0.65427962890625 0.526365103515625 0.69609537109375 0.503463541015625 0.740141666015625 0.4658171875 0.81429537109375 0.451699478515625 0.84384537109375 0.445425 0.84384537109375 0.438209375 0.850535185546875 0.4297390625 0.863359259765625 0.426915625 0.87897037109375 0.429425521484375 0.890678703125 0.436013541015625 0.89625462890625 0.444358853515625 0.895006482421875 0.451699478515625 0.880642591796875 0.4582875 0.862243517578125 0.4570328125 0.852208333984375 0.483698958984375 0.797011111328125 0.513502603515625 0.740141666015625 0.532326041015625 0.699440740234375
2 0.464876041015625 0.662085185546875 0.449189583984375 0.710034259765625 0.432248958984375 0.77024907421875 0.425974478515625 0.795338888671875 0.430994271484375 0.820985185546875 0.443542708984375 0.83659722265625 0.456405208984375 0.8405 0.463307291015625 0.857783333984375 0.475228646484375 0.869491666015625 0.479620833984375 0.889563888671875 0.494052083984375 0.900714814453125 0.5156984375 0.895138888671875 0.528875 0.8778555546875 0.533761978515625 0.848068517578125 0.550835416015625 0.774709259765625 0.561188021484375 0.699440740234375 0.5546 0.66152777734375 0.537031771484375 0.6414555546875 0.5028359375 0.642012962890625 0.464876041015625 0.662085185546875
2 0.3259921875 0.017393517578125 0.330876041015625 0.0287518515625 0.342521353515625 0.027415740234375 0.349658853515625 0.01872962890625 0.351161978515625 0.005367591796875 0.342145833984375 0.00002222265625 0.328997396484375 0.003362962890625 0.3259921875 0.017393517578125
2 0.156506771484375 0.88962407421875 0.157596875 0.90222592578125 0.159777083984375 0.905134259765625 0.169058333984375 0.907460185546875 0.174220833984375 0.90077222265625 0.173676041015625 0.88962407421875 0.1701328125 0.87992962890625 0.161684375 0.880413888671875 0.156506771484375 0.88962407421875
2 0.144788021484375 0.843091666015625 0.148058333984375 0.85084722265625 0.155770833984375 0.85294722265625 0.160321875 0.84842407421875 0.163047396484375 0.840184259765625 0.155961458984375 0.83097407421875 0.146422916015625 0.833882408203125 0.144788021484375 0.843091666015625
2 0.164955208984375 0.9589 0.171784375 0.9650018515625 0.178853646484375 0.954053703125 0.178036458984375 0.94145092578125 0.170405728515625 0.9327268515625 0.165227603515625 0.943875 0.164955208984375 0.9589
2 0.587744271484375 0.883613888671875 0.598550521484375 0.8926 0.603099478515625 0.8802 0.6038671875 0.868593517578125 0.597341146484375 0.8535731484375 0.589663541015625 0.86040092578125 0.587744271484375 0.883613888671875
2 0.753563541015625 0.977065740234375 0.762025521484375 0.963521296875 0.761641666015625 0.947135185546875 0.754731771484375 0.947817591796875 0.747821875 0.968983333984375 0.753563541015625 0.977065740234375
2 0.567921875 0.413689814453125 0.571815625 0.4159055546875 0.576588021484375 0.414421296875 0.578980208984375 0.40150092578125 0.575553646484375 0.39457592578125 0.569946353515625 0.395407408203125 0.566676041015625 0.398453703125 0.566831771484375 0.406210185546875 0.567921875 0.413689814453125
3 0.530034375 0.33900462890625 0.531576041015625 0.338090740234375 0.532603646484375 0.335653703125 0.532603646484375 0.332303703125 0.532603646484375 0.329867591796875 0.531035416015625 0.327488888671875 0.5284921875 0.327735185546875 0.5276359375 0.332608333984375 0.527807291015625 0.33535 0.528321353515625 0.338090740234375 0.528834896484375 0.339918517578125 0.530034375 0.33900462890625