2 0.093306322265625 0.568528453125 0.0799205546875 0.57958640234375 0.087308890625 0.59669987890625 0.094530900390625 0.609707234375 0.105177501953125 0.60934490234375 0.111839234375 0.59759823828125 0.1044715 0.578818962890625 0.093306322265625 0.568528453125
7 0.250552646484375 0.4633039296875 0.2085893671875 0.4496438125 0.1667511953125 0.460854318359375 0.113415669921875 0.48842773828125 0.09206066015625 0.494149794921875 0.073279484375 0.50250275 0.072636265625 0.519277861328125 0.07811508203125 0.5327523046875 0.087433052734375 0.534406251953125 0.0976851875 0.5308290625 0.106732119140625 0.5242552109375 0.10743884375 0.514933369140625 0.1153251796875 0.509499677734375 0.1379048046875 0.492657689453125 0.18248214453125 0.4707515703125 0.213549591796875 0.46989831640625 0.24250047265625 0.482064265625 0.27458498828125 0.48674945703125 0.2728413046875 0.469783775390625 0.250552646484375 0.4633039296875
7 0.612211025390625 0.846594419921875 0.59764691796875 0.8533352421875 0.587215927734375 0.856130216796875 0.5408437265625 0.85294498828125 0.501336896484375 0.850048255859375 0.46908583203125 0.845916705078125 0.45012225 0.848159599609375 0.435273875 0.862782380859375 0.41781796484375 0.8930051171875 0.425197724609375 0.896704482421875 0.43083908984375 0.8909357890625 0.44258268359375 0.872177521484375 0.459648162109375 0.85837937890625 0.490994685546875 0.860624275390625 0.54456904296875 0.866848060546875 0.592963880859375 0.871621310546875 0.608078078125 0.88034371484375 0.628691771484375 0.87978769921875 0.629436880859375 0.864686783203125 0.624398521484375 0.851843935546875 0.612211025390625 0.846594419921875
7 0.54197862109375 0.79161423828125 0.50937300390625 0.830863736328125 0.501283853515625 0.839418298828125 0.506730234375 0.84931247265625 0.519254337890625 0.842407953125 0.542581994140625 0.8177083203125 0.568464365234375 0.7816790234375 0.597060625 0.751308662109375 0.61325748046875 0.74767904296875 0.622996544921875 0.72590919140625 0.61895178515625 0.707833662109375 0.605451486328125 0.703645265625 0.594328466796875 0.717269841796875 0.58927314453125 0.7356556640625 0.54197862109375 0.79161423828125
7 0.507492708984375 0.83278723046875 0.475170896484375 0.849253625 0.448117419921875 0.8600503203125 0.425091171875 0.860543421875 0.41755144140625 0.85475789453125 0.39901348828125 0.852628689453125 0.386861669921875 0.859433455078125 0.38812135546875 0.8775449296875 0.396352810546875 0.88740316015625 0.405825919921875 0.886993876953125 0.41182953125 0.883659751953125 0.42063831640625 0.87521911328125 0.42658127734375 0.875045416015625 0.442032556640625 0.871615572265625 0.466797740234375 0.8656891171875 0.488777080078125 0.859799771484375 0.51199857421875 0.8436427734375 0.52051359375 0.8307170078125 0.518739724609375 0.824096837890625 0.507492708984375 0.83278723046875
2 0.44859033984375 0.6874676796875 0.43184366015625 0.67563304296875 0.414778017578125 0.65962773828125 0.397108626953125 0.662233208984375 0.381125291015625 0.67857881640625 0.376743587890625 0.70246090625 0.3657450625 0.721019533203125 0.3760341171875 0.744517384765625 0.392337359375 0.74724537890625 0.407185431640625 0.74752490234375 0.418273142578125 0.76655166015625 0.417882748046875 0.768074978515625 0.42588382421875 0.766641412109375 0.428792955078125 0.756636451171875 0.433973015625 0.74318557421875 0.4474197265625 0.751645423828125 0.456608869140625 0.744215791015625 0.463740171875 0.723145646484375 0.45785059375 0.704145720703125 0.44859033984375 0.6874676796875
7 0.4147664453125 0.2638044921875 0.4232586484375 0.28312794140625 0.4345266796875 0.284251705078125 0.433910275390625 0.266528638671875 0.432503138671875 0.2420350859375 0.428526828125 0.21757426953125 0.41880762109375 0.200543744140625 0.40647025 0.187486416015625 0.38960071875 0.194624501953125 0.38717941796875 0.224072177734375 0.3943461796875 0.2398234375 0.408025021484375 0.241394017578125 0.4147664453125 0.2638044921875
7 0.44487886328125 0.190635236328125 0.403056572265625 0.24896572265625 0.37478272265625 0.278140607421875 0.36105465234375 0.280509599609375 0.34706492578125 0.290148666015625 0.343612578125 0.30612740234375 0.351973841796875 0.322213314453125 0.361725806640625 0.32287290625 0.368156158203125 0.3152593671875 0.37820985546875 0.299692595703125 0.3763535546875 0.289500763671875 0.38101663671875 0.286287146484375 0.393141134765625 0.27518467578125 0.409814265625 0.25631815625 0.4267000625 0.234122033203125 0.443733552734375 0.2138495234375 0.462648259765625 0.193727662109375 0.45494147265625 0.1800842890625 0.44487886328125 0.190635236328125
7 0.66515059375 0.22520736328125 0.65489156640625 0.237774130859375 0.6062793828125 0.263890216796875 0.533679876953125 0.291196916015625 0.4929869453125 0.300137365234375 0.497109720703125 0.312776921875 0.51028201953125 0.313829470703125 0.5544765078125 0.29871496875 0.604855943359375 0.281943216796875 0.63978926953125 0.2680008046875 0.657591421875 0.254722294921875 0.6753283203125 0.260442294921875 0.689808845703125 0.25263491015625 0.68980886328125 0.238890654296875 0.687599802734375 0.223774171875 0.679647609375 0.216087087890625 0.66515059375 0.22520736328125
7 0.629394080078125 0.236077595703125 0.6147663671875 0.241961228515625 0.608515943359375 0.248871837890625 0.58577235546875 0.24645752734375 0.574760427734375 0.236972388671875 0.559592259765625 0.203729359375 0.54447354296875 0.180291908203125 0.53580141015625 0.161671384765625 0.530320154296875 0.175575859375 0.540778171875 0.1917575390625 0.56091792578125 0.2210466953125 0.569409888671875 0.24036925 0.57813125 0.25505019921875 0.59364258203125 0.26071086328125 0.613163 0.260717154296875 0.62355294921875 0.2651321796875 0.641011478515625 0.265689994140625 0.646689154296875 0.24976969921875 0.641551298828125 0.236092701171875 0.629394080078125 0.236077595703125
2 0.47376175 0 0.473083615234375 0.000450283203125 0.468355037109375 0.022661515625 0.453743556640625 0.0409756171875 0.4317688359375 0.0730447109375 0.441095650390625 0.12159717578125 0.456525439453125 0.175058638671875 0.46945203125 0.209557013671875 0.489840060546875 0.23616461328125 0.507233109375 0.24197578515625 0.52434825390625 0.2563708203125 0.539679876953125 0.27647955859375 0.552508044921875 0.29136856640625 0.564648775390625 0.292696564453125 0.5804057734375 0.278657580078125 0.582140080078125 0.26313919140625 0.595884193359375 0.2319670078125 0.592415169921875 0.208024978515625 0.59511483984375 0.183739486328125 0.59625972265625 0.11929064453125 0.587587400390625 0.059436466796875 0.57402282421875 0.02118266015625 0.555306701171875 0 0.47376175 0
7 0.40024084375 0.74760080859375 0.41956615625 0.76603648828125 0.452348439453125 0.7779139296875 0.463703265625 0.764540701171875 0.462174404296875 0.73199023046875 0.45968522265625 0.693793126953125 0.461536958984375 0.6686995625 0.45912445703125 0.64524130859375 0.452581880859375 0.622888748046875 0.441015708984375 0.62205288671875 0.43934745703125 0.64266956640625 0.447389951171875 0.668555234375 0.449762888671875 0.674314154296875 0.451462427734375 0.693044923828125 0.453386361328125 0.7353284921875 0.453450095703125 0.75105336328125 0.447306021484375 0.759095369140625 0.437117330078125 0.7613336640625 0.427405841796875 0.75606391796875 0.400521755859375 0.735226837890625 0.40024084375 0.74760080859375
4 0.411724740234375 0.225603982421875 0.411119462890625 0.223885626953125 0.40961230078125 0.2308709296875 0.405502587890625 0.231972125 0.400335287109375 0.2302230703125 0.39632827734375 0.222939765625 0.392920466796875 0.211318375 0.392841462890625 0.206638623046875 0.3945493515625 0.2009586015625 0.3996503515625 0.19698059765625 0.40355005078125 0.193965173828125 0.400393388671875 0.192080580078125 0.39379187890625 0.195938216796875 0.38941021875 0.208080453125 0.3926490234375 0.22235928515625 0.396512220703125 0.230202595703125 0.402214919921875 0.232853052734375 0.4079171171875 0.235503642578125 0.41331578125 0.223637697265625 0.413394498046875 0.223067806640625 0.414324751953125 0.214104275390625 0.413135369140625 0.209279724609375 0.412363080078125 0.21812178125 0.411184072265625 0.2235861796875 0.411724740234375 0.225603982421875
4 0.4247328515625 0.222640900390625 0.425882412109375 0.229122564453125 0.4260920234375 0.23428975 0.422896326171875 0.23880209375 0.4159161953125 0.24014998046875 0.4135659765625 0.23137883984375 0.416447123046875 0.21911623046875 0.416027634765625 0.20878288671875 0.41366420703125 0.201059185546875 0.412981203125 0.200583451171875 0.414788337890625 0.20963738671875 0.414324751953125 0.214104275390625 0.41549447265625 0.2188490625 0.41331578125 0.223637697265625 0.411896220703125 0.233915013671875 0.41275913671875 0.241518345703125 0.4190884609375 0.248700859375 0.423889609375 0.246891962890625 0.42815559765625 0.244182560546875 0.430828865234375 0.237720478515625 0.427485865234375 0.220859328125 0.424835791015625 0.214257296875 0.421207400390625 0.20948373828125 0.419107423828125 0.213702484375 0.42208277734375 0.216038869140625 0.4247328515625 0.222640900390625
4 0.403785998046875 0.19378273046875 0.40355005078125 0.193965173828125 0.407035029296875 0.19604578125 0.410415173828125 0.198796134765625 0.412981203125 0.200583451171875 0.4122155390625 0.19674739453125 0.41126288671875 0.196480224609375 0.40759609765625 0.19485154296875 0.403785998046875 0.19378273046875
4 0.40491385546875 0.22429532421875 0.408137458984375 0.228654916015625 0.410313140625 0.222709734375 0.399079056640625 0.210190619140625 0.39727517578125 0.20439953125 0.397238060546875 0.204416654296875 0.39482576953125 0.211852712890625 0.398297884765625 0.21823448046875 0.40491385546875 0.22429532421875