7 1 0.14101790234375 0.9935405859375 0.18045276171875 0.96890616015625 0.268075197265625 0.956101958984375 0.28554375390625 0.94680150390625 0.299125072265625 0.943057876953125 0.311736048828125 0.947650484375 0.324643421875 0.95997269921875 0.321120353515625 0.969273255859375 0.304035509765625 0.977605916015625 0.279807552734375 0.98654255859375 0.2512857578125 0.993665771484375 0.2146277734375 1 0.188158615234375 1 0.14101790234375
5 1 0.1446341015625 0.98822096875 0.148176078125 0.9847205078125 0.17308315234375 0.984073966796875 0.192952279296875 0.983274841796875 0.2044090390625 0.99221512109375 0.20741681640625 0.997167615234375 0.200230578125 1 0.189216064453125 1 0.1446341015625
7 0.92650419921875 0.292768931640625 0.949938892578125 0.26978824609375 0.96129359765625 0.2591230546875 0.976875716796875 0.235914880859375 0.986656388671875 0.197877203125 0.98991352734375 0.1571723359375 0.987372822265625 0.12966492578125 0.9777037578125 0.096776966796875 0.9541433359375 0.082079958984375 0.939405181640625 0.08876703125 0.943393900390625 0.10246471875 0.95619938671875 0.099009568359375 0.969489109375 0.102628619140625 0.97988183984375 0.126860833984375 0.9841146875 0.15986090234375 0.980495541015625 0.1996387734375 0.964552568359375 0.23593427734375 0.9417223125 0.261627333984375 0.914663744140625 0.285850955078125 0.89835516015625 0.2931925 0.88639633984375 0.308152447265625 0.88458580078125 0.3210351015625 0.89944608203125 0.323998763671875 0.9145463125 0.311232548828125 0.92650419921875 0.292768931640625
7 1 0.514055197265625 0.99539271484375 0.493378119140625 0.9893465625 0.45224094140625 0.979071681640625 0.406130734375 0.97169601171875 0.356924439453125 0.97132615234375 0.299944365234375 0.97494359765625 0.242649484375 0.977476001953125 0.207097607421875 0.9675692109375 0.207456599609375 0.96914433984375 0.241834451171875 0.964078013671875 0.30242924609375 0.96469203515625 0.3822143125 0.978594490234375 0.45160501953125 0.98597099609375 0.507818513671875 0.98452449609375 0.53213719921875 0.991251505859375 0.556779908203125 0.997555001953125 0.552360470703125 1 0.534963408203125 1 0.514055197265625
7 0.958618927734375 0.12387252734375 0.9716811953125 0.064917625 0.965068671875 0.060447353515625 0.955112099609375 0.09973287890625 0.942313978515625 0.16274364453125 0.924805111328125 0.231224255859375 0.91526499609375 0.264039962890625 0.912126771484375 0.28636958984375 0.922879390625 0.290508193359375 0.928193994140625 0.280745427734375 0.93217814453125 0.259409869140625 0.935799640625 0.23714816015625 0.93736881640625 0.225982888671875 0.94726923828125 0.176577169921875 0.958618927734375 0.12387252734375
6 0.730210798828125 1 0.729982294921875 0.987134216796875 0.730721599609375 0.944521478515625 0.7293637734375 0.916834353515625 0.719944791015625 0.881631822265625 0.711137701171875 0.86762816015625 0.705652298828125 0.87323972265625 0.71655972265625 0.893921984375 0.723606720703125 0.916516138671875 0.72421951953125 0.94557122265625 0.72320769140625 0.976362470703125 0.723987134765625 1 0.730210798828125 1
7 0.615881650390625 0.608975185546875 0.626315345703125 0.60462381640625 0.63485115234375 0.5968313046875 0.639007935546875 0.57995951171875 0.63689062109375 0.56749632421875 0.628644482421875 0.5605187421875 0.62047383984375 0.569949310546875 0.610479330078125 0.583884703125 0.605519412109375 0.5979984375 0.562257146484375 0.647457904296875 0.515712431640625 0.701217203125 0.488353169921875 0.72223256640625 0.460261541015625 0.723044759765625 0.441508548828125 0.7167065 0.4408534140625 0.727722529296875 0.45420708203125 0.73435948046875 0.475950470703125 0.736357798828125 0.499809427734375 0.729661302734375 0.527460005859375 0.704454953125 0.55547461328125 0.670307625 0.5850936796875 0.63532733984375 0.6073448046875 0.61042059765625 0.615881650390625 0.608975185546875
7 0.553363154296875 0.57568830859375 0.554445806640625 0.61409423046875 0.556565376953125 0.6413685390625 0.555035298828125 0.66072451953125 0.554746154296875 0.681841640625 0.55890680078125 0.69459293359375 0.568975986328125 0.694949615234375 0.577147236328125 0.689751056640625 0.579844396484375 0.666327173828125 0.57196168359375 0.646176599609375 0.565393712890625 0.63784906640625 0.56180901171875 0.563820470703125 0.5601941875 0.4905988828125 0.556248013671875 0.442438396484375 0.544648220703125 0.419089376953125 0.528006896484375 0.378666068359375 0.520925673828125 0.3506944453125 0.5140670390625 0.352904001953125 0.519470482421875 0.382226568359375 0.532096998046875 0.413093494140625 0.543556244140625 0.439564443359375 0.548594396484375 0.467249865234375 0.5531951015625 0.500162314453125 0.553563953125 0.529306537109375 0.5536400625 0.556293654296875 0.553363154296875 0.57568830859375
2 0.5188309375 0.518077240234375 0.528430779296875 0.51839414453125 0.533278015625 0.516934169921875 0.539406453125 0.511447576171875 0.543928875 0.50044676953125 0.5431973359375 0.48870662890625 0.537213642578125 0.482576236328125 0.528166494140625 0.4876526328125 0.51933815625 0.49117210546875 0.51415955859375 0.50684184375 0.5188309375 0.518077240234375
6 0.96460354296875 0.639523705078125 0.971692837890625 0.679349783203125 0.98041668359375 0.66742376953125 0.975920603515625 0.63673081640625 0.9608745703125 0.52814768359375 0.947469181640625 0.410401859375 0.936151322265625 0.408185705078125 0.9353757421875 0.42373370703125 0.94005020703125 0.49578640625 0.9539691875 0.57477466796875 0.96460354296875 0.639523705078125
7 0.136977171875 0 0.15011541015625 0.031427771484375 0.17801675 0.090308916015625 0.214785208984375 0.135919044921875 0.25369886328125 0.178719830078125 0.2658587421875 0.187687392578125 0.269294802734375 0.2089101015625 0.279595861328125 0.226949849609375 0.28903701953125 0.226202830078125 0.295043318359375 0.212528818359375 0.292894650390625 0.190450099609375 0.27801587890625 0.175915703125 0.271864912109375 0.174014298828125 0.2319496875 0.130035806640625 0.19546825 0.09068767578125 0.1698574140625 0.04457176171875 0.156692490234375 0.009538431640625 0.152961005859375 0 0.136977171875 0
6 0.234187759765625 0.89791467578125 0.258140533203125 0.918700544921875 0.265044994140625 0.9233801484375 0.270671185546875 0.9066849453125 0.235290775390625 0.87839769140625 0.197398134765625 0.8504866875 0.147746763671875 0.821651486328125 0.1129726171875 0.818222001953125 0.08543488671875 0.8187230703125 0.082421822265625 0.8343278203125 0.09779852734375 0.832846017578125 0.135688470703125 0.83744271484375 0.1685547890625 0.854447123046875 0.205843255859375 0.87498843359375 0.234187759765625 0.89791467578125
6 0.352940087890625 0.528416244140625 0.36379419921875 0.521806966796875 0.369923451171875 0.51841775 0.372233064453125 0.50489929296875 0.361078142578125 0.508432134765625 0.333039962890625 0.52416269140625 0.29454981640625 0.5384243203125 0.27113433203125 0.55043425 0.26560854296875 0.563499767578125 0.273145986328125 0.56528840625 0.29163725 0.556229283203125 0.306209009765625 0.548806337890625 0.32781606640625 0.54091443359375 0.352940087890625 0.528416244140625
7 0.261419283203125 0.83833399609375 0.259009396484375 0.855481220703125 0.25961453515625 0.87450894921875 0.2651435390625 0.88475780859375 0.27459055078125 0.88462779296875 0.27961417578125 0.872220087890625 0.2797114765625 0.848190515625 0.273880962890625 0.834256421875 0.274174970703125 0.776740375 0.279390609375 0.69587370703125 0.2886299609375 0.641800935546875 0.2938495703125 0.587162291015625 0.278463869140625 0.5187001171875 0.273037705078125 0.528137712890625 0.28359624609375 0.572607548828125 0.285410103515625 0.609291064453125 0.277781365234375 0.683990578125 0.267741150390625 0.76126472265625 0.266138779296875 0.8076683125 0.2646343359375 0.832956892578125 0.261419283203125 0.83833399609375
7 0.233376416015625 0.775400197265625 0.26298426953125 0.75298414453125 0.267141525390625 0.748088224609375 0.272162916015625 0.72110876171875 0.249955765625 0.750773486328125 0.2267426796875 0.770096642578125 0.196997328125 0.79505908203125 0.160722060546875 0.843147046875 0.13288936328125 0.88950612890625 0.123743857421875 0.893321376953125 0.113795771484375 0.90576631640625 0.107164619140625 0.920862576171875 0.107065953125 0.93614853125 0.1124944609375 0.944197177734375 0.117217783203125 0.94267584375 0.125156044921875 0.9328629140625 0.13339548046875 0.91799175 0.136609443359375 0.900957529296875 0.14926966015625 0.880879650390625 0.17609802734375 0.835836189453125 0.199711693359375 0.80199789453125 0.233376416015625 0.775400197265625
6 0.234771865234375 0.637123708984375 0.239948755859375 0.68355158203125 0.2391998125 0.6843748046875 0.243724951171875 0.704681837890625 0.2462359609375 0.692649388671875 0.24613225 0.667134796875 0.242710755859375 0.630225341796875 0.229539951171875 0.59267409765625 0.205011107421875 0.542598005859375 0.19194355078125 0.521818796875 0.18742271875 0.5364832578125 0.19687207421875 0.553839486328125 0.2076280625 0.5706518984375 0.224818109375 0.6058535390625 0.234771865234375 0.637123708984375
7 0.211130755859375 0.4290502109375 0.216396109375 0.44279173828125 0.2160568046875 0.443585576171875 0.21505419140625 0.459472875 0.21485735546875 0.492960267578125 0.212351279296875 0.5428787734375 0.21306247265625 0.6049073359375 0.212566939453125 0.660938291015625 0.215087056640625 0.721764310546875 0.2224233984375 0.71623803125 0.22060880078125 0.673725462890625 0.219998974609375 0.61972525 0.218384796875 0.569956064453125 0.220186572265625 0.5133803046875 0.224499357421875 0.44477209765625 0.2292204609375 0.42576360546875 0.232431947265625 0.39124405859375 0.22368726171875 0.383457740234375 0.212934875 0.3899606953125 0.211027267578125 0.409364599609375 0.211130755859375 0.4290502109375
7 0.18493277734375 0.69129706640625 0.1911265546875 0.69794600390625 0.195989068359375 0.69722310546875 0.202520076171875 0.685754697265625 0.205130841796875 0.670093408203125 0.207235439453125 0.653434373046875 0.207736462890625 0.64363091796875 0.2055291875 0.641006515625 0.208742298828125 0.615228751953125 0.21918739453125 0.55841096484375 0.23385250390625 0.497815015625 0.25294201171875 0.4524123125 0.274041970703125 0.40729216015625 0.296445955078125 0.344140044921875 0.293329294921875 0.33714469140625 0.27785689453125 0.3743132578125 0.2573608515625 0.426804939453125 0.24249091015625 0.45677151953125 0.22284696875 0.519471880859375 0.211385208984375 0.5719073828125 0.1989928359375 0.639283771484375 0.1946757890625 0.64530918359375 0.187542564453125 0.666893150390625 0.18493277734375 0.69129706640625
7 0.26237658984375 0.353194962890625 0.260022654296875 0.382727916015625 0.256251556640625 0.396776841796875 0.24942111328125 0.42495976171875 0.241787328125 0.458858728515625 0.23334958203125 0.4955591796875 0.2368679140625 0.499696509765625 0.247214583984375 0.461078248046875 0.254648205078125 0.434437806640625 0.261378041015625 0.401140181640625 0.270621455078125 0.37912533203125 0.2790600546875 0.351168423828125 0.281971994140625 0.3304488984375 0.27192117578125 0.326121875 0.264786365234375 0.333133244140625 0.26237658984375 0.353194962890625
6 0.20370845703125 0.546036283203125 0.202423875 0.598116193359375 0.201768458984375 0.608883466796875 0.20623085546875 0.609510615234375 0.20666346875 0.601934126953125 0.20802815234375 0.587729333984375 0.209325931640625 0.559607568359375 0.21186271875 0.527168068359375 0.215919380859375 0.506398107421875 0.22852775 0.48143865234375 0.241233666015625 0.45578509375 0.251394791015625 0.437445771484375 0.26047101953125 0.416032958984375 0.270971953125 0.388981140625 0.283610302734375 0.353917337890625 0.293770482421875 0.325693728515625 0.29222049609375 0.310032076171875 0.28327834765625 0.3328185859375 0.2754429453125 0.3594025625 0.262683416015625 0.3947672421875 0.246406828125 0.428908310546875 0.222292087890625 0.475061533203125 0.20812519140625 0.5058562421875 0.20370845703125 0.546036283203125
2 0.298130953125 0.6942559296875 0.308081294921875 0.690376140625 0.3101431171875 0.680402134765625 0.310182580078125 0.669556708984375 0.305056091796875 0.64171768359375 0.29717357421875 0.652043359375 0.29180020703125 0.66531917578125 0.285386416015625 0.67692280859375 0.281100525390625 0.693328578125 0.28207306640625 0.70519515625 0.29157882421875 0.70447872265625 0.298130953125 0.6942559296875
7 0.2722174375 0.68961448046875 0.27483246875 0.675621876953125 0.27492001953125 0.674074556640625 0.275873123046875 0.648831916015625 0.27599903515625 0.618397701171875 0.277524947265625 0.600156619140625 0.286046265625 0.554291572265625 0.2959674453125 0.509547068359375 0.310786685546875 0.476101611328125 0.32522401953125 0.4490635078125 0.3420150078125 0.401592076171875 0.35378016015625 0.3584905625 0.346974349609375 0.35707216796875 0.3423950859375 0.373039322265625 0.33132897265625 0.40747321484375 0.318451796875 0.4437124375 0.31094660546875 0.45465403125 0.28410501171875 0.523798720703125 0.27685567578125 0.56799679296875 0.269606126953125 0.61588631640625 0.267890115234375 0.65394098828125 0.2637567109375 0.675968056640625 0.261531099609375 0.69180409375 0.266047453125 0.69474553515625 0.2722174375 0.68961448046875
7 0.20944281640625 0.815051462890625 0.2198220703125 0.79473716796875 0.23115247265625 0.767655123046875 0.2400563984375 0.750450955078125 0.2659434140625 0.71210181640625 0.28966749609375 0.672526763671875 0.315745146484375 0.636511123046875 0.338196427734375 0.59491144921875 0.35435095703125 0.55196491796875 0.34945291796875 0.542510681640625 0.337474611328125 0.57604778125 0.3165495625 0.614171408203125 0.29454286328125 0.65260398828125 0.26102346875 0.702799712890625 0.22228911328125 0.7624122265625 0.208995611328125 0.773924162109375 0.1945579375 0.8046546328125 0.1949403359375 0.816704751953125 0.201365140625 0.824527826171875 0.20944281640625 0.815051462890625