7 0.062566666015625 0.240632408203125 0.069398958984375 0.25884537109375 0.0811109375 0.26404907421875 0.087455208984375 0.251906482421875 0.085503125 0.23889722265625 0.078183333984375 0.224153703125 0.067934896484375 0.2050731484375 0.055734896484375 0.114875 0.0537828125 0.029013888671875 0.054270833984375 0.001261111328125 0.045883853515625 0.002060185546875 0.047438541015625 0.0472268515625 0.0464625 0.102733333984375 0.0508546875 0.1487 0.052806771484375 0.185992591796875 0.057686978515625 0.2154805546875 0.062566666015625 0.240632408203125
5 0.049390625 0.1339555546875 0.053294791015625 0.141761111328125 0.062566666015625 0.1400268515625 0.063369791015625 0.12857037109375 0.065494791015625 0.10880462890625 0.065494791015625 0.08365277734375 0.05231875 0.077582408203125 0.047438541015625 0.09232592578125 0.047438541015625 0.116610185546875 0.049390625 0.1339555546875
7 0.134303646484375 0.239764814453125 0.119175521484375 0.230225 0.0957515625 0.202471296875 0.076719271484375 0.17385092578125 0.0659828125 0.135689814453125 0.067934896484375 0.09579537109375 0.076719271484375 0.0637055546875 0.090383333984375 0.0411555546875 0.104047396484375 0.039421296875 0.116247396484375 0.044625 0.122103646484375 0.031615740234375 0.108439583984375 0.022942591796875 0.083063021484375 0.034217591796875 0.0689109375 0.065439814453125 0.062566666015625 0.09232592578125 0.060127083984375 0.133087962890625 0.06451875 0.172116666015625 0.076719271484375 0.197267591796875 0.086479166015625 0.209409259765625 0.1064875 0.23542777734375 0.115759375 0.25537592578125 0.1289359375 0.2701194453125 0.1440640625 0.26925277734375 0.1440640625 0.256243517578125 0.134303646484375 0.239764814453125
7 0 0.48260462890625 0.005627083984375 0.487858333984375 0.015718228515625 0.464391666015625 0.0176703125 0.440108333984375 0.0327984375 0.385468517578125 0.056222916015625 0.318687962890625 0.067934896484375 0.239764814453125 0.071351041015625 0.17905462890625 0.0776953125 0.1452305546875 0.067934896484375 0.143496296875 0.065494791015625 0.17905462890625 0.061103125 0.23629537109375 0.052806771484375 0.2926694453125 0.0386546875 0.34037037109375 0.0220625 0.3846018515625 0.01035 0.42449722265625 0.0025421875 0.445312037109375 0 0.459187962890625 0 0.48260462890625
7 0.1064875 0.223286111328125 0.110391666015625 0.233693517578125 0.121615625 0.231091666015625 0.121615625 0.208542591796875 0.116735416015625 0.174718517578125 0.108927603515625 0.104467591796875 0.1050234375 0.040288888671875 0.10063125 0 0.0934609375 0.003506482421875 0.098191146484375 0.0637055546875 0.1020953125 0.1174768515625 0.1050234375 0.16777962890625 0.1050234375 0.17905462890625 0.105511458984375 0.201603703125 0.1064875 0.223286111328125
6 0.239753125 0.834665740234375 0.2290828125 0.847307408203125 0.21485625 0.880856482421875 0.209658333984375 0.908085185546875 0.204459896484375 0.950386111328125 0.198441146484375 0.988312037109375 0.196526041015625 0.99907407421875 0.202544791015625 0.99907407421875 0.2028578125 0.996936111328125 0.212667708984375 0.940662037109375 0.215951041015625 0.91002962890625 0.2206015625 0.881342591796875 0.230724478515625 0.85994907421875 0.244404166015625 0.840986111328125 0.239753125 0.834665740234375
7 0.468226041015625 0.72745277734375 0.490920833984375 0.73740462890625 0.512730728515625 0.7384518515625 0.526878125 0.733737962890625 0.5277625 0.722737962890625 0.508309896484375 0.72640462890625 0.4806046875 0.721690740234375 0.456436458984375 0.69707222265625 0.4178265625 0.637358333984375 0.38186875 0.582359259765625 0.378921353515625 0.567692591796875 0.370963541015625 0.5525018515625 0.364184896484375 0.54202592578125 0.355047916015625 0.547787962890625 0.351216666015625 0.559835185546875 0.352984896484375 0.577121296875 0.360353125 0.58602592578125 0.3700796875 0.591787037109375 0.378332291015625 0.594406482421875 0.396900521484375 0.622167591796875 0.421363021484375 0.66092962890625 0.444352603515625 0.698643517578125 0.468226041015625 0.72745277734375
7 0.465278646484375 0.434090740234375 0.480310416015625 0.40947222265625 0.497109896484375 0.380662962890625 0.506541666015625 0.35237777734375 0.500057291015625 0.349235185546875 0.489152083984375 0.37594907421875 0.467046875 0.413662962890625 0.452310416015625 0.43517037109375 0.4417 0.482312962890625 0.429910416015625 0.55459722265625 0.4160578125 0.627406482421875 0.408394791015625 0.634738888671875 0.397784375 0.653596296875 0.3971953125 0.677167591796875 0.404563541015625 0.68345277734375 0.414584375 0.68450092578125 0.420479166015625 0.67245277734375 0.423131771484375 0.65150092578125 0.424310416015625 0.63212037109375 0.430205208984375 0.605406482421875 0.436622396484375 0.567525 0.439047396484375 0.5482805546875 0.442878646484375 0.521566666015625 0.4473 0.492757408203125 0.456436458984375 0.4608055546875 0.465278646484375 0.434090740234375
2 0.458794791015625 0.48280462890625 0.456436458984375 0.494328703125 0.459383853515625 0.5058518515625 0.4646890625 0.512137962890625 0.4692859375 0.514258333984375 0.478836458984375 0.5152805546875 0.485026041015625 0.50480462890625 0.482078646484375 0.488566666015625 0.473826041015625 0.48385277734375 0.4655734375 0.477566666015625 0.458794791015625 0.48280462890625
6 0.069355208984375 0.3489981484375 0.039693228515625 0.463732408203125 0.009681771484375 0.569164814453125 0.0009578125 0.598933333984375 0.007936978515625 0.611957408203125 0.0205 0.5735055546875 0.0400421875 0.510866666015625 0.06481875 0.434584259765625 0.079475521484375 0.363883333984375 0.080871353515625 0.348378703125 0.069355208984375 0.3489981484375
7 0.816930728515625 0.170941666015625 0.771283333984375 0.208937037109375 0.764927603515625 0.209963888671875 0.748170833984375 0.222286111328125 0.7429703125 0.24385092578125 0.747015103515625 0.25822777734375 0.756260416015625 0.260281482421875 0.768971875 0.24385092578125 0.775328125 0.223312962890625 0.788617708984375 0.216125 0.833109375 0.179156482421875 0.875867708984375 0.139107408203125 0.9116921875 0.084682408203125 0.932053125 0.0503731484375 0.922670833984375 0.036418517578125 0.908225521484375 0.062090740234375 0.890313021484375 0.09495092578125 0.858533333984375 0.137053703125 0.816930728515625 0.170941666015625
6 0.866984896484375 0.889189814453125 0.866172916015625 0.873317591796875 0.838972916015625 0.868988888671875 0.804059896484375 0.86754537109375 0.750878646484375 0.889189814453125 0.7094703125 0.9115555546875 0.670497396484375 0.934643517578125 0.6737453125 0.951959259765625 0.681233853515625 0.948286111328125 0.707846353515625 0.931036111328125 0.739105728515625 0.91227777734375 0.778890103515625 0.89712592578125 0.813803125 0.884861111328125 0.8519640625 0.885582408203125 0.866984896484375 0.889189814453125
7 0.9899921875 0.89135462890625 0.991209896484375 0.870431482421875 0.991209896484375 0.8473444453125 0.9851203125 0.833636111328125 0.974159375 0.834357408203125 0.9701 0.84590092578125 0.971317708984375 0.873317591796875 0.979436978515625 0.894962037109375 0.984308853515625 0.919492591796875 0.992428125 0.9548444453125 0.997860416015625 0.991586111328125 0.999479166015625 0.98009722265625 0.999479166015625 0.96494537109375 0.995269791015625 0.936086111328125 0.9895859375 0.9036194453125 0.9899921875 0.89135462890625
6 0.723272916015625 0.59550277734375 0.719619271484375 0.58179537109375 0.698103125 0.566643517578125 0.661972396484375 0.547163888671875 0.636396353515625 0.527684259765625 0.625841666015625 0.522633333984375 0.626247396484375 0.536341666015625 0.6318453125 0.54055092578125 0.641673958984375 0.548606482421875 0.6648140625 0.56447962890625 0.6851125 0.5753018515625 0.698509375 0.5846805546875 0.715559896484375 0.596225 0.723272916015625 0.59550277734375
7 0.697291146484375 0.638092591796875 0.704192708984375 0.602018517578125 0.7208375 0.55945092578125 0.716777603515625 0.54935 0.692013541015625 0.61500462890625 0.689578125 0.669837962890625 0.691202083984375 0.72467037109375 0.6851125 0.80547592578125 0.677398958984375 0.8624731484375 0.6696859375 0.875460185546875 0.666438021484375 0.8992694453125 0.6696859375 0.9122555546875 0.679022916015625 0.91369907421875 0.685924478515625 0.9043194453125 0.689171875 0.885561111328125 0.689171875 0.86824537109375 0.686736458984375 0.8624731484375 0.688766146484375 0.837221296875 0.6936375 0.791046296875 0.694449478515625 0.7131268515625 0.697291146484375 0.638092591796875
7 0.804863541015625 0.96494537109375 0.810953125 0.980818517578125 0.8174484375 0.991640740234375 0.8219140625 0.99380462890625 0.828409896484375 0.986589814453125 0.830439583984375 0.971438888671875 0.825973958984375 0.955566666015625 0.8178546875 0.941858333984375 0.809329166015625 0.936807408203125 0.788219271484375 0.88702592578125 0.758989583984375 0.834357408203125 0.7330078125 0.8054981484375 0.712709896484375 0.783132408203125 0.694847396484375 0.750665740234375 0.696065103515625 0.778081482421875 0.699500521484375 0.783508333984375 0.725700521484375 0.8098268515625 0.7553359375 0.84085092578125 0.774010416015625 0.877646296875 0.794308853515625 0.925985185546875 0.8040515625 0.94762962890625 0.804863541015625 0.96494537109375
6 0.802021875 0.56447962890625 0.786189583984375 0.583237962890625 0.754930208984375 0.629412962890625 0.736661458984375 0.664765740234375 0.728136458984375 0.700839814453125 0.7244828125 0.726091666015625 0.725294791015625 0.738356482421875 0.732602083984375 0.7188768515625 0.731975 0.717957408203125 0.743563021484375 0.6727018515625 0.757771875 0.643121296875 0.77969375 0.61065462890625 0.792684896484375 0.59550277734375 0.8044578125 0.5796305546875 0.802021875 0.56447962890625
7 0.778476041015625 0.464171296875 0.780505728515625 0.4836518515625 0.775228125 0.552192591796875 0.769138541015625 0.608468517578125 0.760613541015625 0.657528703125 0.752494271484375 0.710918517578125 0.744780728515625 0.752764814453125 0.7512765625 0.759258333984375 0.7622375 0.699375 0.769544791015625 0.64382037109375 0.778881771484375 0.5824944453125 0.783347396484375 0.532712962890625 0.787813021484375 0.49952407421875 0.78903125 0.4836518515625 0.788805728515625 0.482818517578125 0.795932291015625 0.469943517578125 0.798774478515625 0.450463888671875 0.7995859375 0.430983333984375 0.789843228515625 0.42304722265625 0.7801 0.429540740234375 0.778476041015625 0.464171296875
7 0.771745833984375 0.55785462890625 0.761019271484375 0.4930305546875 0.750464583984375 0.461286111328125 0.7374734375 0.40645277734375 0.727324478515625 0.367492591796875 0.723264583984375 0.373986111328125 0.736661458984375 0.439641666015625 0.7512765625 0.487259259765625 0.763861458984375 0.5348768515625 0.769950521484375 0.59692407421875 0.772386458984375 0.654642591796875 0.771980728515625 0.680616666015625 0.7694296875 0.682908333984375 0.768561458984375 0.692686111328125 0.768327083984375 0.70947592578125 0.7687328125 0.7253481484375 0.773604166015625 0.737613888671875 0.77831875 0.739006482421875 0.785377603515625 0.733284259765625 0.786189583984375 0.70875462890625 0.7821296875 0.686387962890625 0.778693228515625 0.67982037109375 0.7757984375 0.611375 0.771745833984375 0.55785462890625
7 0.74396875 0.412225 0.750058333984375 0.435312037109375 0.752088541015625 0.46922222265625 0.7557421875 0.496637962890625 0.760613541015625 0.53632037109375 0.7646734375 0.532712962890625 0.761425521484375 0.49519537109375 0.758583853515625 0.460563888671875 0.7557421875 0.43170462890625 0.753963021484375 0.417267591796875 0.7557421875 0.3876944453125 0.756147916015625 0.367492591796875 0.750058333984375 0.359556482421875 0.739503125 0.362442591796875 0.739503125 0.383365740234375 0.74396875 0.412225
6 0.7419390625 0.3920231484375 0.7378796875 0.364607408203125 0.732195833984375 0.3407981484375 0.72848125 0.356091666015625 0.734614583984375 0.38545462890625 0.74225 0.421936111328125 0.748883853515625 0.450186111328125 0.754891666015625 0.472653703125 0.7624015625 0.492228703125 0.771413541015625 0.51940092578125 0.780425521484375 0.54587222265625 0.781552083984375 0.56700462890625 0.779549478515625 0.599481482421875 0.776920833984375 0.627510185546875 0.7762953125 0.641766666015625 0.775669271484375 0.64932962890625 0.780175521484375 0.64932962890625 0.781025 0.63857592578125 0.787001041015625 0.58682407421875 0.788219271484375 0.54642037109375 0.778476041015625 0.513953703125 0.761019271484375 0.464893517578125 0.749652603515625 0.4288194453125 0.7419390625 0.3920231484375
2 0.683165625 0.692686111328125 0.6796921875 0.678791666015625 0.6733234375 0.6674694453125 0.664372396484375 0.69432407421875 0.662902083984375 0.7050694453125 0.663555728515625 0.715233333984375 0.672869271484375 0.720460185546875 0.677934896484375 0.73149537109375 0.6872484375 0.73352777734375 0.689863021484375 0.721912037109375 0.687902083984375 0.7050694453125 0.683165625 0.692686111328125
7 0.7120234375 0.6468231484375 0.711509375 0.598390740234375 0.710481771484375 0.553613888671875 0.693524478515625 0.481406482421875 0.687615103515625 0.4695268515625 0.679906771484375 0.4318481484375 0.673740625 0.396209259765625 0.671428125 0.379760185546875 0.664491146484375 0.380217591796875 0.670143228515625 0.424537037109375 0.6801640625 0.473883333984375 0.690697916015625 0.502667591796875 0.700718228515625 0.53785 0.704315625 0.583539814453125 0.706370833984375 0.6301444453125 0.705343228515625 0.64842037109375 0.701232291015625 0.67857592578125 0.698663021484375 0.7037055546875 0.698534375 0.70525 0.6991765625 0.71947037109375 0.704572396484375 0.725410185546875 0.709454166015625 0.72312592578125 0.709454166015625 0.707134259765625 0.7084265625 0.684746296875 0.7120234375 0.6468231484375
7 0.7384875 0.798508333984375 0.7084265625 0.734085185546875 0.682219271484375 0.679712962890625 0.665775521484375 0.638591666015625 0.650359896484375 0.5979268515625 0.643165625 0.56304907421875 0.636999478515625 0.57172962890625 0.647019791015625 0.616506482421875 0.663463021484375 0.66082592578125 0.684274478515625 0.70012037109375 0.702259896484375 0.742612037109375 0.7225578125 0.784190740234375 0.728980728515625 0.802466666015625 0.736431771484375 0.830862037109375 0.7438828125 0.8524231484375 0.750563021484375 0.862931482421875 0.7580140625 0.856078703125 0.760069791015625 0.84419907421875 0.750049478515625 0.811758333984375 0.7384875 0.798508333984375