2 0.371534896484375 0.713763888671875 0.368604166015625 0.72302592578125 0.367627603515625 0.736340740234375 0.370558333984375 0.74502407421875 0.371860416015625 0.75197037109375 0.3786984375 0.743865740234375 0.381629166015625 0.734603703125 0.3900953125 0.733446296875 0.392700521484375 0.71839537109375 0.3884671875 0.7108694453125 0.378047396484375 0.707396296875 0.371534896484375 0.713763888671875
7 0.612169791015625 0.7108694453125 0.642778125 0.701607408203125 0.655152083984375 0.707975 0.67696875 0.7039231484375 0.677294271484375 0.680767591796875 0.674038021484375 0.67034722265625 0.666222916015625 0.665716666015625 0.655477603515625 0.67034722265625 0.6450578125 0.675557408203125 0.642127083984375 0.6853981484375 0.624217708984375 0.691187037109375 0.607936458984375 0.695239814453125 0.590353125 0.699291666015625 0.562349478515625 0.69987037109375 0.5454171875 0.694661111328125 0.529461978515625 0.684240740234375 0.508947396484375 0.650087037109375 0.500806771484375 0.632141666015625 0.494945833984375 0.623458333984375 0.492340625 0.63329907421875 0.511552603515625 0.674978703125 0.527833853515625 0.694081482421875 0.541184375 0.706817591796875 0.562023958984375 0.714342591796875 0.582538021484375 0.71897407421875 0.612169791015625 0.7108694453125
2 0.739386458984375 0.025736111328125 0.7386625 0.038603703125 0.741919791015625 0.045681482421875 0.7473484375 0.052115740234375 0.75784375 0.05404537109375 0.765805728515625 0.04825462890625 0.761101041015625 0.030239814453125 0.7531390625 0.020588888671875 0.7451765625 0.0193018515625 0.739386458984375 0.025736111328125
7 0.0324484375 0.01404537109375 0.0290625 0.00852777734375 0.020315625 0.010534259765625 0.009593228515625 0.0160518515625 0.0033859375 0.02407777734375 0.002539583984375 0.037621296875 0.005925521484375 0.047653703125 0.012979166015625 0.0471518515625 0.019469271484375 0.043640740234375 0.029627083984375 0.036116666015625 0.033294791015625 0.025582408203125 0.044863541015625 0.020566666015625 0.058125 0.01454722265625 0.07166875 0.010534259765625 0.0838015625 0.00702222265625 0.095652603515625 0.00802592578125 0.095934375 0.00100277734375 0.082108853515625 0 0.0663078125 0.002006482421875 0.055585416015625 0.005015740234375 0.0324484375 0.01404537109375
2 0.2522515625 0.095307408203125 0.2516875 0.107346296875 0.2542265625 0.113867591796875 0.260716666015625 0.121893517578125 0.27115625 0.120889814453125 0.279056771484375 0.110356482421875 0.281596353515625 0.098317591796875 0.279056771484375 0.087783333984375 0.270309896484375 0.080761111328125 0.257330728515625 0.082265740234375 0.2522515625 0.095307408203125
7 0.385995833984375 0.0546768515625 0.4051828125 0.060696296875 0.428319791015625 0.0692231484375 0.442145833984375 0.071731482421875 0.442145833984375 0.066715740234375 0.419008333984375 0.05517777734375 0.398693228515625 0.04514537109375 0.375555728515625 0.044142591796875 0.339721353515625 0.049660185546875 0.306990625 0.064207408203125 0.289496875 0.065210185546875 0.277081771484375 0.056683333984375 0.266359896484375 0.051666666015625 0.256766146484375 0.05567962890625 0.254791146484375 0.06822037109375 0.256483853515625 0.083268517578125 0.263538021484375 0.085275 0.274824478515625 0.08677962890625 0.282725 0.085275 0.287239583984375 0.081262037109375 0.294575521484375 0.081763888671875 0.3044515625 0.081763888671875 0.310941146484375 0.0767481484375 0.320252083984375 0.071731482421875 0.333231771484375 0.065712037109375 0.3442359375 0.0601944453125 0.3597546875 0.056683333984375 0.372734375 0.054175 0.385995833984375 0.0546768515625
7 0.548238021484375 0.065712037109375 0.558113541015625 0.060696296875 0.5600890625 0.04564722265625 0.556984896484375 0.0371194453125 0.550213021484375 0.036618517578125 0.5397734375 0.0371194453125 0.534694271484375 0.04012962890625 0.529333333984375 0.042637962890625 0.525947396484375 0.050162037109375 0.503656771484375 0.058689814453125 0.481083853515625 0.06220092578125 0.4604859375 0.067216666015625 0.448353125 0.066213888671875 0.437913541015625 0.0637055546875 0.437913541015625 0.072233333984375 0.4477890625 0.073236111328125 0.457382291015625 0.07724907421875 0.472619271484375 0.076246296875 0.4943453125 0.070728703125 0.517200521484375 0.065210185546875 0.528486978515625 0.06169907421875 0.5349765625 0.0692231484375 0.548238021484375 0.065712037109375
5 0.564321353515625 0.053171296875 0.558395833984375 0.041634259765625 0.553034896484375 0.033106482421875 0.545698958984375 0.04514537109375 0.54795625 0.058689814453125 0.547391666015625 0.0692231484375 0.550213021484375 0.081763888671875 0.553598958984375 0.090291666015625 0.558395833984375 0.095307408203125 0.564321353515625 0.095307408203125 0.5688359375 0.089287962890625 0.570528646484375 0.07122962890625 0.564321353515625 0.053171296875
2 0.701438021484375 0.498262037109375 0.692954166015625 0.4977231484375 0.689621353515625 0.50957407421875 0.695984375 0.52034722265625 0.6996203125 0.529503703125 0.707801041015625 0.533275 0.712648958984375 0.528965740234375 0.715679166015625 0.516037962890625 0.7135578125 0.501493517578125 0.7068921875 0.496107408203125 0.701438021484375 0.498262037109375
2 0.663260416015625 0.541893517578125 0.652655728515625 0.5343518515625 0.6432625 0.528965740234375 0.6393234375 0.54027777734375 0.6432625 0.55697592578125 0.645080728515625 0.568287962890625 0.6550796875 0.5747518515625 0.660533333984375 0.57259722265625 0.6659875 0.567210185546875 0.671441146484375 0.561285185546875 0.671138541015625 0.549434259765625 0.663260416015625 0.541893517578125
6 0.74749375 0 0.742645833984375 0.015082408203125 0.737191666015625 0.049018517578125 0.739009896484375 0.0818768515625 0.745069791015625 0.11042592578125 0.755371353515625 0.14112962890625 0.762340625 0.15782777734375 0.76900625 0.181528703125 0.771430208984375 0.19930462890625 0.771733333984375 0.215464814453125 0.771127603515625 0.233778703125 0.774157291015625 0.239165740234375 0.777490103515625 0.2079231484375 0.774460416015625 0.171833333984375 0.766885416015625 0.149209259765625 0.757189583984375 0.117966666015625 0.74749375 0.087262962890625 0.745372396484375 0.062484259765625 0.744766666015625 0.047940740234375 0.7511296875 0.01292777734375 0.754159375 0 0.74749375 0
2 0.763072396484375 0.5672305546875 0.773071353515625 0.586084259765625 0.785797396484375 0.6076305546875 0.810340103515625 0.6232518515625 0.829126041015625 0.61032407421875 0.852759375 0.595241666015625 0.8721515625 0.579081482421875 0.8866953125 0.576387962890625 0.899421353515625 0.566692591796875 0.910329166015625 0.556457408203125 0.9233578125 0.537065740234375 0.9303265625 0.516596296875 0.9303265625 0.49505 0.935780728515625 0.478890740234375 0.947597396484375 0.444415740234375 0.950627603515625 0.41425092578125 0.935477603515625 0.4013231484375 0.918813021484375 0.381392591796875 0.9082078125 0.357691666015625 0.8936640625 0.3431481484375 0.876999478515625 0.34637962890625 0.8530625 0.36792592578125 0.8345796875 0.381392591796875 0.819127083984375 0.406171296875 0.803977083984375 0.436336111328125 0.788827083984375 0.47134907421875 0.7824640625 0.48697037109375 0.7761015625 0.503668517578125 0.769435416015625 0.520367591796875 0.763375521484375 0.54352962890625 0.763072396484375 0.5672305546875
7 0.295111458984375 0.6065231484375 0.307478646484375 0.598941666015625 0.307478646484375 0.581503703125 0.306625521484375 0.570131482421875 0.293831771484375 0.561791666015625 0.285729166015625 0.557242591796875 0.274641146484375 0.5534518515625 0.250759375 0.5155444453125 0.234980208984375 0.477637037109375 0.226024478515625 0.431389814453125 0.222613021484375 0.40940277734375 0.219201041015625 0.4109194453125 0.219201041015625 0.448068517578125 0.226877603515625 0.48825092578125 0.241377083984375 0.522367591796875 0.263553125 0.56255 0.2840234375 0.591360185546875 0.295111458984375 0.6065231484375
2 0.2238921875 0.456408333984375 0.228156771484375 0.466264814453125 0.236259375 0.471571296875 0.245641666015625 0.4700555546875 0.2503328125 0.457166666015625 0.252465103515625 0.438212962890625 0.247347396484375 0.429114814453125 0.2311421875 0.4275981484375 0.2238921875 0.4435194453125 0.2238921875 0.456408333984375
7 0.4810484375 0.698259259765625 0.4865921875 0.682337962890625 0.484033853515625 0.633816666015625 0.476357291015625 0.547387037109375 0.460578125 0.470812962890625 0.438828646484375 0.404853703125 0.4226234375 0.34875092578125 0.417505728515625 0.361638888671875 0.4281671875 0.394239814453125 0.443519791015625 0.44427777734375 0.452048958984375 0.476878703125 0.460578125 0.507962962890625 0.459725521484375 0.505687962890625 0.465269271484375 0.54587037109375 0.470813541015625 0.59969907421875 0.471239583984375 0.626992591796875 0.473371875 0.65580277734375 0.471239583984375 0.686128703125 0.4810484375 0.698259259765625
6 0.416652603515625 0.420775 0.443093228515625 0.431389814453125 0.478489583984375 0.461715740234375 0.495974478515625 0.474603703125 0.5002390625 0.456408333984375 0.483180728515625 0.445036111328125 0.46143125 0.426840740234375 0.439681771484375 0.413193517578125 0.4145203125 0.40030462890625 0.403005728515625 0.382109259765625 0.374006771484375 0.333587962890625 0.3560953125 0.29264722265625 0.333492708984375 0.26990277734375 0.324536978515625 0.25777222265625 0.318993228515625 0.2721768515625 0.324110416015625 0.28354907421875 0.3360515625 0.296437962890625 0.34841875 0.314633333984375 0.3624921875 0.33662037109375 0.376991666015625 0.36922037109375 0.391065103515625 0.395756482421875 0.416652603515625 0.420775
6 0.255697396484375 0.123863888671875 0.2650328125 0.112125 0.262300521484375 0.104838888671875 0.2518265625 0.109696296875 0.234977083984375 0.12669722265625 0.204466666015625 0.1590805546875 0.169174478515625 0.193487037109375 0.152097916015625 0.2173694453125 0.1450390625 0.232346296875 0.147999478515625 0.2388231484375 0.154374478515625 0.233560185546875 0.152780728515625 0.23437037109375 0.163709896484375 0.22020277734375 0.182608333984375 0.199963888671875 0.2008234375 0.17972407421875 0.216761978515625 0.163533333984375 0.238165103515625 0.13924537109375 0.255697396484375 0.123863888671875
8 0.293021875 0.070382408203125 0.288616146484375 0.06967037109375 0.284998958984375 0.07202777734375 0.284009896484375 0.078218517578125 0.289016666015625 0.078218517578125 0.2940234375 0.077506482421875 0.2964265625 0.0739444453125 0.293021875 0.070382408203125
7 0.233561458984375 0.234641666015625 0.233561458984375 0.238437962890625 0.233561458984375 0.243958333984375 0.233561458984375 0.247409259765625 0.234725521484375 0.253275 0.238411458984375 0.257760185546875 0.24384375 0.262590740234375 0.2547078125 0.268112037109375 0.257617708984375 0.268456482421875 0.25839375 0.265006482421875 0.262468228515625 0.26914722265625 0.263244271484375 0.27087222265625 0.265766146484375 0.275358333984375 0.26770625 0.274667591796875 0.273138541015625 0.277083333984375 0.288270833984375 0.289160185546875 0.311745833984375 0.304687037109375 0.329594271484375 0.32332037109375 0.355591146484375 0.355662037109375 0.364321353515625 0.37049907421875 0.372663541015625 0.37947037109375 0.378483853515625 0.383266666015625 0.387990103515625 0.390167591796875 0.401376041015625 0.392582408203125 0.409136458984375 0.390857408203125 0.407584375 0.387407408203125 0.400988541015625 0.3877518515625 0.388571875 0.38637222265625 0.3753796875 0.37774537109375 0.3658734375 0.366359259765625 0.359277083984375 0.354282408203125 0.346666666015625 0.3377194453125 0.337160416015625 0.32667777734375 0.325131771484375 0.314256482421875 0.305149478515625 0.294933333984375 0.273138541015625 0.27147037109375 0.271004166015625 0.2680194453125 0.269258333984375 0.264913888671875 0.264990103515625 0.260428703125 0.26064084765625 0.26009205859375 0.261665625 0.257415740234375 0.262247396484375 0.25465462890625 0.259143228515625 0.249134259765625 0.254293228515625 0.24085277734375 0.24536875 0.232916666015625 0.237441146484375 0.231881482421875 0.233561458984375 0.234641666015625
8 0.262273958984375 0.268364814453125 0.2640203125 0.270089814453125 0.265572396484375 0.2725055546875 0.268094271484375 0.27319537109375 0.2690640625 0.27077962890625 0.269088541015625 0.2692805546875 0.26770625 0.26422407421875 0.263826041015625 0.260428703125 0.261497916015625 0.261118517578125 0.260140103515625 0.26249907421875 0.259752083984375 0.26594907421875 0.262273958984375 0.268364814453125
7 0.106566666015625 0.262534259765625 0.105065625 0.2672055546875 0.105065625 0.273878703125 0.106003646484375 0.279884259765625 0.116321353515625 0.286890740234375 0.1236375 0.2908944453125 0.129640625 0.292562962890625 0.130766146484375 0.2908944453125 0.130766146484375 0.288225 0.136956771484375 0.295565740234375 0.149525521484375 0.308911111328125 0.162844791015625 0.321256482421875 0.171849478515625 0.325593517578125 0.179165625 0.327928703125 0.185919271484375 0.3265944453125 0.189670833984375 0.3219231484375 0.203177603515625 0.313915740234375 0.207867708984375 0.304239814453125 0.212369791015625 0.30190462890625 0.221561978515625 0.300903703125 0.220248958984375 0.29589907421875 0.215558853515625 0.296232408203125 0.20974375 0.298234259765625 0.204115625 0.304907408203125 0.199426041015625 0.309912037109375 0.186857291015625 0.31892037109375 0.178603125 0.32292407421875 0.167159896484375 0.31892037109375 0.158530208984375 0.312581482421875 0.1448359375 0.297567591796875 0.133205208984375 0.28522222265625 0.131516666015625 0.283887962890625 0.1328296875 0.27854907421875 0.132658853515625 0.275911111328125 0.124951041015625 0.264536111328125 0.121949478515625 0.26019907421875 0.118197396484375 0.25819722265625 0.111444271484375 0.256862037109375 0.1080671875 0.259531482421875 0.106566666015625 0.262534259765625
7 0.1140703125 0.341608333984375 0.115571353515625 0.349282408203125 0.118947916015625 0.352285185546875 0.1232625 0.352285185546875 0.130203646484375 0.34494537109375 0.130954166015625 0.336937962890625 0.133767708984375 0.331265740234375 0.136394271484375 0.323258333984375 0.137332291015625 0.31725277734375 0.152339583984375 0.289893517578125 0.165471353515625 0.266537962890625 0.177102083984375 0.249187962890625 0.184605728515625 0.2418481484375 0.196799478515625 0.22950277734375 0.20955625 0.2204944453125 0.217997916015625 0.217491666015625 0.227752603515625 0.213821296875 0.247075 0.212487037109375 0.264896353515625 0.216157408203125 0.283280728515625 0.224832408203125 0.290409375 0.228168517578125 0.292660416015625 0.227835185546875 0.290221875 0.223163888671875 0.270899478515625 0.214488888671875 0.252140103515625 0.210485185546875 0.238445833984375 0.210485185546875 0.224376041015625 0.210818517578125 0.1945484375 0.225833333984375 0.173913021484375 0.247853703125 0.161906771484375 0.265537037109375 0.152902603515625 0.280217591796875 0.137144791015625 0.31024537109375 0.134705728515625 0.31425 0.133392708984375 0.311913888671875 0.130016146484375 0.31525092578125 0.125701041015625 0.320588888671875 0.12345 0.321256482421875 0.118947916015625 0.323591666015625 0.115008333984375 0.332934259765625 0.1140703125 0.341608333984375
7 0.2631328125 0.333141666015625 0.261079166015625 0.336388888671875 0.259481771484375 0.34044722265625 0.258113021484375 0.346128703125 0.25765625 0.35302777734375 0.25765625 0.365608333984375 0.258113021484375 0.369261111328125 0.260622916015625 0.378188888671875 0.2633609375 0.38224722265625 0.265414583984375 0.38224722265625 0.267011978515625 0.405785185546875 0.272031771484375 0.4524555546875 0.284125 0.489386111328125 0.292111458984375 0.502921296875 0.309909375 0.519153703125 0.332955208984375 0.531735185546875 0.352806771484375 0.54837407421875 0.366269271484375 0.57962222265625 0.371745833984375 0.5948268515625 0.375853125 0.597261111328125 0.360108853515625 0.560331482421875 0.354404166015625 0.546533333984375 0.347102603515625 0.53760462890625 0.332042708984375 0.52705277734375 0.305345833984375 0.511631482421875 0.2905140625 0.496615740234375 0.280930728515625 0.470237037109375 0.2777359375 0.4568444453125 0.272031771484375 0.4272194453125 0.268894271484375 0.381742591796875 0.272716146484375 0.375753703125 0.273857291015625 0.3477518515625 0.273400521484375 0.338417591796875 0.2706625 0.334359259765625 0.267240103515625 0.331925 0.2631328125 0.333141666015625
7 0.4596078125 0.48535277734375 0.460897916015625 0.483058333984375 0.4621875 0.478928703125 0.4621875 0.475257408203125 0.460381771484375 0.46952222265625 0.458446875 0.46585092578125 0.4526421875 0.45942777734375 0.444644271484375 0.450938888671875 0.441290625 0.448414814453125 0.439355728515625 0.450938888671875 0.43251875 0.44497407421875 0.421425521484375 0.433961111328125 0.412266666015625 0.425243517578125 0.389821875 0.40367777734375 0.363119791015625 0.3793555546875 0.349059375 0.35847777734375 0.340674478515625 0.348153703125 0.328305208984375 0.3368944453125 0.3277890625 0.338959259765625 0.3393984375 0.349283333984375 0.350620833984375 0.365113888671875 0.361069791015625 0.38255 0.3690671875 0.39149722265625 0.3769359375 0.3995268515625 0.384417708984375 0.40595092578125 0.399380728515625 0.419487037109375 0.424277083984375 0.441603703125 0.430210416015625 0.4507805546875 0.4348546875 0.4546805546875 0.438065625 0.455986111328125 0.437936458984375 0.45942777734375 0.440258333984375 0.467687037109375 0.446321353515625 0.477781482421875 0.4549640625 0.488563888671875 0.458059896484375 0.4881055546875 0.4596078125 0.48535277734375
7 0.383769791015625 0.4394944453125 0.386144271484375 0.439283333984375 0.388875 0.434637962890625 0.3884 0.423236111328125 0.379495833984375 0.414788888671875 0.370235416015625 0.4112 0.363349478515625 0.408243517578125 0.362161978515625 0.409510185546875 0.361924478515625 0.410988888671875 0.354207291015625 0.4035981484375 0.327494271484375 0.375725 0.289502603515625 0.3425731484375 0.2727625 0.330537037109375 0.262314583984375 0.327158333984375 0.262195833984375 0.32800277734375 0.2639765625 0.330959259765625 0.273474478515625 0.333282408203125 0.284159896484375 0.3406731484375 0.304343228515625 0.357987962890625 0.317283853515625 0.3715018515625 0.329156771484375 0.38290462890625 0.361211978515625 0.4139444453125 0.361071353515625 0.416287962890625 0.364536458984375 0.423658333984375 0.3678609375 0.427459259765625 0.370947396484375 0.431893517578125 0.374984375 0.436961111328125 0.3804453125 0.4394944453125 0.383769791015625 0.4394944453125
7 0.1189296875 0.49217592578125 0.120005728515625 0.497742591796875 0.122646353515625 0.498960185546875 0.128416666015625 0.489566666015625 0.130079166015625 0.4796518515625 0.1319375 0.4636481484375 0.1319375 0.45077592578125 0.131155208984375 0.4476444453125 0.133377603515625 0.420567591796875 0.13768125 0.379167591796875 0.145896875 0.330457408203125 0.150297916015625 0.317237962890625 0.154698958984375 0.306267591796875 0.161154166015625 0.2963518515625 0.1678046875 0.290437962890625 0.171264583984375 0.2874805546875 0.186717708984375 0.285567591796875 0.195519791015625 0.286785185546875 0.195585416015625 0.285567591796875 0.195389583984375 0.28504537109375 0.170841146484375 0.28347962890625 0.1632125 0.28852407421875 0.153431771484375 0.3047018515625 0.147465625 0.3182694453125 0.144042708984375 0.329228703125 0.139739583984375 0.352537962890625 0.1347515625 0.38384907421875 0.131915103515625 0.411681482421875 0.128184375 0.4480731484375 0.126558333984375 0.449036111328125 0.123624478515625 0.4547768515625 0.1208859375 0.469040740234375 0.119320833984375 0.477737962890625 0.1189296875 0.4878268515625 0.1189296875 0.49217592578125
7 0.1164296875 0.497313888671875 0.1188765625 0.488609259765625 0.1205078125 0.47772777734375 0.1205078125 0.465759259765625 0.119080728515625 0.45487777734375 0.117653125 0.447261111328125 0.119896353515625 0.44037037109375 0.1205078125 0.422961111328125 0.125810416015625 0.388141666015625 0.132539583984375 0.352961111328125 0.140900521484375 0.326846296875 0.1498734375 0.310525 0.161089583984375 0.293841666015625 0.180666666015625 0.28187222265625 0.179851041015625 0.280784259765625 0.160069791015625 0.289488888671875 0.1427359375 0.317053703125 0.134986978515625 0.33482592578125 0.1268296875 0.3663805546875 0.1172453125 0.421510185546875 0.114708853515625 0.44687222265625 0.112146875 0.450888888671875 0.107456771484375 0.462857408203125 0.104397916015625 0.48607037109375 0.106641146484375 0.496225 0.110311978515625 0.498038888671875 0.1164296875 0.497313888671875
7 0.870758853515625 0.59855462890625 0.859727083984375 0.591860185546875 0.8522 0.58539722265625 0.83948125 0.572471296875 0.828709375 0.564392591796875 0.812745833984375 0.5496194453125 0.812096875 0.55100462890625 0.812486458984375 0.553312962890625 0.85713125 0.593014814453125 0.868552603515625 0.6015555546875 0.882828646484375 0.60940277734375 0.898013021484375 0.612634259765625 0.941100521484375 0.610557408203125 0.943436978515625 0.61125 0.943566666015625 0.6140194453125 0.94861875 0.61530277734375 0.9586234375 0.621657408203125 0.970415103515625 0.61657407421875 0.970415103515625 0.612125 0.969700521484375 0.599414814453125 0.962911458984375 0.594966666015625 0.944688541015625 0.600686111328125 0.942544791015625 0.6064055546875 0.9078765625 0.60917222265625 0.889966666015625 0.606633333984375 0.8843859375 0.605017591796875 0.882049478515625 0.604325 0.870758853515625 0.59855462890625
7 0.8842375 0.640615740234375 0.898157291015625 0.634639814453125 0.900556771484375 0.628237037109375 0.916636978515625 0.623114814453125 0.94495625 0.616285185546875 0.96775625 0.6068944453125 0.999479166015625 0.587686111328125 0.999195833984375 0.5846981484375 0.9420765625 0.612443517578125 0.900556771484375 0.6197 0.8991171875 0.616285185546875 0.8907171875 0.612443517578125 0.879197396484375 0.612443517578125 0.874157291015625 0.618846296875 0.875357291015625 0.63762777734375 0.8842375 0.640615740234375
7 0.7619890625 0.525233333984375 0.7643890625 0.54614907421875 0.765829166015625 0.555112962890625 0.7667890625 0.559381482421875 0.777348958984375 0.585846296875 0.791028646484375 0.606334259765625 0.825347916015625 0.646885185546875 0.841667708984375 0.66780092578125 0.8551078125 0.681886111328125 0.8563078125 0.681886111328125 0.8555875 0.6788981484375 0.822468228515625 0.637067591796875 0.801108333984375 0.612310185546875 0.786708853515625 0.596943517578125 0.7739890625 0.571760185546875 0.767029166015625 0.549563888671875 0.763429166015625 0.520111111328125 0.757669271484375 0.456511111328125 0.761269271484375 0.450535185546875 0.763908853515625 0.441571296875 0.7643890625 0.429192591796875 0.763429166015625 0.4198018515625 0.760548958984375 0.41382592578125 0.755508853515625 0.41382592578125 0.750948958984375 0.41382592578125 0.7487890625 0.4180944453125 0.746869271484375 0.42535092578125 0.748069271484375 0.4419981484375 0.750709375 0.44797407421875 0.7541890625 0.457112962890625 0.7547890625 0.4659018515625 0.754309375 0.473585185546875 0.7547890625 0.481268517578125 0.757429166015625 0.488525 0.7619890625 0.525233333984375
7 0.748724478515625 0.357909259765625 0.745030728515625 0.3588944453125 0.742630208984375 0.3588944453125 0.741706771484375 0.370718517578125 0.746508333984375 0.398965740234375 0.7481703125 0.407834259765625 0.750408333984375 0.40832222265625 0.7528875 0.42367592578125 0.754426041015625 0.433253703125 0.7603234375 0.460009259765625 0.768443228515625 0.49537222265625 0.783059375 0.530178703125 0.7914359375 0.5453805546875 0.809727083984375 0.572314814453125 0.83421875 0.59837962890625 0.841826041015625 0.606892591796875 0.8492625 0.61704537109375 0.8501171875 0.61704537109375 0.848834896484375 0.613093517578125 0.8302015625 0.590137962890625 0.815158333984375 0.57402407421875 0.8078078125 0.56444722265625 0.794388541015625 0.54574907421875 0.778746875 0.51427037109375 0.7706265625 0.494812037109375 0.7643015625 0.4678444453125 0.7565234375 0.428713888671875 0.7520484375 0.408458333984375 0.7538953125 0.406487962890625 0.753710416015625 0.3864518515625 0.753710416015625 0.37429907421875 0.751679166015625 0.363788888671875 0.7500171875 0.36017592578125 0.748724478515625 0.357909259765625
7 0.772872916015625 0.489337037109375 0.770419271484375 0.4889731484375 0.767965103515625 0.4889731484375 0.763670833984375 0.493337962890625 0.7626484375 0.502066666015625 0.762546353515625 0.505703703125 0.765102603515625 0.51370462890625 0.770521353515625 0.517341666015625 0.777780728515625 0.520433333984375 0.784528646484375 0.5222518515625 0.787902603515625 0.520614814453125 0.791379166015625 0.521160185546875 0.801194271484375 0.528615740234375 0.817246875 0.5415268515625 0.830027083984375 0.55007407421875 0.850476041015625 0.561166666015625 0.864688021484375 0.564258333984375 0.886874478515625 0.56534907421875 0.897346875 0.566481482421875 0.902459375 0.568482408203125 0.91115 0.571391666015625 0.924286458984375 0.580665740234375 0.933155728515625 0.58684907421875 0.939392708984375 0.58957592578125 0.94798125 0.590667591796875 0.958440625 0.59144722265625 0.958440625 0.589446296875 0.958338541015625 0.588537037109375 0.940036978515625 0.587082408203125 0.910283853515625 0.56707962890625 0.8995484375 0.56417037109375 0.8843140625 0.560714814453125 0.864888021484375 0.561260185546875 0.848528646484375 0.55635092578125 0.828386978515625 0.545803703125 0.811209896484375 0.531437962890625 0.790458853515625 0.51697777734375 0.790356771484375 0.51279537109375 0.789436458984375 0.509158333984375 0.786471353515625 0.50497592578125 0.782381771484375 0.49970277734375 0.777065103515625 0.49424722265625 0.772872916015625 0.489337037109375
7 0.767960416015625 0.332613888671875 0.771166666015625 0.313606482421875 0.770097916015625 0.2907981484375 0.773838541015625 0.215243517578125 0.7791828125 0.124484259765625 0.786931771484375 0.064136111328125 0.787466666015625 0.002253703125 0.7802515625 0 0.7802515625 0.05785 0.775709375 0.103467591796875 0.772235416015625 0.140056482421875 0.767425521484375 0.220362037109375 0.764486458984375 0.284511111328125 0.762616146484375 0.292589814453125 0.758875 0.2988 0.7559359375 0.313606482421875 0.753530728515625 0.334513888671875 0.7559359375 0.345443517578125 0.761814583984375 0.3478194453125 0.765822396484375 0.3473444453125 0.767960416015625 0.332613888671875
7 0.2165546875 0.298787037109375 0.231731771484375 0.310734259765625 0.232023958984375 0.301903703125 0.221224478515625 0.289437037109375 0.214219791015625 0.272814814453125 0.20955 0.241128703125 0.209841666015625 0.203209259765625 0.213052083984375 0.182431482421875 0.213928125 0.154381482421875 0.208382291015625 0.139317591796875 0.1981671875 0.137239814453125 0.1952484375 0.153342591796875 0.196415625 0.17360092578125 0.200728125 0.188612037109375 0.201961458984375 0.1948981484375 0.201961458984375 0.207884259765625 0.200502083984375 0.238531482421875 0.205463541015625 0.27229537109375 0.2165546875 0.298787037109375