7 0.567821875 0.656914814453125 0.568948958984375 0.64940277734375 0.581060416015625 0.6333768515625 0.5790890625 0.622859259765625 0.570638541015625 0.61735092578125 0.56134375 0.6203555546875 0.549231771484375 0.637884259765625 0.539591666015625 0.6534305546875 0.538246875 0.663425 0.542753646484375 0.67794907421875 0.548386978515625 0.6799518515625 0.55289375 0.67945092578125 0.5602171875 0.668934259765625 0.567821875 0.656914814453125
7 0.271743228515625 0.652962962890625 0.272038541015625 0.663463888671875 0.295071353515625 0.691814814453125 0.316332291015625 0.738543517578125 0.35324375 0.81257222265625 0.3942890625 0.8803018515625 0.407281771484375 0.89920277734375 0.412553646484375 0.908988888671875 0.423227603515625 0.909703703125 0.4250859375 0.900968517578125 0.425586978515625 0.892056482421875 0.420574478515625 0.8795805546875 0.412302083984375 0.86927592578125 0.403147916015625 0.86297592578125 0.399899478515625 0.86087592578125 0.357082291015625 0.79944722265625 0.319285416015625 0.728042591796875 0.293594791015625 0.677639814453125 0.271743228515625 0.652962962890625
7 0.698102083984375 0.247233333984375 0.698102083984375 0.302021296875 0.696946353515625 0.337634259765625 0.696946353515625 0.34585277734375 0.70465 0.361603703125 0.71813125 0.363658333984375 0.7204421875 0.3403731484375 0.7173609375 0.31297962890625 0.713508853515625 0.303391666015625 0.706190625 0.174638888671875 0.705034896484375 0.13354722265625 0.706819791015625 0.104816666015625 0.710427603515625 0.063691666015625 0.7069609375 0.063007408203125 0.697716666015625 0.0760194453125 0.692709375 0.11642592578125 0.698102083984375 0.247233333984375
2 0.473709896484375 0.316363888671875 0.482231771484375 0.3226018515625 0.485239583984375 0.338642591796875 0.498773958984375 0.352010185546875 0.515817708984375 0.36359537109375 0.539377603515625 0.39389537109375 0.551408333984375 0.387656482421875 0.5694546875 0.367160185546875 0.578477603515625 0.3511194453125 0.583991666015625 0.313689814453125 0.584994271484375 0.259328703125 0.5854953125 0.2325944453125 0.5829890625 0.20942407421875 0.570457291015625 0.19427407421875 0.551909896484375 0.17912407421875 0.548401041015625 0.159518517578125 0.534365103515625 0.1381305546875 0.524339583984375 0.13902222265625 0.506293228515625 0.147042591796875 0.495766146484375 0.1514981484375 0.4862421875 0.137239814453125 0.475715103515625 0.15862777734375 0.462681771484375 0.180906482421875 0.454661458984375 0.19427407421875 0.443131771484375 0.222791666015625 0.4356125 0.24507037109375 0.434609896484375 0.253982408203125 0.440625521484375 0.270913888671875 0.448144791015625 0.283390740234375 0.459172916015625 0.299431482421875 0.473709896484375 0.316363888671875
2 0.732370833984375 0.162191666015625 0.734877083984375 0.175559259765625 0.7273578125 0.19427407421875 0.7333734375 0.20942407421875 0.743398958984375 0.225464814453125 0.752421875 0.218335185546875 0.761946353515625 0.2022944453125 0.764452603515625 0.175559259765625 0.755930728515625 0.14347777734375 0.746406771484375 0.120307408203125 0.742897396484375 0.118525 0.731368228515625 0.117634259765625 0.726856771484375 0.12832777734375 0.7273578125 0.147042591796875 0.732370833984375 0.162191666015625
2 0.145872396484375 0.655006482421875 0.150384375 0.669264814453125 0.16391875 0.674612037109375 0.1779546875 0.669264814453125 0.182466146484375 0.65767962890625 0.176450521484375 0.63272777734375 0.168931771484375 0.618468517578125 0.159407291015625 0.611339814453125 0.149381771484375 0.618468517578125 0.142865103515625 0.633618517578125 0.145872396484375 0.655006482421875
7 0.680508853515625 0.99347962890625 0.672558853515625 0.92280277734375 0.6562171875 0.862335185546875 0.636341666015625 0.77202592578125 0.631041666015625 0.728834259765625 0.6306 0.700563888671875 0.624416666015625 0.683287037109375 0.617791666015625 0.68014537109375 0.610725 0.692710185546875 0.610725 0.705275 0.612933333984375 0.720196296875 0.61509375 0.7402194453125 0.623091666015625 0.761031482421875 0.64385 0.862335185546875 0.659750521484375 0.925159259765625 0.671675521484375 0.99347962890625 0.680508853515625 0.99347962890625
2 0.493681771484375 0.826996296875 0.485290103515625 0.8175731484375 0.472015103515625 0.804693517578125 0.467181771484375 0.812861111328125 0.470715103515625 0.834063888671875 0.4848484375 0.859193517578125 0.496331771484375 0.86155 0.497215103515625 0.841131482421875 0.493681771484375 0.826996296875
7 0.926060416015625 0.354282408203125 0.896757291015625 0.446403703125 0.902278125 0.450934259765625 0.9124703125 0.432056482421875 0.929882291015625 0.377689814453125 0.9678578125 0.3041194453125 0.982543228515625 0.30067037109375 0.9906125 0.280282408203125 0.983392708984375 0.26065 0.971926041015625 0.26442592578125 0.960459896484375 0.285568517578125 0.926060416015625 0.354282408203125
7 0.749513541015625 0.094282408203125 0.7691171875 0.114785185546875 0.784395833984375 0.132212037109375 0.805152603515625 0.163991666015625 0.819278125 0.18859537109375 0.830521353515625 0.204485185546875 0.848106771484375 0.220375 0.870880728515625 0.23062592578125 0.876646353515625 0.22755092578125 0.872033853515625 0.222425 0.8509890625 0.21524907421875 0.831674478515625 0.196284259765625 0.81581875 0.165016666015625 0.789584896484375 0.1183731484375 0.751243228515625 0.080442591796875 0.722415103515625 0.0584018515625 0.704253125 0.032261111328125 0.693875 0.0286731484375 0.689749478515625 0.04329907421875 0.692433853515625 0.055838888671875 0.714343228515625 0.070703703125 0.718667708984375 0.069165740234375 0.730198958984375 0.076342591796875 0.749513541015625 0.094282408203125
6 0.715258853515625 0.204565740234375 0.689444271484375 0.253115740234375 0.691430208984375 0.278715740234375 0.722705728515625 0.21427592578125 0.742066666015625 0.161311111328125 0.752491666015625 0.118057408203125 0.746534375 0.0995194453125 0.730152083984375 0.1630768515625 0.715258853515625 0.204565740234375
7 0.321264583984375 0.2689805546875 0.310095833984375 0.260856482421875 0.29181875 0.255439814453125 0.277603646484375 0.255439814453125 0.271003646484375 0.259953703125 0.2715109375 0.279813888671875 0.277095833984375 0.288841666015625 0.283188021484375 0.296965740234375 0.293849478515625 0.297868517578125 0.305231771484375 0.2932305546875 0.3121265625 0.304187962890625 0.317203125 0.30147962890625 0.327864583984375 0.297868517578125 0.327864583984375 0.29064722265625 0.327357291015625 0.2771055546875 0.321264583984375 0.2689805546875
7 0.643755208984375 0.7475231484375 0.6597859375 0.7552444453125 0.679489583984375 0.751087037109375 0.7082109375 0.741583333984375 0.719231771484375 0.735643517578125 0.71455625 0.7249518515625 0.6774859375 0.7398018515625 0.659117708984375 0.738613888671875 0.6163703125 0.71010277734375 0.569948958984375 0.691689814453125 0.545235416015625 0.684562037109375 0.536552083984375 0.67862222265625 0.527201041015625 0.6756518515625 0.51785 0.676839814453125 0.513174478515625 0.69109537109375 0.513842708984375 0.704162962890625 0.520188021484375 0.709508333984375 0.532832291015625 0.7038 0.540226041015625 0.701787037109375 0.550578646484375 0.702381482421875 0.579967708984375 0.7077268515625 0.615368228515625 0.723763888671875 0.643755208984375 0.7475231484375
7 0.638411978515625 0.693471296875 0.669136978515625 0.682186111328125 0.692514583984375 0.66080277734375 0.705872916015625 0.642983333984375 0.7055390625 0.63407407421875 0.675816146484375 0.666742591796875 0.642085416015625 0.679215740234375 0.615368228515625 0.681591666015625 0.57395625 0.697035185546875 0.5395578125 0.7172305546875 0.532878646484375 0.713666666015625 0.520855728515625 0.721387962890625 0.509834896484375 0.730891666015625 0.5064953125 0.743959259765625 0.51016875 0.75465092578125 0.517516146484375 0.760590740234375 0.5295390625 0.754056482421875 0.537842708984375 0.740912962890625 0.541895833984375 0.730891666015625 0.561933853515625 0.71782407421875 0.589986978515625 0.701787037109375 0.6083546875 0.69584722265625 0.638411978515625 0.693471296875
7 0.555922396484375 0.708914814453125 0.5816375 0.679215740234375 0.593660416015625 0.653675 0.589986978515625 0.6489231484375 0.5752921875 0.674463888671875 0.55391875 0.69584722265625 0.54089375 0.71485462890625 0.52553125 0.743365740234375 0.507163021484375 0.7837555546875 0.495140625 0.8193944453125 0.48245 0.856814814453125 0.475102603515625 0.8728518515625 0.4680890625 0.88829537109375 0.4670875 0.904332408203125 0.467755208984375 0.91502407421875 0.472764583984375 0.9179944453125 0.476885416015625 0.915340740234375 0.4847875 0.893640740234375 0.490465103515625 0.86275462890625 0.502153646484375 0.82592777734375 0.512172916015625 0.790883333984375 0.539223958984375 0.73267407421875 0.555922396484375 0.708914814453125
6 0.105338021484375 0.551808333984375 0.086330728515625 0.537138888671875 0.049750521484375 0.528846296875 0.022494791015625 0.529484259765625 0 0.542240740234375 0.000259896484375 0.55372222265625 0.025005208984375 0.5486194453125 0.060150521484375 0.5486194453125 0.084895833984375 0.55754907421875 0.1092828125 0.579236111328125 0.114303646484375 0.571581482421875 0.105338021484375 0.551808333984375
1 0.321677603515625 0.294846296875 0.323405728515625 0.29105092578125 0.324523958984375 0.2872555546875 0.324625521484375 0.2830981484375 0.323811978515625 0.28002592578125 0.321576041015625 0.275507408203125 0.318933333984375 0.27297777734375 0.3165953125 0.270808333984375 0.311411458984375 0.270903703125 0.3071421875 0.273613888671875 0.3071421875 0.275421296875 0.3068375 0.276325 0.3068375 0.278401712890625 0.303839583984375 0.280612037109375 0.3069390625 0.2849055546875 0.3086671875 0.287436111328125 0.311309896484375 0.2926768515625 0.313749478515625 0.295387962890625 0.316086978515625 0.29719537109375 0.319238021484375 0.296291666015625 0.321677603515625 0.294846296875
1 0.3071421875 0.282108333984375 0.311208333984375 0.287891666015625 0.3125296875 0.29060277734375 0.315070833984375 0.2934944453125 0.318018228515625 0.293856482421875 0.321270833984375 0.290964814453125 0.322694271484375 0.2866268515625 0.3221859375 0.280843517578125 0.321067708984375 0.278312962890625 0.319441666015625 0.277409259765625 0.315985416015625 0.27487962890625 0.314054166015625 0.274337037109375 0.311614583984375 0.27487962890625 0.3068375 0.278401712890625 0.3068375 0.279578703125 0.3071421875 0.282108333984375
1 0.5762375 0.6392444453125 0.578043228515625 0.63632592578125 0.578535416015625 0.633262037109375 0.579109896484375 0.628591666015625 0.578125 0.6249444453125 0.576976041015625 0.622462962890625 0.573447396484375 0.62115 0.572133853515625 0.61939907421875 0.57 0.61939907421875 0.567866666015625 0.61954537109375 0.565650521484375 0.621441666015625 0.562367708984375 0.624360185546875 0.559413541015625 0.628008333984375 0.554817708984375 0.63384537109375 0.551863021484375 0.638661111328125 0.5503859375 0.643768517578125 0.552109375 0.643913888671875 0.5538328125 0.643184259765625 0.556869271484375 0.639536111328125 0.5591671875 0.636617591796875 0.560972916015625 0.632239814453125 0.561875521484375 0.6307805546875 0.565896875 0.6283 0.56934375 0.626840740234375 0.573447396484375 0.6249444453125 0.5748421875 0.6247981484375 0.576483853515625 0.628008333984375 0.5767296875 0.632386111328125 0.576155208984375 0.63369907421875 0.574678125 0.63530462890625 0.570820833984375 0.639682408203125 0.5660609375 0.645081482421875 0.565158333984375 0.646686111328125 0.566799478515625 0.64975092578125 0.569261458984375 0.646978703125 0.5745140625 0.642016666015625 0.5762375 0.6392444453125
7 0.919214583984375 0.529884259765625 0.921859896484375 0.53127777734375 0.924603125 0.529710185546875 0.926464583984375 0.524832408203125 0.9269546875 0.5206518515625 0.926170833984375 0.512463888671875 0.9255828125 0.507761111328125 0.923525521484375 0.500096296875 0.922839583984375 0.49434722265625 0.921173958984375 0.48929537109375 0.919508333984375 0.484765740234375 0.9180390625 0.4816305546875 0.916177603515625 0.481107408203125 0.915197396484375 0.481456482421875 0.910690625 0.4652555546875 0.904714583984375 0.442086111328125 0.9011875 0.424666666015625 0.894133333984375 0.39787037109375 0.885413541015625 0.35765277734375 0.8793390625 0.324968517578125 0.871599478515625 0.287868517578125 0.865720833984375 0.2579268515625 0.8559234375 0.222334259765625 0.851220833984375 0.214146296875 0.845146353515625 0.192256482421875 0.84406875 0.192081482421875 0.843775 0.195217591796875 0.8464203125 0.20392777734375 0.849848958984375 0.214553703125 0.853180208984375 0.222915740234375 0.857001041015625 0.23162592578125 0.860626041015625 0.246433333984375 0.865034896484375 0.266466666015625 0.870913541015625 0.300261111328125 0.880515103515625 0.34337037109375 0.888156771484375 0.38607777734375 0.892271875 0.401059259765625 0.897366146484375 0.423039814453125 0.906380208984375 0.456359259765625 0.909319271484375 0.46977222265625 0.9123027265625 0.483921166015625 0.910201041015625 0.485811111328125 0.910298958984375 0.491386111328125 0.911180728515625 0.501314814453125 0.912846353515625 0.511767591796875 0.914903646484375 0.522916666015625 0.916765103515625 0.527968517578125 0.919214583984375 0.529884259765625