7 1 0.235042380859375 0.980401546875 0.292933693359375 0.96670066015625 0.30970819140625 0.956702158203125 0.3227841484375 0.95230365625 0.335181916015625 0.95621444921875 0.348311958984375 0.96870416015625 0.34543861328125 0.97888612109375 0.328863935546875 0.98847535546875 0.30510528125 0.998892466796875 0.277090283203125 1 0.27264702734375 1 0.235042380859375
7 1 0.13009715234375 0.99815214453125 0.12233065234375 0.975393193359375 0.10642073046875 0.960325263671875 0.112327302734375 0.9635916328125 0.126214970703125 0.9765603984375 0.123434744140625 0.989642501953125 0.12774436328125 0.9987527734375 0.152487283203125 1 0.16903894921875 1 0.13009715234375
7 1 0.194358419921875 0.99555673046875 0.2251976015625 0.977736046875 0.26060897265625 0.953592408203125 0.285071974609375 0.92530315625 0.307846263671875 0.9086326953125 0.314324220703125 0.895907322265625 0.3286377890625 0.893425037109375 0.341408033203125 0.90810984765625 0.345145359375 0.923857515625 0.33318692578125 0.936765326171875 0.315374439453125 0.961370619140625 0.293651724609375 0.973267935546875 0.28359541015625 0.990043322265625 0.261234546875 1 0.229501849609375 1 0.194358419921875
7 0.983327869140625 0.431332052734375 0.978537564453125 0.381807181640625 0.981150318359375 0.32488583984375 0.987761388671875 0.26785880078125 0.99215096484375 0.232488181640625 0.982238962890625 0.232328201171875 0.982012734375 0.266741376953125 0.973782064453125 0.3269879765625 0.9702196171875 0.4066958359375 0.980471390625 0.476719044921875 0.98489580078125 0.533241556640625 0.982178541015625 0.557451208984375 0.9876066328125 0.5824122109375 0.99413278515625 0.578328728515625 0.998600896484375 0.55534229296875 0.99875306640625 0.541236234375 0.995060359375 0.519314046875 0.991175447265625 0.477916814453125 0.983327869140625 0.431332052734375
7 0.9776753984375 0.148390255859375 0.993805224609375 0.09019977734375 0.98743571875 0.08538955859375 0.97543674609375 0.124100158203125 0.9593584375 0.186354767578125 0.93828956640625 0.253825185546875 0.927045083984375 0.286096626953125 0.922742517578125 0.308231412109375 0.9332638046875 0.312927091796875 0.93908206640625 0.303455849609375 0.944177373046875 0.282358044921875 0.948958994140625 0.260316380859375 0.951110365234375 0.249248533203125 0.963582916015625 0.200428673828125 0.9776753984375 0.148390255859375
6 0.704120658203125 1 0.704172478515625 0.9985029609375 0.707140947265625 0.9559873125 0.707234013671875 0.928267068359375 0.699670298828125 0.892619830078125 0.691608173828125 0.87817443359375 0.6858366015625 0.883491220703125 0.695646650390625 0.90471598828125 0.70150150390625 0.927647990234375 0.700592837890625 0.956695326171875 0.69797090625 0.987391419921875 0.697726306640625 1 0.704120658203125 1
7 0.610019517578125 0.614890615234375 0.6206666484375 0.611091267578125 0.629598583984375 0.603756166015625 0.634632673828125 0.58712504296875 0.633170533203125 0.574568125 0.625300873046875 0.56716853515625 0.61664787109375 0.5761585625 0.605937734375 0.589551783203125 0.600245958984375 0.60338659375 0.554454474609375 0.65051410546875 0.50516000390625 0.701763765625 0.47673837890625 0.72131845703125 0.448642740234375 0.7206593359375 0.43024716796875 0.7133483046875 0.429016396484375 0.72431494921875 0.442004412109375 0.731641681640625 0.46361341796875 0.734775224609375 0.487790146484375 0.7293365859375 0.51672202734375 0.705611900390625 0.546485375 0.672977541015625 0.577894576171875 0.639595337890625 0.601418724609375 0.615887263671875 0.610019517578125 0.614890615234375
7 0.54932880078125 0.578377392578125 0.548399958984375 0.616787341796875 0.549089197265625 0.644135201171875 0.546548203125 0.663384576171875 0.545154271484375 0.684457625 0.54864186328125 0.697409193359375 0.55867858203125 0.6982923671875 0.567110705078125 0.693528583984375 0.571030080078125 0.6702779609375 0.564212771484375 0.649742453125 0.558089630859375 0.641082591796875 0.55838419921875 0.566967841796875 0.5606037109375 0.493762087890625 0.55918346875 0.445461076171875 0.54882156640625 0.421536970703125 0.534318642578125 0.380298119140625 0.528711044921875 0.351994228515625 0.521746169921875 0.3538418046875 0.525607583984375 0.383406978515625 0.536601345703125 0.414892421875 0.54665950390625 0.441926826171875 0.55024180859375 0.469837982421875 0.553113705078125 0.502946109375 0.551956759765625 0.532069693359375 0.550620369140625 0.559023810546875 0.54932880078125 0.578377392578125
2 0.5178590390625 0.519038001953125 0.527429140625 0.51985688671875 0.53234614453125 0.518652599609375 0.538753328125 0.51349426171875 0.543845291015625 0.502745216796875 0.543729185546875 0.490982880859375 0.53807453125 0.4845477265625 0.52877410546875 0.489143673828125 0.519773669921875 0.492196283203125 0.513782078125 0.50757351953125 0.5178590390625 0.519038001953125
6 0.956664712890625 0.66364796484375 0.96165995703125 0.703790486328125 0.9709960078125 0.692337388671875 0.96811243359375 0.66145119140625 0.958769822265625 0.55222941796875 0.95154514453125 0.433943376953125 0.940358779296875 0.4311379296875 0.93877054296875 0.446624033203125 0.93966765625 0.51882262890625 0.949433634765625 0.598431103515625 0.956664712890625 0.66364796484375
7 0.17019535546875 0 0.17511808984375 0.013758388671875 0.199899591796875 0.07401908203125 0.234230611328125 0.121491015625 0.2708509140625 0.166269728515625 0.2825248046875 0.175861400390625 0.284845443359375 0.1972348515625 0.294188259765625 0.215788994140625 0.30365557421875 0.215537109375 0.310369283203125 0.20219618359375 0.309379072265625 0.18003526953125 0.295281361328125 0.164742099609375 0.2892383359375 0.1625213828125 0.25167947265625 0.11651416015625 0.2173073515625 0.0753106640625 0.194145134765625 0.02791758203125 0.185291646484375 0 0.17019535546875 0
6 0.213726802734375 0.883457810546875 0.236558900390625 0.905468783203125 0.243208986328125 0.910503326171875 0.249701228515625 0.894125455078125 0.21584974609375 0.86402530078125 0.179469783203125 0.8341693984375 0.131395578125 0.8027751640625 0.096848572265625 0.79753044140625 0.069322357421875 0.796589609375 0.065496732421875 0.81201528125 0.080929916015625 0.811340263671875 0.118527359375 0.817913669921875 0.150458693359375 0.83661486328125 0.1866210078125 0.859079548828125 0.213726802734375 0.883457810546875
6 0.3516544375 0.520680779296875 0.362839576171875 0.514648619140625 0.369137806640625 0.511584828125 0.372151755859375 0.4982057734375 0.3608272265625 0.501149970703125 0.33200419921875 0.515391564453125 0.292820404296875 0.52761923046875 0.2688084609375 0.5383872265625 0.262606447265625 0.551145640625 0.270039951171875 0.55332630859375 0.288979990234375 0.545247359375 0.303920267578125 0.53859721484375 0.3259107421875 0.531846951171875 0.3516544375 0.520680779296875
7 0.244039216796875 0.825383970703125 0.240735216796875 0.842381572265625 0.24034369140625 0.86141489453125 0.245328734375 0.87193907421875 0.254769603515625 0.87230365625 0.260435712890625 0.860175869140625 0.261790490234375 0.8361843203125 0.25669722265625 0.821964177734375 0.260000984375 0.764542341796875 0.269441708984375 0.684059466796875 0.28149834765625 0.630544349609375 0.28957037109375 0.576253759765625 0.277788787109375 0.507080185546875 0.271876134765625 0.51622086328125 0.2800928359375 0.56118234375 0.279984337890625 0.597910515625 0.2684565859375 0.67210840234375 0.2543859140625 0.7487511796875 0.250357162109375 0.7950073125 0.247531279296875 0.8201825 0.244039216796875 0.825383970703125
7 0.219328482421875 0.76106876953125 0.250068923828125 0.740232994140625 0.254476716796875 0.735561357421875 0.260903220703125 0.70888166796875 0.23717397265625 0.737343505859375 0.21298140234375 0.75542530078125 0.1819703828125 0.778796779296875 0.143228099609375 0.82492033984375 0.113007298828125 0.86975923828125 0.103674654296875 0.873090619140625 0.0930888828125 0.884997859375 0.085676740234375 0.8997263828125 0.084778205078125 0.9149862265625 0.089778041015625 0.923307947265625 0.0945745078125 0.9220358984375 0.1030154609375 0.912651873046875 0.11202190234375 0.89823230859375 0.1161229609375 0.881389638671875 0.129816623046875 0.862001861328125 0.1589656171875 0.81842421875 0.184317880859375 0.785868140625 0.219328482421875 0.76106876953125
6 0.227958849609375 0.62305481640625 0.23069880078125 0.66969 0.229907798828125 0.670472896484375 0.233363947265625 0.6909889296875 0.23650124609375 0.679104384765625 0.2377330078125 0.65361933203125 0.236247892578125 0.61658139453125 0.225060419921875 0.5783923046875 0.20318597265625 0.527101099609375 0.19122382421875 0.505666466796875 0.185941708984375 0.520074228515625 0.194469759765625 0.5379012109375 0.20433111328125 0.5552535078125 0.2196552890625 0.5913065625 0.227958849609375 0.62305481640625
7 0.215239865234375 0.414029197265625 0.219778828125 0.428027458984375 0.21939844140625 0.428802451171875 0.217565724609375 0.44461550390625 0.21561656640625 0.478046701171875 0.210501390625 0.527765638671875 0.20796528515625 0.5897464140625 0.204537998046875 0.645674646484375 0.2038712734375 0.70654919921875 0.211486783203125 0.701414447265625 0.211899609375 0.658865171875 0.21411676953125 0.604907048828125 0.2151095234375 0.55512158984375 0.219869775390625 0.4987176640625 0.227767326171875 0.430429197265625 0.233476787109375 0.411693837890625 0.238490486328125 0.37738967578125 0.230165291015625 0.3691563671875 0.21908730078125 0.375087671875 0.21616678515625 0.3943651484375 0.215239865234375 0.414029197265625
7 0.1753528515625 0.674545556640625 0.181190162109375 0.6815095390625 0.186083845703125 0.6810421171875 0.19320611328125 0.66993123046875 0.19663294921875 0.654428041015625 0.19960652734375 0.637901982421875 0.200619939453125 0.628138185546875 0.1985530390625 0.625401859375 0.203110849609375 0.5998275859375 0.216515244140625 0.543634318359375 0.2343316015625 0.48388892578125 0.255771142578125 0.439547513671875 0.279203591796875 0.395593482421875 0.304881998046875 0.333700451171875 0.30213571875 0.3265515703125 0.28473926953125 0.362859435546875 0.26152411328125 0.414206498046875 0.245106220703125 0.44335377734375 0.22220771875 0.504940126953125 0.208017404296875 0.556703904296875 0.192115806640625 0.623339388671875 0.187489330078125 0.629130609375 0.179236263671875 0.650311671875 0.1753528515625 0.674545556640625
7 0.270385427734375 0.340959904296875 0.26648908203125 0.370329189453125 0.261987888671875 0.384161498046875 0.25369182421875 0.41194831640625 0.2442943671875 0.4454013046875 0.233947431640625 0.481609861328125 0.23724441015625 0.48592565625 0.2495980234375 0.447901822265625 0.258415712890625 0.421686935546875 0.266878986328125 0.388787158203125 0.27726190234375 0.3672862421875 0.287152087890625 0.3398092890625 0.291144412109375 0.31927055859375 0.281333828125 0.3144234453125 0.27384184765625 0.321051798828125 0.270385427734375 0.340959904296875
6 0.201705162109375 0.530466490234375 0.1976966875 0.582407796875 0.19647865625 0.593126013671875 0.20090211328125 0.593985845703125 0.20173065625 0.5864423828125 0.203836890625 0.572328478515625 0.206604671875 0.544313171875 0.210835734375 0.51205089453125 0.2159738515625 0.491521708984375 0.22987121875 0.467256330078125 0.243902326171875 0.442302904296875 0.25500933203125 0.424520509765625 0.26519378125 0.4036120546875 0.277096107421875 0.377146884765625 0.291552234375 0.342792576171875 0.303175599609375 0.315139390625 0.30244740234375 0.299418080078125 0.29232495703125 0.3217053671875 0.283108994140625 0.347842837890625 0.268516107421875 0.38249126953125 0.25047501953125 0.415733697265625 0.22397785546875 0.4605616015625 0.208218703125 0.49057266796875 0.201705162109375 0.530466490234375
2 0.288241037109375 0.68342469921875 0.298380794921875 0.680070986328125 0.300961791015625 0.67021855859375 0.301568806640625 0.6593900625 0.297906326171875 0.631320888671875 0.289494205078125 0.641219873046875 0.283433400390625 0.654196275390625 0.276421111328125 0.665448333984375 0.271282484375 0.68160731640625 0.271632642578125 0.69350852734375 0.281162869140625 0.6932905703125 0.288241037109375 0.68342469921875
7 0.262605951171875 0.67743340234375 0.26594971484375 0.663596833984375 0.266118125 0.66205621875 0.26839101953125 0.636898052734375 0.2701095625 0.606512134765625 0.272588048828125 0.5883759140625 0.283498080078125 0.543019693359375 0.29574741015625 0.49885574609375 0.3122967421875 0.466231703125 0.328129353515625 0.43998624609375 0.347381794921875 0.393458646484375 0.361386580078125 0.35103194140625 0.354664330078125 0.34925930078125 0.349255685546875 0.3649649140625 0.336402609375 0.398772458984375 0.32164646484375 0.434288080078125 0.313578921875 0.44482188671875 0.283155359375 0.51246703515625 0.273602810546875 0.556225134765625 0.263856853515625 0.603669615234375 0.260151564453125 0.64158232421875 0.254871017578125 0.663362880859375 0.2518196640625 0.679060734375 0.2561758828125 0.68223451171875 0.262605951171875 0.67743340234375
7 0.193352494140625 0.799413107421875 0.204780693359375 0.779669861328125 0.217512931640625 0.75321791796875 0.22730505078125 0.73650332421875 0.25516362890625 0.6995615625 0.280926396484375 0.6612823671875 0.308853220703125 0.626680884765625 0.333450892578125 0.586313232421875 0.3518309296875 0.544271021484375 0.347434400390625 0.534573396484375 0.333717314453125 0.567437638671875 0.310825705078125 0.60441388671875 0.286837759765625 0.641642052734375 0.25073726171875 0.69001471875 0.208936111328125 0.747518333984375 0.19505833984375 0.758318765625 0.17903214453125 0.78825151171875 0.17878336328125 0.800305130859375 0.184789935546875 0.80845373046875 0.193352494140625 0.799413107421875