7 0.580597546875 0.61074781640625 0.57159999609375 0.61455110546875 0.561061833984375 0.633068736328125 0.552813361328125 0.649396064453125 0.55234476171875 0.65946968359375 0.558100240234375 0.67354569921875 0.563886689453125 0.675049876953125 0.56833265234375 0.67415806640625 0.574711634765625 0.663043140625 0.5812398203125 0.650406640625 0.581707896484375 0.64282495703125 0.592376515625 0.625804431640625 0.589495994140625 0.615498677734375 0.580597546875 0.61074781640625
7 0.381044666015625 0.82417344140625 0.427836814453125 0.88806800390625 0.44242740625 0.9057646171875 0.44853213671875 0.915054013671875 0.459227775390625 0.9148358125 0.460317716796875 0.90597190234375 0.4600401171875 0.897050111328125 0.453959341796875 0.88505852734375 0.444820318359375 0.875514095703125 0.435151904296875 0.870035908203125 0.43173280078125 0.86822701953125 0.383724681640625 0.810763833984375 0.339848310546875 0.742925134765625 0.3098625546875 0.694953240234375 0.285943416015625 0.67227478125 0.2871528203125 0.682710009765625 0.312568931640625 0.708945609375 0.337821638671875 0.753643482421875 0.381044666015625 0.82417344140625
7 0.691809212890625 0.344293919921875 0.705418236328125 0.345165763671875 0.70569094140625 0.3217677734375 0.7002339140625 0.29474704296875 0.695560841796875 0.285531296875 0.67704891796875 0.1579062890625 0.672316212890625 0.117071716796875 0.671590283203125 0.08829492578125 0.6716000859375 0.0470119765625 0.668086974609375 0.046632462890625 0.660011955078125 0.06040067578125 0.658545375 0.1010898125 0.6753181796875 0.230929453125 0.680093265625 0.285508931640625 0.682045806640625 0.32108710546875 0.68276209765625 0.32927434765625 0.691809212890625 0.344293919921875
2 0.5038690703125 0.362735828125 0.5299801328125 0.390867146484375 0.541421326171875 0.383603451171875 0.557612638671875 0.361612306640625 0.565203177734375 0.34484620703125 0.567434048828125 0.30707842578125 0.56369495703125 0.252836791015625 0.561864046875 0.22616059765625 0.557347904296875 0.203296830078125 0.54354341015625 0.1892966953125 0.52374618359375 0.175820859375 0.518541943359375 0.156595724609375 0.502695333984375 0.1365124609375 0.492785677734375 0.138274517578125 0.475507015625 0.1478372109375 0.4654083203125 0.15319330859375 0.45467790625 0.139819298828125 0.44605496484375 0.162043369140625 0.4350129453125 0.1853732265625 0.42818821484375 0.19938896875 0.419187873046875 0.228802919921875 0.41363893359375 0.2516521953125 0.41341687890625 0.260617703125 0.4208852890625 0.27696045703125 0.429463375 0.288734482421875 0.441847578125 0.303753021484375 0.45780499609375 0.319354013671875 0.4668381171875 0.3248255078125 0.47123252734375 0.340543060546875 0.485880462890625 0.3526801875 0.5038690703125 0.362735828125
2 0.71854543359375 0.20529588671875 0.726912626953125 0.19740698828125 0.7350028203125 0.18059717578125 0.735169408203125 0.153745291015625 0.723883875 0.122528619140625 0.712376728515625 0.10027648828125 0.708725361328125 0.098806724609375 0.697162431640625 0.09892420703125 0.69360014453125 0.109970232421875 0.6957303828125 0.128570162109375 0.70204465625 0.14322467578125 0.705706431640625 0.15632296875 0.699846876953125 0.1756219140625 0.70716001953125 0.19018996875 0.71854543359375 0.20529588671875
2 0.19741714453125 0.684754509765625 0.189249712890625 0.66042190234375 0.180516796875 0.64687220703125 0.17040725390625 0.640600744140625 0.16104119140625 0.6485761015625 0.15586973046875 0.664236416015625 0.1607296640625 0.685280890625 0.16646716796875 0.699091720703125 0.18041608203125 0.70323899609375 0.193932568359375 0.69668880859375 0.19741714453125 0.684754509765625
7 0.650487232421875 0.716542443359375 0.647583322265625 0.688418142578125 0.639917740234375 0.671745947265625 0.63304413671875 0.669193642578125 0.62709945703125 0.682326544921875 0.628194552734375 0.694843546875 0.6316949609375 0.709515595703125 0.635592287109375 0.729274255859375 0.645373658203125 0.749310033203125 0.67488219921875 0.848419037109375 0.696197693359375 0.909618224609375 0.714031828125 0.976639283203125 0.722831546875 0.97586940625 0.708751904296875 0.906154390625 0.687202326171875 0.847341166015625 0.659531466796875 0.759107826171875 0.650487232421875 0.716542443359375
2 0.499942126953125 0.835345021484375 0.51621187109375 0.85914722265625 0.527856888671875 0.860493900390625 0.52695726953125 0.84007609375 0.522205419921875 0.826302646484375 0.51302440234375 0.81764673828125 0.498677384765625 0.805973111328125 0.494574296875 0.814530876953125 0.499942126953125 0.835345021484375
7 0.917586423828125 0.34068853125 0.949005357421875 0.264088333984375 0.963334283203125 0.259372466796875 0.969595921875 0.238358802734375 0.96069252734375 0.21943034765625 0.9495985859375 0.224191291015625 0.940018771484375 0.24625276953125 0.911739001953125 0.317703294921875 0.89057628515625 0.4120279765625 0.896470974609375 0.41606012109375 0.9049790703125 0.39636587109375 0.917586423828125 0.34068853125
7 0.79092247265625 0.1619534375 0.803507806640625 0.176802875 0.8224111953125 0.191099552734375 0.84599191796875 0.19932658984375 0.851467599609375 0.195760783203125 0.846425896484375 0.191056369140625 0.824835765625 0.18574192578125 0.80394178515625 0.168532654296875 0.7854212421875 0.1387659609375 0.755221966796875 0.0945863671875 0.713720333984375 0.06014184375 0.683080931640625 0.04069751171875 0.66270975 0.016239166015625 0.652058404296875 0.013569369140625 0.64922331640625 0.028499203125 0.652990392578125 0.04075733984375 0.676111951171875 0.0536560625 0.680285931640625 0.051747048828125 0.692398806640625 0.05789157421875 0.71320344921875 0.074079748046875 0.734519431640625 0.092795935546875 0.7512587890625 0.1088248515625 0.774706349609375 0.1386744765625 0.79092247265625 0.1619534375
6 0.71162684765625 0.141502423828125 0.718242369140625 0.097504716796875 0.710692056640625 0.0795565078125 0.699911498046875 0.144299869140625 0.688690935546875 0.186928912109375 0.667205998046875 0.237544052734375 0.671415564453125 0.26287355078125 0.696955771484375 0.195953109375 0.71162684765625 0.141502423828125
7 0.2509536328125 0.2808255 0.253189923828125 0.300565896484375 0.259540390625 0.309072564453125 0.266317455078125 0.316634755859375 0.2770170234375 0.316604890625 0.287951779296875 0.310992544921875 0.295775333984375 0.3213073359375 0.30059653125 0.31816685546875 0.31090269140625 0.313640279296875 0.310273314453125 0.306446462890625 0.308587716796875 0.2930005390625 0.3018100546875 0.285437470703125 0.28997574609375 0.278317734375 0.2712961171875 0.274514630859375 0.257135107421875 0.27575355859375 0.2509536328125 0.2808255
7 0.73893521484375 0.715639515625 0.73334564453125 0.705396033203125 0.697710658203125 0.7234204140625 0.6793087890625 0.723837869140625 0.63423915234375 0.699160931640625 0.586389650390625 0.684863923828125 0.561148923828125 0.679917197265625 0.5519809453125 0.674756787109375 0.542406599609375 0.672612716796875 0.533194681640625 0.67461115625 0.529779404296875 0.68921996484375 0.5315840078125 0.70217958984375 0.5383710546875 0.70695158984375 0.5504696953125 0.70016295703125 0.5576598671875 0.69751324609375 0.568024888671875 0.697203140625 0.59776799609375 0.6999667421875 0.634431525390625 0.712857396484375 0.664781240234375 0.73405215625 0.681423923828125 0.740346900390625 0.70069025 0.73448802734375 0.7284740078125 0.7225172578125 0.73893521484375 0.715639515625
7 0.71644225 0.61564997265625 0.6896796875 0.65078469921875 0.657164419921875 0.6661502109375 0.630755974609375 0.670845650390625 0.590847572265625 0.6898396953125 0.558340173828125 0.712956236328125 0.551375810546875 0.709988037109375 0.54007159765625 0.718727818359375 0.529921005859375 0.72915588671875 0.527733046875 0.74246481640625 0.532324345703125 0.75279563671875 0.54016147265625 0.75807248046875 0.551569138671875 0.75051522265625 0.558695654296875 0.7366980078125 0.56185994140625 0.726361591796875 0.580682794921875 0.711597296875 0.60723144921875 0.693176294921875 0.625011576171875 0.685658232421875 0.6547474140625 0.680671681640625 0.684371927734375 0.666751580078125 0.705796892578125 0.643412123046875 0.717551326171875 0.624496232421875 0.71644225 0.61564997265625
7 0.59021120703125 0.667237853515625 0.570782783203125 0.69040263671875 0.559463951171875 0.71047291796875 0.546644818359375 0.74021446484375 0.531866689453125 0.78205148046875 0.52299617578125 0.818602576171875 0.513615244140625 0.856986609375 0.507693525390625 0.87360298828125 0.5020526640625 0.88959901171875 0.5024526328125 0.905662314453125 0.504049640625 0.9162551015625 0.50929883984375 0.918777572265625 0.513172705078125 0.9157748125 0.519153439453125 0.89346867578125 0.52211753515625 0.862205259765625 0.5305519296875 0.8244998203125 0.537478748046875 0.78871549609375 0.55935358203125 0.7283700859375 0.573917720703125 0.703245873046875 0.596946525390625 0.67141859375 0.60669766796875 0.644927177734375 0.60262405859375 0.640513568359375 0.59021120703125 0.667237853515625
6 0.005584173828125 0.585657873046875 0.0068437578125 0.597073013671875 0.031050171875 0.58983295703125 0.06606174609375 0.586769841796875 0.091491162109375 0.593508794921875 0.1176754921875 0.61298783984375 0.12201007421875 0.60492474609375 0.11135522265625 0.58600824609375 0.091141732421875 0.573051216796875 0.0539779765625 0.56797835546875 0.026881564453125 0.570989384765625 0.005584173828125 0.585657873046875
1 0.305310423828125 0.296218791015625 0.3026891796875 0.29191234375 0.299836056640625 0.289622666015625 0.297317853515625 0.28766525 0.292162037109375 0.28821205859375 0.288145220703125 0.291284021484375 0.28830274609375 0.293084552734375 0.28807798046875 0.29401137109375 0.288258978515625 0.296080181640625 0.28546511328125 0.298543380859375 0.288927001953125 0.302550423828125 0.290869103515625 0.304920734375 0.293958515625 0.309911205078125 0.296625103515625 0.312399376953125 0.299111234375 0.3139961796875 0.3021715234375 0.31282128125 0.3044758515625 0.3111687890625 0.305866611328125 0.307237244140625 0.306649798828125 0.30335885546875 0.3063886328125 0.29920841796875 0.305310423828125 0.296218791015625
1 0.3007441328125 0.310501677734375 0.3037323359375 0.307337529296875 0.30477227734375 0.302892013671875 0.303761828125 0.297174990234375 0.302427302734375 0.294751525390625 0.30072868359375 0.29399298046875 0.29706511328125 0.29177420703125 0.295093923828125 0.291402 0.2927109140625 0.292155150390625 0.288258978515625 0.296080181640625 0.288361560546875 0.297252693359375 0.288885560546875 0.299746142578125 0.293440283203125 0.305153080078125 0.2949928984375 0.3077387109375 0.297776400390625 0.310397900390625 0.3007441328125 0.310501677734375
1 0.5887173359375 0.617659951171875 0.587356474609375 0.61528805078125 0.583726826171875 0.614287625 0.582265677734375 0.612657845703125 0.580139943359375 0.612843822265625 0.578027478515625 0.61317549609375 0.5759850390625 0.615257724609375 0.5729690859375 0.61845125390625 0.570344115234375 0.6223429921875 0.56627450390625 0.62855837109375 0.563750779296875 0.6336133046875 0.562724455078125 0.63883001171875 0.564454005859375 0.63882462109375 0.56610729296875 0.6379475625 0.568814240234375 0.634048650390625 0.570849046875 0.6309409609375 0.57226635546875 0.626422462890625 0.57303834375 0.624890087890625 0.57682819921875 0.62206848828125 0.580134775390625 0.6203143671875 0.584057533203125 0.618067630859375 0.585434265625 0.617800328125 0.587349470703125 0.620855216796875 0.58797591796875 0.62519491015625 0.587518056640625 0.6265529453125 0.58618652734375 0.628281126953125 0.582725462890625 0.632978431640625 0.578454240234375 0.638771814453125 0.577694923828125 0.64044900390625 0.579596939453125 0.64335912109375 0.581807935546875 0.64038287109375 0.58660808203125 0.634981921875 0.588083345703125 0.63207004296875 0.589627837890625 0.629005248046875 0.5898511171875 0.625910123046875 0.590016361328125 0.621207455078125 0.5887173359375 0.617659951171875
7 0.927129923828125 0.483361712890625 0.925635423828125 0.475273224609375 0.924639767578125 0.470639591796875 0.921922271484375 0.46318325 0.92073787890625 0.4575158359375 0.918638294921875 0.452628376953125 0.916584224609375 0.448261150390625 0.914847294921875 0.445265951171875 0.91294732421875 0.44490703125 0.912001271484375 0.445340208984375 0.90609964453125 0.429593720703125 0.898126994140625 0.407033291015625 0.893095126953125 0.389987537109375 0.883732353515625 0.363908021484375 0.871540548828125 0.324603447265625 0.862640564453125 0.29257298828125 0.851696953125 0.256288712890625 0.84323108984375 0.226973341796875 0.830368876953125 0.19237008984375 0.824970541015625 0.18462314453125 0.817011353515625 0.163346052734375 0.81592259765625 0.163265638671875 0.815903294921875 0.166415416015625 0.81929768359375 0.17486190234375 0.82363939453125 0.18514856640625 0.827686767578125 0.1931884453125 0.832252203125 0.201532478515625 0.837153958984375 0.2159676015625 0.843292056640625 0.235540443359375 0.8520937109375 0.26869393359375 0.86541595703125 0.310802318359375 0.8767507421875 0.352681193359375 0.882155908203125 0.36724701171875 0.889146525390625 0.3886999296875 0.901030267578125 0.42110695703125 0.9051271640625 0.43421272265625 0.909332427734375 0.44804780078125 0.907403458984375 0.450113728515625 0.9079868984375 0.455658978515625 0.90973065625 0.465473048828125 0.9123009609375 0.4757408828125 0.9153221328125 0.4866682265625 0.917616802734375 0.4915386171875 0.920223931640625 0.49323358203125 0.922980630859375 0.494391244140625 0.925576794921875 0.492590529296875 0.927006044921875 0.487569076171875 0.927129923828125 0.483361712890625