2 0.975759498046875 0.4405623359375 0.985956736328125 0.449372412109375 0.991464064453125 0.44711265234375 0.99569330859375 0.442139544921875 0.99291664453125 0.425889130859375 0.986636046875 0.41275951953125 0.977334078125 0.409687166015625 0.971895544921875 0.423588611328125 0.975759498046875 0.4405623359375
7 0.924538837890625 0.412728328125 0.965924810546875 0.438317546875 0.972497759765625 0.4383933203125 0.973103998046875 0.421667470703125 0.924541185546875 0.3952121640625 0.83780266796875 0.356605337890625 0.829468625 0.342887265625 0.809898302734375 0.333376703125 0.802164576171875 0.344973294921875 0.802886025390625 0.371146119140625 0.828860041015625 0.37712927734375 0.845773607421875 0.378255771484375 0.8787534296875 0.3920127109375 0.924538837890625 0.412728328125
7 0.69581988671875 0.728100330078125 0.7117745390625 0.724394734375 0.718420560546875 0.715578431640625 0.7143162109375 0.68988104296875 0.706705998046875 0.681317021484375 0.69281267578125 0.6806412421875 0.68568351171875 0.689526380859375 0.672394755859375 0.68613915234375 0.66152042578125 0.69642488671875 0.655718947265625 0.714757 0.65825412109375 0.7292891171875 0.661876162109375 0.748048142578125 0.671781474609375 0.7554134921875 0.68277651953125 0.749489513671875 0.691596052734375 0.745622587890625 0.69581988671875 0.728100330078125
2 0.919178150390625 0.92853773046875 0.924206310546875 0.939132724609375 0.933537994140625 0.94304896875 0.941269822265625 0.94196233203125 0.941044630859375 0.933346865234375 0.93875069140625 0.920531212890625 0.93138290234375 0.91018181640625 0.92171747265625 0.911540203125 0.919178150390625 0.92853773046875
2 0.397972734375 0.084682611328125 0.4068382890625 0.07158144921875 0.41211240625 0.04853892578125 0.40535075390625 0.017960154296875 0.390983759765625 0.010407447265625 0.368986228515625 0.01869212890625 0.364151583984375 0.03338388671875 0.36849742578125 0.060799576171875 0.381301078125 0.08177081640625 0.397972734375 0.084682611328125
6 0.433243603515625 0.132274048828125 0.431791537109375 0.15349749609375 0.4408511796875 0.16185875 0.4400076015625 0.145336658203125 0.43832057421875 0.112293390625 0.443156474609375 0.087090833984375 0.44001898828125 0.05425048046875 0.4223841015625 0.026952078125 0.403055978515625 0.012151703125 0.38711758984375 0.010950802734375 0.3808260078125 0.015275921875 0.40039645703125 0.0247873984375 0.417670619140625 0.03899938671875 0.43240748828125 0.0596998671875 0.434941697265625 0.081238265625 0.43046887109375 0.1020110703125 0.433243603515625 0.132274048828125
7 0.26335486328125 0.43266451953125 0.276656662109375 0.445215970703125 0.28401927734375 0.45890413671875 0.295737056640625 0.46513957421875 0.309026779296875 0.461520521484375 0.3103576484375 0.446444134765625 0.3009369921875 0.428500984375 0.278949767578125 0.422832705078125 0.2434338046875 0.4015499296875 0.21999856640625 0.38207192578125 0.19197721875 0.32645548828125 0.16697238671875 0.2993158125 0.134838908203125 0.281061201171875 0.130004390625 0.295753875 0.151024109375 0.30856427734375 0.169265361328125 0.319137744140625 0.187746173828125 0.34544207421875 0.211782115234375 0.39023375390625 0.23400835546875 0.415135578125 0.26335486328125 0.43266451953125
2 0.122754451171875 0.307282474609375 0.125045109375 0.319240234375 0.127562880859375 0.333712150390625 0.135077298828125 0.342204546875 0.145381287109375 0.34805803125 0.154097482421875 0.34486669140625 0.1569258046875 0.341380806640625 0.164132099609375 0.335312345703125 0.153985462890625 0.314834453125 0.149609490234375 0.299441818359375 0.14554373046875 0.287375419921875 0.14178501953125 0.2966096953125 0.1379097265625 0.306140861328125 0.1298135546875 0.303628365234375 0.122754451171875 0.307282474609375
7 0.095760505859375 0.343721708984375 0.09927402734375 0.354111611328125 0.111831544921875 0.362467484375 0.120325318359375 0.357753390625 0.12681678515625 0.354640958984375 0.13858575 0.360907541015625 0.150658529296875 0.360530142578125 0.159879884765625 0.359234166015625 0.163277275390625 0.35347660546875 0.1601233125 0.346880056640625 0.14993144921875 0.344792060546875 0.139860734375 0.34180717578125 0.128759060546875 0.3367670703125 0.1208119140625 0.333043341796875 0.11128755078125 0.323381328125 0.102551578125 0.319329 0.09278435546875 0.31674092578125 0.084412521484375 0.318797369140625 0.07525101953125 0.327566072265625 0.065422779296875 0.331586919921875 0.049164267578125 0.32683209765625 0.03169311328125 0.31696667578125 0.014888732421875 0.308327802734375 0.013796189453125 0.31816166796875 0.028355611328125 0.326675654296875 0.04461408984375 0.33495178515625 0.061843107421875 0.343090583984375 0.073976197265625 0.343146044921875 0.08289449609375 0.336172171875 0.090053931640625 0.33076575 0.09575668359375 0.329084419921875 0.095695263671875 0.337453115234375 0.095760505859375 0.343721708984375
2 0.58607772265625 0.805520451171875 0.592314455078125 0.801778083984375 0.59219965234375 0.791418240234375 0.585489923828125 0.77696042578125 0.57794599609375 0.776057099609375 0.571080046875 0.78592442578125 0.573302927734375 0.798893123046875 0.579413837890625 0.804284935546875 0.58607772265625 0.805520451171875
1 0.683483591796875 0.712378091796875 0.688797953125 0.71413426953125 0.689074310546875 0.712092603515625 0.677480080078125 0.6836834375 0.667886357421875 0.68953763671875 0.660914810546875 0.704035087890625 0.66132817578125 0.723001021484375 0.6642953203125 0.73409885546875 0.672646501953125 0.735428236328125 0.6785823203125 0.73759825 0.6849318984375 0.736705875 0.689004361328125 0.731627638671875 0.689970966796875 0.72448283984375 0.683483591796875 0.712378091796875
4 0.688882455078125 0.738570505859375 0.689695849609375 0.73334440625 0.688503732421875 0.72171473046875 0.686735599609375 0.707709455078125 0.6850348359375 0.70804596484375 0.684834486328125 0.70787173046875 0.686212193359375 0.72367305859375 0.68741946484375 0.7250134765625 0.686877201171875 0.729021466796875 0.686714759765625 0.7294371171875 0.686714830078125 0.729437931640625 0.6863353203125 0.736175767578125 0.68384191796875 0.740457974609375 0.677499849609375 0.7441020078125 0.66611763671875 0.741769892578125 0.66346161328125 0.73388502734375 0.664275009765625 0.728658927734375 0.6643110234375 0.728575509765625 0.663407880859375 0.727208080078125 0.66316717578125 0.726243904296875 0.662052869140625 0.731723943359375 0.6633534921875 0.740978365234375 0.66660538671875 0.7452404140625 0.679667994140625 0.746943658203125 0.688882455078125 0.738570505859375
4 0.663245912109375 0.705603703125 0.66151100390625 0.712139314453125 0.661890376953125 0.72112956640625 0.66316717578125 0.726243904296875 0.664275271484375 0.720794390625 0.66527232421875 0.7203162109375 0.66389602734375 0.7133768359375 0.666226546875 0.706363869140625 0.670129599609375 0.69795083203125 0.67208099609375 0.697676580078125 0.67229774609375 0.69607340625 0.67273098828125 0.696012517578125 0.6809159453125 0.697614912109375 0.68259373046875 0.6996362890625 0.6813491875 0.697554025390625 0.67495364453125 0.692947427734375 0.670888357421875 0.69233969921875 0.6654680546875 0.69781961328125 0.663245912109375 0.705603703125
4 0.67506175390625 0.706302166015625 0.674519625 0.70087292578125 0.676471279296875 0.700598638671875 0.684834486328125 0.70787173046875 0.6845470859375 0.70457544140625 0.681240810546875 0.70150197265625 0.6727311171875 0.697585212890625 0.67208099609375 0.697676580078125 0.671647365234375 0.700883884765625 0.67208086328125 0.70396838671875 0.67148434765625 0.706018580078125 0.673381359375 0.71165011328125 0.6828124296875 0.72369459375 0.68091528515625 0.727500291015625 0.670345560546875 0.727805767578125 0.66617215625 0.724853228515625 0.666092134765625 0.724449748046875 0.6643110234375 0.728575509765625 0.66649727734375 0.7318856796875 0.670996064453125 0.734006130859375 0.6780965 0.732614583984375 0.681782154296875 0.732096599609375 0.683950427734375 0.731791869140625 0.6860640625 0.73110210546875 0.686714759765625 0.7294371171875 0.686212193359375 0.72367305859375 0.6811320390625 0.718032615234375 0.67506175390625 0.706302166015625
4 0.675386484375 0.71962645703125 0.67397761328125 0.71746445703125 0.6700748203125 0.718012958984375 0.66527232421875 0.7203162109375 0.666092134765625 0.724449748046875 0.666443416015625 0.7236360390625 0.670291826171875 0.7211288203125 0.675386484375 0.71962645703125
8 0.281291296875 0.438640294921875 0.2823507265625 0.43790046484375 0.2806802890625 0.43192759375 0.277217568359375 0.430936908203125 0.27399872265625 0.429320076171875 0.273020833984375 0.4294575078125 0.272043392578125 0.431959560546875 0.27192106640625 0.4346368984375 0.273713185546875 0.437931583984375 0.276076369140625 0.438190396484375 0.278928626953125 0.43838141015625 0.281291296875 0.438640294921875
4 0.12502566796875 0.348561626953125 0.15970412109375 0.357904951171875 0.160548876953125 0.355487935546875 0.1601509453125 0.352656501953125 0.158479685546875 0.34884833203125 0.149922447265625 0.349185140625 0.13838009765625 0.3467651953125 0.121186361328125 0.337631248046875 0.10904758984375 0.325189369140625 0.09754569921875 0.318431765625 0.08922724609375 0.3204676171875 0.082421388671875 0.3240225546875 0.077525603515625 0.32961949609375 0.06853072265625 0.334925759765625 0.061067091796875 0.335974705078125 0.045863291015625 0.328294626953125 0.02334720703125 0.317310248046875 0.0218747890625 0.319538708984375 0.0442823515625 0.3299604921875 0.0609187265625 0.3385939921875 0.06692873046875 0.338616109375 0.0726203125 0.33637253125 0.078391333984375 0.33238518359375 0.082769158203125 0.330037318359375 0.088620140625 0.3243061328125 0.094550439453125 0.32145209375 0.103465791015625 0.323663392578125 0.116878337890625 0.334772431640625 0.131046984375 0.34433059375 0.139365380859375 0.34922516015625 0.153215697265625 0.350743830078125 0.15775325 0.35183778515625 0.15628031640625 0.354066318359375 0.126032416015625 0.34561319140625 0.12502566796875 0.348561626953125