2 0.580213388671875 0.75023262109375 0.5816591328125 0.75983909375 0.587145123046875 0.76891364453125 0.589517814453125 0.76225655859375 0.5937708359375 0.75413859765625 0.59488919140625 0.740834943359375 0.5934434453125 0.731228470703125 0.588007236328125 0.723920494140625 0.57717241015625 0.725720869140625 0.571813880859375 0.7324918984375 0.57203253125 0.74776506640625 0.580213388671875 0.75023262109375
7 0.461216927734375 0.67101719921875 0.486712505859375 0.632856130859375 0.485678802734375 0.622729001953125 0.478531650390625 0.630388576171875 0.467683974609375 0.64683953515625 0.442079146484375 0.6773635625 0.424690267578125 0.685159697265625 0.407151533203125 0.68765602734375 0.3795831875 0.682703712890625 0.362850181640625 0.67595110546875 0.347403375 0.66940127734375 0.330620076171875 0.660882015625 0.329264861328125 0.65070396484375 0.31978840625 0.64392791015625 0.309899765625 0.63767342578125 0.301456498046875 0.641024419921875 0.296610234375 0.650807107421875 0.293309419921875 0.67372850390625 0.314223638671875 0.681143349609375 0.32744136328125 0.6767898671875 0.35622395703125 0.6907260703125 0.38422306640625 0.703366349609375 0.40520908984375 0.702000994140625 0.4269692734375 0.69782866796875 0.442147794921875 0.68733784375 0.461216927734375 0.67101719921875
2 0.313489974609375 0 0.308135326171875 0.0122351875 0.315093408203125 0.0192001640625 0.3257613671875 0.018936119140625 0.332129716796875 0.0134303046875 0.336454115234375 0.006949216796875 0.337157517578125 0 0.313489974609375 0
2 0.7791767265625 0.14971677734375 0.785332203125 0.16135633984375 0.795486244140625 0.163980796875 0.803151974609375 0.157068958984375 0.80667993359375 0.1510251484375 0.808006111328125 0.139046240234375 0.805029646484375 0.125370580078125 0.7924456484375 0.1218540859375 0.7827079453125 0.127421541015625 0.77855170703125 0.137428826171875 0.7791767265625 0.14971677734375
7 0.744530876953125 0.105122947265625 0.75294240234375 0.11153440234375 0.758567453125 0.117503583984375 0.768321904296875 0.119048537109375 0.77564603125 0.119700458984375 0.779477267578125 0.124370251953125 0.78704514453125 0.12709226953125 0.7984280234375 0.127371755859375 0.805709224609375 0.1264934921875 0.809735140625 0.11189541015625 0.809746259765625 0.099200107421875 0.800898390625 0.0937357578125 0.789523740234375 0.097013392578125 0.77592759375 0.10349311328125 0.75880608984375 0.099766056640625 0.728754017578125 0.080277720703125 0.69422396484375 0.069222326171875 0.67121445703125 0.0665932578125 0.64958005078125 0.0733241640625 0.6249224765625 0.08110057421875 0.624137841796875 0.086054564453125 0.638186052734375 0.085739982421875 0.6623720703125 0.08093753125 0.682264474609375 0.07799369921875 0.695441169921875 0.079572576171875 0.707868666015625 0.084080498046875 0.722647095703125 0.089976048828125 0.732652640625 0.097147140625 0.744530876953125 0.105122947265625
7 0.593333310546875 0.085746697265625 0.608225830078125 0.08912071875 0.61832871484375 0.086657873046875 0.628239521484375 0.087212314453125 0.629573560546875 0.078789525390625 0.618870115234375 0.0796338671875 0.60672980859375 0.07872630859375 0.58717012109375 0.070550095703125 0.565424373046875 0.063551029296875 0.544742220703125 0.05164122265625 0.542574994140625 0.043680103515625 0.537672447265625 0.040364015625 0.5331267109375 0.0365963359375 0.522894017578125 0.03446846484375 0.516127154296875 0.03390387109375 0.51172716796875 0.04184105859375 0.511324173828125 0.05701389453125 0.520293474609375 0.06351275390625 0.532842404296875 0.069055185546875 0.540429115234375 0.06263894140625 0.551027357421875 0.067872416015625 0.57273789453125 0.076898333984375 0.593333310546875 0.085746697265625
5 0.5111534375 0.086951130859375 0.5158317265625 0.079058021484375 0.520580150390625 0.067113037109375 0.52167029296875 0.056621064453125 0.526018611328125 0.043596494140625 0.5206562890625 0.03055823046875 0.514027314453125 0.038142380859375 0.506369958984375 0.048610423828125 0.497414142578125 0.065475392578125 0.496261064453125 0.083576197265625 0.49977841796875 0.09022776953125 0.505630984375 0.091154724609375 0.5111534375 0.086951130859375
2 0.289551978515625 0.500358083984375 0.29822194921875 0.497912966796875 0.30324551171875 0.48943800390625 0.311215484375 0.47979288671875 0.30977759765625 0.467566498046875 0.301313892578125 0.4667715859375 0.29626393359375 0.463790263671875 0.28883780078125 0.468067328125 0.2844673125 0.482100853515625 0.28543786328125 0.495343498046875 0.289551978515625 0.500358083984375
2 0.335135833984375 0.549571724609375 0.346022865234375 0.54475159765625 0.34958830078125 0.533863265625 0.356091033203125 0.517986904296875 0.35397005859375 0.506197931640625 0.34384990234375 0.510048306640625 0.332196 0.51583818359375 0.323235236328125 0.52205367578125 0.321082462890625 0.533711359375 0.325542091796875 0.54041655078125 0.330086390625 0.546590484375 0.335135833984375 0.549571724609375
6 0.32861912109375 0 0.328964466796875 0.015216396484375 0.3260910859375 0.02948610546875 0.32011960546875 0.053627888671875 0.30574002734375 0.082436814453125 0.2912761484375 0.111777998046875 0.280255224609375 0.132938541015625 0.271617146484375 0.168110083984375 0.2700215078125 0.19948939453125 0.27385661328125 0.194642626953125 0.276123263671875 0.176459455078125 0.278950666015625 0.1605456484375 0.28412555078125 0.143367763671875 0.294416751953125 0.121001369140625 0.30391238671875 0.105599037109375 0.318890236328125 0.0768848671875 0.32934158203125 0.049635255859375 0.336277603515625 0.017465896484375 0.336237845703125 0 0.32861912109375 0
2 0.219210849609375 0.4265193046875 0.20972460546875 0.389567427734375 0.199479943359375 0.357404009765625 0.188093830078125 0.33051305078125 0.17194522265625 0.314320833984375 0.15167353125 0.28929523828125 0.135719630859375 0.28349662890625 0.11907983203125 0.295585947265625 0.104897548828125 0.3173360546875 0.08532030859375 0.334414318359375 0.06833448046875 0.344812951171875 0.066608564453125 0.375080416015625 0.072886671875 0.410979505859375 0.075745822265625 0.427793037109375 0.07237523828125 0.4490740625 0.07605606640625 0.470381646484375 0.085890783203125 0.491572701171875 0.095063166015625 0.50338823046875 0.106115837890625 0.514955025390625 0.120059171875 0.51989052734375 0.136684599609375 0.538885359375 0.15766755859375 0.557479146484375 0.174199861328125 0.573186529296875 0.200884115234375 0.561596880859375 0.2168240625 0.5423066484375 0.22964928515625 0.52524924609375 0.233057533203125 0.501792697265625 0.230695587890625 0.47796784765625 0.22672382421875 0.460431552734375 0.223051822265625 0.442943673828125 0.219210849609375 0.4265193046875
7 0.785465732421875 0.492634515625 0.791277126953125 0.455942810546875 0.788144412109375 0.4539110625 0.78133542578125 0.475093734375 0.765255294921875 0.519370591796875 0.743740373046875 0.554342890625 0.714222599609375 0.588047662109375 0.70267808984375 0.59005718359375 0.693963609375 0.593282724609375 0.680022736328125 0.59951848046875 0.677401107421875 0.610617232421875 0.674673208984375 0.62784050390625 0.685702130859375 0.63726330078125 0.699025650390625 0.624021568359375 0.723750845703125 0.598768345703125 0.75193977734375 0.562549748046875 0.771597767578125 0.53112133203125 0.785465732421875 0.492634515625
2 0.75329398046875 0.496750568359375 0.755911103515625 0.510214630859375 0.76494076953125 0.51317942578125 0.773773732421875 0.50920580078125 0.77952770703125 0.500137796875 0.78154397265625 0.487407591796875 0.77687387109375 0.4705481640625 0.760630916015625 0.469511103515625 0.754152953125 0.47769665234375 0.75329398046875 0.496750568359375
7 0.527127427734375 0.550738712890625 0.53888883984375 0.511918251953125 0.53769084375 0.514031865234375 0.55097765234375 0.484664560546875 0.564501720703125 0.45379926171875 0.58749296875 0.406779025390625 0.603123076171875 0.376247291015625 0.60008449609375 0.3627174140625 0.575302392578125 0.415594419921875 0.543502384765625 0.477339244140625 0.515938662109375 0.550502158203125 0.4948360390625 0.63466681640625 0.484718798828125 0.6821905234375 0.48770365625 0.698783037109375 0.4992893828125 0.68833626953125 0.501927365234375 0.658050142578125 0.50854030859375 0.62992822265625 0.51323075390625 0.603037380859375 0.527127427734375 0.550738712890625
6 0.693774078125 0.3245913359375 0.7075844765625 0.31372913671875 0.714417669921875 0.3032974296875 0.711195552734375 0.288202912109375 0.7004524453125 0.298783134765625 0.674570103515625 0.317711732421875 0.65047462109375 0.355346455078125 0.61424228515625 0.3987339375 0.60002308203125 0.414904013671875 0.57315513671875 0.423698099609375 0.54953853515625 0.43377493359375 0.5252104453125 0.448343921875 0.506583119140625 0.456907623046875 0.50794881640625 0.475546103515625 0.527234564453125 0.465552052734375 0.56693915234375 0.44113669921875 0.594714771484375 0.434788796875 0.623901005859375 0.414081064453125 0.641952337890625 0.390073228515625 0.661373068359375 0.360142806640625 0.678712767578125 0.340628037109375 0.693774078125 0.3245913359375
6 0.8759197421875 0.276254908203125 0.8844980546875 0.2919577734375 0.88305066796875 0.29090824609375 0.88852387109375 0.297103681640625 0.89246104296875 0.291169681640625 0.8878319921875 0.27527297265625 0.874701701171875 0.249013234375 0.84522637890625 0.2095094375 0.82015746484375 0.17275191796875 0.8061749609375 0.153324462890625 0.7965898203125 0.146888369140625 0.792751369140625 0.1536573515625 0.800135484375 0.166712095703125 0.815045732421875 0.184646861328125 0.832385875 0.211983984375 0.845595396484375 0.230468728515625 0.860420037109375 0.253308826171875 0.8759197421875 0.276254908203125
8 0.779303626953125 0.1109303984375 0.776099751953125 0.108036162109375 0.77163687890625 0.1080502265625 0.7677168828125 0.111035798828125 0.769533197265625 0.114929912109375 0.774366939453125 0.116416412109375 0.779312068359375 0.11719964453125 0.779303626953125 0.1109303984375
7 0.773205947265625 0.294867939453125 0.773348623046875 0.29768606640625 0.773942115234375 0.300489744140625 0.7695937421875 0.30014187109375 0.764676423828125 0.303904138671875 0.76246626953125 0.3066983515625 0.759818328125 0.309772900390625 0.72453108203125 0.3279393828125 0.701771998046875 0.3438987109375 0.687948328125 0.354285384765625 0.676831818359375 0.363704005859375 0.66178563671875 0.37809034765625 0.653381259765625 0.388986615234375 0.6422108671875 0.398745439453125 0.627831560546875 0.405202369140625 0.615351943359375 0.4046226171875 0.608891197265625 0.403250599609375 0.6068185234375 0.40641532421875 0.614213548828125 0.409333083984375 0.627812443359375 0.40904201953125 0.638281197265625 0.40371316015625 0.644623724609375 0.4008741015625 0.654266625 0.39331826171875 0.665210373046875 0.380029599609375 0.69594653515625 0.352152919921875 0.716490123046875 0.336541103515625 0.74210504296875 0.324877712890625 0.758940267578125 0.315316759765625 0.764683583984375 0.313780556640625 0.766491744140625 0.31476629296875 0.769684353515625 0.310729921875 0.77072069140625 0.30914755859375 0.77539276171875 0.3056951875 0.775619548828125 0.309224111328125 0.77854750390625 0.309339115234375 0.79014153125 0.30558530859375 0.796262607421875 0.3016640234375 0.800604802734375 0.297810666015625 0.802672138671875 0.2921992421875 0.803211982421875 0.288790802734375 0.80407555859375 0.283338396484375 0.8046694296875 0.279588837890625 0.801269294921875 0.276255720703125 0.79327735546875 0.2760380078125 0.783221271484375 0.28248031640625 0.77713547265625 0.2899011328125 0.773205947265625 0.294867939453125
8 0.76631730859375 0.303465615234375 0.764161029296875 0.308243603515625 0.76395069921875 0.309728052734375 0.76453064453125 0.31226576171875 0.7671293828125 0.3119789453125 0.769040263671875 0.30983574609375 0.77103496484375 0.308405173828125 0.773903697265625 0.30641368359375 0.774060154296875 0.302945458984375 0.772935025390625 0.301369490234375 0.77074347265625 0.300323970703125 0.76631730859375 0.303465615234375
7 0.90726615234375 0.326105646484375 0.89787379296875 0.336134833984375 0.89729239453125 0.33871359375 0.897754064453125 0.344192154296875 0.8958775859375 0.34524583984375 0.88245880859375 0.355619771484375 0.866584447265625 0.36830655859375 0.857069384765625 0.37321742578125 0.845140724609375 0.375381720703125 0.837614498046875 0.37013607421875 0.826609703125 0.3592724609375 0.822760751953125 0.3535958359375 0.818245830078125 0.346124412109375 0.812815478515625 0.3432375234375 0.808235259765625 0.342174599609375 0.806155509765625 0.3469122109375 0.815077947265625 0.3493387890625 0.819159296875 0.352349505859375 0.82227801171875 0.36264 0.83436585546875 0.37266174609375 0.837340478515625 0.37786240625 0.843802251953125 0.380236740234375 0.85139362890625 0.379074802734375 0.860965916015625 0.376199806640625 0.876052443359375 0.36609001953125 0.89055412890625 0.354875138671875 0.897816880859375 0.348593201171875 0.897399287109375 0.35122978125 0.8982499375 0.353053828125 0.90444016796875 0.352344947265625 0.91229255859375 0.349535033203125 0.92357929296875 0.344228859375 0.9254452421875 0.338443978515625 0.92648915234375 0.33185298828125 0.92573734375 0.327004390625 0.924725033203125 0.323803849609375 0.921807119140625 0.3206389765625 0.914928267578125 0.320901302734375 0.91090922265625 0.322291552734375 0.90726615234375 0.326105646484375
7 0.894329861328125 0.37540371875 0.891516896484375 0.371579556640625 0.88985459375 0.37368150390625 0.8880720234375 0.369344625 0.877205595703125 0.33722147265625 0.870608828125 0.32131309765625 0.861516677734375 0.30196928515625 0.8445800625 0.276991931640625 0.817468521484375 0.257495908203125 0.803624095703125 0.2549656796875 0.79009842578125 0.252823423828125 0.77094369140625 0.25384322265625 0.7505021171875 0.259388728515625 0.74736284765625 0.26362104296875 0.749534029296875 0.264302412109375 0.75709679296875 0.262122541015625 0.77661189453125 0.256430294921875 0.794788009765625 0.255592986328125 0.813663791015625 0.2599335078125 0.8227242109375 0.265084658203125 0.83059220703125 0.26937103515625 0.841782708984375 0.28026405859375 0.851895091796875 0.2943649609375 0.858158154296875 0.30278823828125 0.866931552734375 0.321744078125 0.87624803515625 0.34686634765625 0.886790630859375 0.376236427734375 0.886777626953125 0.38231478515625 0.888119216796875 0.3906344921875 0.8900107890625 0.396677015625 0.889499435546875 0.40470324609375 0.895206923828125 0.413038529296875 0.899468388671875 0.413713478515625 0.9032731171875 0.411275880859375 0.90595616796875 0.4039311015625 0.906386619140625 0.39521708203125 0.90395704296875 0.385373224609375 0.89987569140625 0.382362509765625 0.897756798828125 0.381350994140625 0.894329861328125 0.37540371875
7 0.743922015625 0.41283841015625 0.74675996875 0.4193514375 0.73654694921875 0.46377758203125 0.726278638671875 0.492145521484375 0.721028119140625 0.504873453125 0.707436232421875 0.5294282265625 0.6904380859375 0.541938900390625 0.661657470703125 0.552994021484375 0.64513231640625 0.561060076171875 0.636523890625 0.568736638671875 0.628730931640625 0.581472498046875 0.607403431640625 0.615484515625 0.61184095703125 0.613722748046875 0.61962862109375 0.59956203515625 0.6378136640625 0.570804603515625 0.66002371484375 0.55747603515625 0.684753994140625 0.548654615234375 0.704872095703125 0.535406263671875 0.71487759765625 0.523287076171875 0.732599150390625 0.488702994140625 0.74485799609375 0.443392482421875 0.750117873046875 0.42039419921875 0.752146236328125 0.420715458984375 0.75548541015625 0.417135412109375 0.759361015625 0.40871018359375 0.760383583984375 0.405173833984375 0.7623516171875 0.3927481640625 0.76297972265625 0.38586257421875 0.762516603515625 0.380036921875 0.76157373828125 0.375778666015625 0.760053353515625 0.37225016015625 0.756186958984375 0.370405951171875 0.75242589453125 0.372274861328125 0.749086720703125 0.375854908203125 0.747175375 0.38500279296875 0.743922015625 0.41283841015625
7 0.567646330078125 0.469636166015625 0.5680571484375 0.466216666015625 0.5714327890625 0.465429484375 0.5766299765625 0.4623040234375 0.583925833984375 0.45416833203125 0.611975484375 0.436218607421875 0.628871796875 0.42518987890625 0.63726640234375 0.420015302734375 0.64629438671875 0.4133154765625 0.655592974609375 0.4057294765625 0.668640896484375 0.390142611328125 0.682201572265625 0.376262525390625 0.695283056640625 0.3678816640625 0.6950962734375 0.36576152734375 0.681117955078125 0.374947185546875 0.671221248046875 0.383832466796875 0.654067935546875 0.402253669921875 0.623889765625 0.4220993203125 0.598347681640625 0.43988841015625 0.58793785546875 0.447065916015625 0.57525839453125 0.456207927734375 0.56757248828125 0.461029765625 0.566056265625 0.458234083984375 0.562349056640625 0.46020245703125 0.55312165234375 0.46733568359375 0.54638362890625 0.47277169921875 0.543898236328125 0.476095111328125 0.54121755859375 0.481477208984375 0.5406432421875 0.4851033046875 0.54127093359375 0.489383828125 0.54218622265625 0.49185183984375 0.543284453125 0.494812873046875 0.54627047265625 0.495749859375 0.556493515625 0.48645221875 0.5640610078125 0.47743051953125 0.567646330078125 0.469636166015625
7 0.645738228515625 0.445789392578125 0.65031365234375 0.439051826171875 0.650541365234375 0.436715162109375 0.6870576171875 0.411072037109375 0.700568146484375 0.40166698046875 0.71546348828125 0.390343830078125 0.73810696484375 0.376399556640625 0.749816994140625 0.370771376953125 0.75956139453125 0.3699626328125 0.7617826953125 0.367321115234375 0.7617975078125 0.3664684921875 0.750949677734375 0.36817118359375 0.73253280859375 0.377440380859375 0.6898227890625 0.404240873046875 0.659078330078125 0.42759201953125 0.65029998828125 0.433684533203125 0.650296732421875 0.4321868828125 0.64932200390625 0.43075004296875 0.64205834765625 0.432592927734375 0.632350513671875 0.434688984375 0.622234537109375 0.4416392890625 0.6199817421875 0.45282645703125 0.621952154296875 0.45784181640625 0.624264376953125 0.458421779296875 0.62754792578125 0.458941841796875 0.6333379296875 0.4572939765625 0.638117953125 0.452920296875 0.641860083984375 0.4490234609375 0.645738228515625 0.445789392578125
7 0.87681648828125 0.508082708984375 0.875361107421875 0.506877232421875 0.877369220703125 0.470349994140625 0.878921630859375 0.442416529296875 0.878893158203125 0.410710611328125 0.8782893828125 0.387015169921875 0.876623013671875 0.375655376953125 0.872852759765625 0.36132151171875 0.8657232109375 0.343812865234375 0.858977609375 0.337637142578125 0.83448646875 0.33534338671875 0.834211353515625 0.33582854296875 0.834085697265625 0.337041412109375 0.842969884765625 0.3372157578125 0.85793350390625 0.3415225703125 0.860888162109375 0.344984814453125 0.86653166796875 0.351866265625 0.87135623828125 0.3626697421875 0.873986953125 0.374193525390625 0.87626583203125 0.38793869140625 0.876760357421875 0.43733437890625 0.8745346328125 0.4788979140625 0.872493912109375 0.50598906640625 0.871231380859375 0.508959615234375 0.86921772265625 0.521673359375 0.868549646484375 0.53777073828125 0.86864066015625 0.54782355859375 0.872870458984375 0.558004103515625 0.875669048828125 0.557214583984375 0.87760266015625 0.551884783203125 0.87828300390625 0.54758925390625 0.879474923828125 0.53756338671875 0.879289634765625 0.52872840625 0.878816173828125 0.5142117265625 0.87681648828125 0.508082708984375
7 0.8907606796875 0.512167125 0.888858587890625 0.50779912890625 0.890320853515625 0.48235255078125 0.88947865234375 0.426402330078125 0.8863580234375 0.393960109375 0.881484654296875 0.37519448828125 0.868676296875 0.3452574296875 0.850500291015625 0.3335655 0.849524513671875 0.3345124765625 0.866988134765625 0.3493970859375 0.87545634375 0.36762961328125 0.88176557421875 0.385153640625 0.885938318359375 0.412254876953125 0.8870811875 0.448054974609375 0.886871546875 0.48327524609375 0.884752068359375 0.500565822265625 0.88588973046875 0.507722642578125 0.883288193359375 0.515022208984375 0.88017644140625 0.5255464765625 0.87830415234375 0.537367642578125 0.878213080078125 0.54837033984375 0.879268125 0.557350576171875 0.8851971015625 0.559023669921875 0.889106494140625 0.557806357421875 0.892910640625 0.54812766796875 0.893520751953125 0.524721984375 0.8907606796875 0.512167125
7 0.046258173828125 0.535866267578125 0.04503553515625 0.529881884765625 0.027931689453125 0.521382162109375 0.0205303671875 0.52471350390625 0.0178362734375 0.537155419921875 0.017140283203125 0.54154971875 0.02799156640625 0.548415091796875 0.038867162109375 0.543703775390625 0.0440578046875 0.5432265625 0.0446191328125 0.540511501953125 0.04703516796875 0.540192939453125 0.089267298828125 0.548984591796875 0.104770244140625 0.54816825390625 0.1200981015625 0.542650908203125 0.13271490625 0.53600201171875 0.183020783203125 0.503772939453125 0.183766673828125 0.50155396875 0.18334239453125 0.5000843203125 0.165264361328125 0.5121783359375 0.153361318359375 0.518472486328125 0.13877709765625 0.529249623046875 0.130331654296875 0.53445551953125 0.118388462890625 0.539341794921875 0.106334158203125 0.543274880859375 0.10391812109375 0.543593443359375 0.098153341796875 0.5443162734375 0.08006677734375 0.5440221796875 0.046258173828125 0.535866267578125
7 0 0.51442482421875 0.021280630859375 0.53240519921875 0.042330888671875 0.545247029296875 0.06923311328125 0.55642268359375 0.0843140546875 0.563997341796875 0.08568237890625 0.57069665234375 0.098495953125 0.5787765390625 0.107734251953125 0.577214533203125 0.111857548828125 0.558852005859375 0.107881111328125 0.551739609375 0.0965031484375 0.549937517578125 0.087605595703125 0.552417837890625 0.085649541015625 0.55556541015625 0.045776091796875 0.541903140625 0 0.50995990625 0 0.51442482421875
7 0.2556494375 0.41787704296875 0.260515921875 0.409395013671875 0.264058361328125 0.4039056640625 0.267847787109375 0.3876511171875 0.267086794921875 0.380183654296875 0.265621234375 0.3756298046875 0.26111748046875 0.37491648046875 0.25613942578125 0.37412803515625 0.252359837890625 0.379579822265625 0.249942724609375 0.388704787109375 0.248480564453125 0.4010062109375 0.249685388671875 0.41027266015625 0.2523062265625 0.416738177734375 0.236668013671875 0.478654109375 0.22850490625 0.507181109375 0.218158431640625 0.528015365234375 0.201655701171875 0.5508988359375 0.185029625 0.563823740234375 0.160059794921875 0.58493491796875 0.12080453515625 0.621069474609375 0.119625671875 0.62390796875 0.120810896484375 0.62409569140625 0.136288939453125 0.612286412109375 0.155679751953125 0.594181158203125 0.195920056640625 0.559498197265625 0.21263634765625 0.541402451171875 0.2272062421875 0.51691539453125 0.228822064453125 0.512849587890625 0.23164669921875 0.504221341796875 0.23728909375 0.48393855078125 0.247535298828125 0.448395482421875 0.2512780625 0.441641341796875 0.252953783203125 0.43412764453125 0.253681939453125 0.426463865234375 0.2556494375 0.41787704296875
7 0.26385906640625 0.3679212734375 0.26537496875 0.37015630078125 0.257786396484375 0.389462431640625 0.243982666015625 0.4268944609375 0.233516875 0.452540587890625 0.222452583984375 0.470489060546875 0.202079138671875 0.4991333125 0.185900044921875 0.51550201953125 0.17714187109375 0.52381108984375 0.15976308203125 0.537373310546875 0.137768115234375 0.55713134765625 0.13588340625 0.560833953125 0.1367275703125 0.56096765625 0.14566071875 0.552103193359375 0.154506072265625 0.54488508203125 0.182773640625 0.5229725078125 0.2050530390625 0.499231220703125 0.21570456640625 0.485526912109375 0.235585697265625 0.45343542578125 0.249137505859375 0.4197780546875 0.259147787109375 0.394274458984375 0.2621656796875 0.38505528125 0.267016171875 0.37027843359375 0.269302974609375 0.37014658203125 0.272331833984375 0.361647240234375 0.281493119140625 0.33449891796875 0.282430744140625 0.3226759609375 0.28005977734375 0.3223004375 0.27656562109375 0.320749552734375 0.274934244140625 0.322786087890625 0.27272753515625 0.326094578125 0.26907713671875 0.336157607421875 0.2671760234375 0.348160763671875 0.26385906640625 0.3679212734375
7 0.211216365234375 0.467216033203125 0.210461267578125 0.4713309765625 0.1877036328125 0.482366955078125 0.168490732421875 0.4938687421875 0.146947091796875 0.501135259765625 0.130021150390625 0.503424908203125 0.110919591796875 0.499847349609375 0.095332208984375 0.500877181640625 0.08427385546875 0.502071232421875 0.051757916015625 0.517173330078125 0.033454123046875 0.5157470546875 0.033211056640625 0.516629150390625 0.03289804296875 0.51860544140625 0.04335060546875 0.519471615234375 0.052004181640625 0.51973693359375 0.05859094921875 0.518019333984375 0.06831830859375 0.5132995859375 0.082743822265625 0.506194685546875 0.09178255859375 0.504680759765625 0.09714512890625 0.50350423828125 0.107665740234375 0.504024015625 0.12974967578125 0.506417431640625 0.144270326171875 0.5055870703125 0.16620278515625 0.49782996875 0.18016273046875 0.4913872421875 0.19803744140625 0.481146267578125 0.208898013671875 0.475317923828125 0.212417087890625 0.475323123046875 0.215493416015625 0.47746780859375 0.222442736328125 0.47672728515625 0.23009637890625 0.474809298828125 0.236017373046875 0.47206471875 0.239793771484375 0.46456218359375 0.24026190234375 0.460953955078125 0.240617564453125 0.45217277734375 0.237058970703125 0.4471899296875 0.234635017578125 0.446806013671875 0.232154658203125 0.446781587890625 0.2272459609375 0.450975517578125 0.2211413125 0.4555321953125 0.216277177734375 0.460100671875 0.2126943046875 0.4637677421875 0.211216365234375 0.467216033203125
7 0.2884659921875 0 0.28478496875 0.02461630078125 0.28299799609375 0.08543366796875 0.27407859375 0.175911556640625 0.26595381640625 0.251121146484375 0.261330216796875 0.273481484375 0.261523578125 0.2927564453125 0.261330908203125 0.307640103515625 0.265215072265625 0.308736216796875 0.27139301953125 0.307309162109375 0.27547838671875 0.296890353515625 0.2763734296875 0.27586409375 0.275786794921875 0.2607801328125 0.2730631953125 0.254061162109375 0.272479697265625 0.24578933984375 0.2796119453125 0.181970275390625 0.287423826171875 0.101900982421875 0.289716400390625 0.065219115234375 0.292366298828125 0.01945259765625 0.295447287109375 0 0.2884659921875 0
7 0.844299150390625 0.23926217578125 0.8509068125 0.2251105 0.85522873046875 0.20528416796875 0.8548649453125 0.188923048828125 0.8444505703125 0.189377251953125 0.83661650390625 0.20338812109375 0.833093771484375 0.231229822265625 0.8330143046875 0.252254009765625 0.827370470703125 0.289752228515625 0.817801373046875 0.32031771484375 0.80828263671875 0.335639515625 0.795665900390625 0.34626328515625 0.7945730859375 0.35503083203125 0.8114322734375 0.34560491796875 0.826531078125 0.321174447265625 0.836713287109375 0.288602390625 0.840066162109375 0.258104189453125 0.84209763671875 0.245277958984375 0.844299150390625 0.23926217578125