5 0.210936525390625 0.35411704296875 0.217313123046875 0.337796578125 0.219569962890625 0.31941609375 0.213617767578125 0.310911572265625 0.203200189453125 0.317406138671875 0.189178359375 0.3390064609375 0.185386515625 0.35564429296875 0.189160427734375 0.374765259765625 0.204857068359375 0.375137455078125 0.210936525390625 0.35411704296875
2 0.249322142578125 0.53296708203125 0.247017001953125 0.5731094453125 0.255396734375 0.59746033203125 0.286194919921875 0.588802861328125 0.342701259765625 0.563090185546875 0.374015873046875 0.57159953515625 0.396325294921875 0.532359208984375 0.398035744140625 0.482815966796875 0.388951994140625 0.44283033203125 0.3619938359375 0.413089013671875 0.32858012109375 0.40743121484375 0.279828048828125 0.43409599609375 0.261450166015625 0.476929271484375 0.249322142578125 0.53296708203125
2 0.675581548828125 0.964676451171875 0.68292934375 0.9546947421875 0.686909181640625 0.936525814453125 0.676727787109375 0.919728328125 0.662675587890625 0.92733173046875 0.6573793359375 0.9562219921875 0.664193177734375 0.96483324609375 0.675581548828125 0.964676451171875
7 0.8173911484375 0.789377970703125 0.833863626953125 0.788243673828125 0.852518859375 0.7722255546875 0.871965001953125 0.726632451171875 0.869231025390625 0.719983033203125 0.863252138671875 0.72240578125 0.841771341796875 0.761436267578125 0.82214308984375 0.776703353515625 0.776254826171875 0.777381779296875 0.725856318359375 0.794552921875 0.70105678125 0.808554427734375 0.692464822265625 0.806236349609375 0.680627955078125 0.812990439453125 0.68027893359375 0.813700416015625 0.66853013671875 0.824763095703125 0.670240078125 0.84265018359375 0.677184443359375 0.855497806640625 0.688988912109375 0.85189660546875 0.699904298828125 0.832402849609375 0.713521779296875 0.8227114609375 0.734823111328125 0.808280427734375 0.76646524609375 0.79638220703125 0.791168107421875 0.791839421875 0.8173911484375 0.789377970703125
7 0.796769123046875 0.483885833984375 0.818289234375 0.4965333046875 0.858889107421875 0.532531919921875 0.885891275390625 0.57386407421875 0.89542530859375 0.597045064453125 0.90761078515625 0.621551658203125 0.92306371484375 0.619446984375 0.929454603515625 0.6132285625 0.93151182421875 0.596473830078125 0.932097173828125 0.58253944921875 0.922340287109375 0.570336275390625 0.9065555234375 0.5613950234375 0.85789297265625 0.499395005859375 0.8257692734375 0.481444458984375 0.79757680859375 0.45897357421875 0.759698458984375 0.428311220703125 0.7425825 0.4302116953125 0.747037130859375 0.43976280859375 0.758628501953125 0.44618815234375 0.775834767578125 0.45730496875 0.796769123046875 0.483885833984375
7 0.287061599609375 0.377281837890625 0.281506349609375 0.399610142578125 0.2841062734375 0.405932453125 0.29857130859375 0.402706435546875 0.315980203125 0.39383880078125 0.324034123046875 0.3878245703125 0.341130375 0.376917521484375 0.433183017578125 0.342199353515625 0.4391209921875 0.32592112109375 0.43032070703125 0.328842634765625 0.400715384765625 0.33621273828125 0.365707068359375 0.350922607421875 0.31825976171875 0.366106189453125 0.298008896484375 0.370622822265625 0.287061599609375 0.377281837890625
7 0.180045970703125 0.4883744609375 0.18515478515625 0.544749689453125 0.176046421875 0.61299091015625 0.1442712265625 0.69660003125 0.11641332421875 0.783930958984375 0.10677437890625 0.79117414453125 0.099171263671875 0.8174666875 0.096550951171875 0.84177763671875 0.10364944921875 0.848023541015625 0.114958837890625 0.84922371875 0.12063439453125 0.835659658203125 0.124691830078125 0.81152516796875 0.1244512578125 0.79269717578125 0.16733802734375 0.66313207421875 0.18984640625 0.59264605859375 0.193997373046875 0.538056140625 0.188574857421875 0.48423580078125 0.180045970703125 0.4883744609375
2 0.172490537109375 0.70237287109375 0.1785785546875 0.706172767578125 0.183387224609375 0.702600689453125 0.19313606640625 0.685483408203125 0.19856599609375 0.669223021484375 0.1991960078125 0.65265127734375 0.192065326171875 0.648445359375 0.18347151171875 0.654882126953125 0.176661466796875 0.664591228515625 0.170619724609375 0.674393732421875 0.16904208203125 0.687242609375 0.168448423828125 0.6971589921875 0.172490537109375 0.70237287109375
2 0.145648607421875 0.6655008984375 0.1435923359375 0.686060029296875 0.145473111328125 0.694893041015625 0.15476739453125 0.704359251953125 0.16389996875 0.70242820703125 0.168128189453125 0.683244955078125 0.169306232421875 0.667295564453125 0.165958546875 0.65134461328125 0.160211626953125 0.647309533203125 0.150569640625 0.65084228515625 0.145648607421875 0.6655008984375
2 0.652382552734375 0.7650734296875 0.658488318359375 0.7453473515625 0.651652322265625 0.72976663671875 0.63913237890625 0.719219630859375 0.627593353515625 0.719440953125 0.62168522265625 0.73755316015625 0.626451390625 0.75124253125 0.640983580078125 0.760397541015625 0.652382552734375 0.7650734296875
2 0.69999898828125 0.215808201171875 0.701346845703125 0.227549796875 0.707422275390625 0.239845748046875 0.707990857421875 0.24159567578125 0.712592091796875 0.240093376953125 0.71669836328125 0.233155984375 0.7236396796875 0.231527744140625 0.727180064453125 0.221626142578125 0.72265512890625 0.21114751171875 0.71551889453125 0.204896974609375 0.705171376953125 0.20776098046875 0.69999898828125 0.215808201171875
7 0.317090642578125 0.344511076171875 0.28368306640625 0.311032767578125 0.279574498046875 0.323972025390625 0.30549025 0.350057203125 0.32146628125 0.37044131640625 0.3376928359375 0.39334511328125 0.348938962890625 0.422608798828125 0.36243976171875 0.4745542890625 0.365924548828125 0.48493972265625 0.364703927734375 0.501718814453125 0.366517921875 0.51886957421875 0.369355619140625 0.527682947265625 0.37837230859375 0.531777138671875 0.38413615234375 0.519041123046875 0.386158140625 0.504851216796875 0.37729362890625 0.485837513671875 0.37117130859375 0.47413284765625 0.35661758203125 0.417078365234375 0.339224013671875 0.37859678515625 0.317090642578125 0.344511076171875
7 0.286087560546875 0.54486318359375 0.317165919921875 0.516363248046875 0.34937711328125 0.49256512109375 0.36028743359375 0.48554054296875 0.3581475 0.480335396484375 0.33190341796875 0.493840490234375 0.304608966796875 0.519383228515625 0.275063041015625 0.542368630859375 0.245536171875 0.5634551640625 0.213554837890625 0.58538123828125 0.184962564453125 0.605822228515625 0.181198228515625 0.60688062109375 0.173630646484375 0.607138994140625 0.161698279296875 0.61246991015625 0.154414400390625 0.61955914453125 0.152812232421875 0.636090818359375 0.158038751953125 0.640534970703125 0.171943802734375 0.633497484375 0.17878730859375 0.62825538671875 0.181760322265625 0.61797440625 0.216728861328125 0.592613630859375 0.24507158984375 0.57594441796875 0.286087560546875 0.54486318359375
7 0.79303146875 0.46317036328125 0.77203521484375 0.44117073046875 0.74807805859375 0.426502865234375 0.746557232421875 0.432179279296875 0.75012926171875 0.436648841796875 0.760496982421875 0.444518228515625 0.78957555078125 0.471174595703125 0.795609857421875 0.477412041015625 0.812270537109375 0.486053173828125 0.839771673828125 0.49199530859375 0.8646495625 0.484056876953125 0.908346291015625 0.46047304296875 0.941346525390625 0.43337705078125 0.949776591796875 0.431846712890625 0.96261494921875 0.4246288125 0.966628173828125 0.413760966796875 0.96582491796875 0.396806140625 0.958820185546875 0.390082919921875 0.9473400078125 0.39966731640625 0.9417100625 0.41363344921875 0.93446740625 0.42227166015625 0.915623193359375 0.436448392578125 0.90267819921875 0.44621862109375 0.87403419140625 0.4646876796875 0.846918322265625 0.480779890625 0.838462369140625 0.480841494140625 0.817800240234375 0.477937880859375 0.804077876953125 0.472222015625 0.79303146875 0.46317036328125
7 0.3437410390625 0.39110998828125 0.32109444921875 0.36059296484375 0.280926953125 0.317188134765625 0.25031713671875 0.279877779296875 0.234342546875 0.256443326171875 0.23438028515625 0.2479475625 0.228907384765625 0.235197583984375 0.22071078125 0.222112244140625 0.214466240234375 0.221792359375 0.2077734453125 0.231260248046875 0.2072946328125 0.23925407421875 0.206312341796875 0.244937837890625 0.210816072265625 0.253567697265625 0.22377319140625 0.266776712890625 0.229167287109375 0.267885875 0.244305453125 0.285849837890625 0.281037462890625 0.330622107421875 0.31231311328125 0.370698111328125 0.33483454296875 0.394041783203125 0.347271869140625 0.409437080078125 0.357526455078125 0.42009121484375 0.3437410390625 0.39110998828125
1 0.19043670703125 0.631195150390625 0.187947599609375 0.627500376953125 0.183460650390625 0.628798416015625 0.177710890625 0.633329619140625 0.17222773046875 0.63851019140625 0.16628166796875 0.648871111328125 0.165926416015625 0.660226345703125 0.168256572265625 0.669446638671875 0.171363466796875 0.669520267578125 0.178573060546875 0.665784009765625 0.184587775390625 0.65204330078125 0.18880740625 0.640238068359375 0.19043670703125 0.631195150390625
1 0.181155919921875 0.650389587890625 0.187091580078125 0.64434009375 0.189936455078125 0.636679697265625 0.19026611328125 0.631174205078125 0.186226357421875 0.62883015234375 0.1809453203125 0.630954240234375 0.17206616796875 0.642680849609375 0.16830675 0.64788742578125 0.16828686328125 0.6565113203125 0.167802431640625 0.66045669140625 0.167760498046875 0.667845544921875 0.170398669921875 0.6703262890625 0.174848267578125 0.669332447265625 0.178796599609375 0.663963421875 0.180479365234375 0.65307903515625 0.181155919921875 0.650389587890625
7 0.179918720703125 0.643332505859375 0.19088090625 0.610469802734375 0.2022703828125 0.580396634765625 0.215707447265625 0.5430493359375 0.23397158203125 0.47892777734375 0.240589595703125 0.462636955078125 0.2497524453125 0.43502652734375 0.249864287109375 0.40904183984375 0.24068260546875 0.408599205078125 0.22815009765625 0.416638279296875 0.226796880859375 0.452733150390625 0.227175806640625 0.45277967578125 0.22854061328125 0.46047279296875 0.2059329375 0.541165376953125 0.17869286328125 0.621972974609375 0.148543267578125 0.72021147265625 0.154195380859375 0.7243263359375 0.160814025390625 0.708034658203125 0.169170548828125 0.677589087890625 0.179918720703125 0.643332505859375