5 0.171875 0.378086111328125 0.1701390625 0.395062037109375 0.176215103515625 0.4135805546875 0.191840103515625 0.412037037109375 0.1953125 0.390432408203125 0.199652603515625 0.373456482421875 0.199652603515625 0.354937962890625 0.192708333984375 0.34722222265625 0.183159896484375 0.354937962890625 0.171875 0.378086111328125
2 0.352430728515625 0.4305555546875 0.3185765625 0.429012037109375 0.2734375 0.4614194453125 0.260416666015625 0.5061731484375 0.255208333984375 0.563271296875 0.2578125 0.60339537109375 0.269097396484375 0.626543517578125 0.2986109375 0.61419722265625 0.3515625 0.581789814453125 0.383680728515625 0.5864194453125 0.401041666015625 0.54475277734375 0.3967015625 0.49537037109375 0.3828125 0.456789814453125 0.352430728515625 0.4305555546875
2 0.7265625 0.895062037109375 0.713541666015625 0.904321296875 0.711805728515625 0.933641666015625 0.719618228515625 0.941358333984375 0.730902603515625 0.939814814453125 0.736979166015625 0.929012037109375 0.738715103515625 0.910493517578125 0.7265625 0.895062037109375
7 0.751258853515625 0.794284259765625 0.770642708984375 0.777364814453125 0.800598958984375 0.76169907421875 0.8245640625 0.75417962890625 0.850291666015625 0.748540740234375 0.866503125 0.745407408203125 0.8830671875 0.727235185546875 0.896811978515625 0.679612037109375 0.893288021484375 0.67334537109375 0.887648958984375 0.676478703125 0.871084896484375 0.717836111328125 0.853463541015625 0.735381482421875 0.808 0.74164722265625 0.760069791015625 0.764832408203125 0.737161458984375 0.7817518515625 0.728351041015625 0.7804981484375 0.717425521484375 0.7886444453125 0.717165625 0.789391666015625 0.706852603515625 0.801803703125 0.7107296875 0.81934907421875 0.719188021484375 0.83125462890625 0.730465625 0.826241666015625 0.738923958984375 0.805562962890625 0.751258853515625 0.794284259765625
7 0.732269271484375 0.401168517578125 0.7378546875 0.4101055546875 0.750142708984375 0.41507037109375 0.768575521484375 0.424007408203125 0.792593228515625 0.447838888671875 0.815494271484375 0.4577694453125 0.860178646484375 0.4885518515625 0.892016666015625 0.526285185546875 0.9043046875 0.548131482421875 0.9193859375 0.57097037109375 0.9344671875 0.5669981484375 0.940052603515625 0.56004722265625 0.940052603515625 0.543166666015625 0.938935416015625 0.529264814453125 0.9277640625 0.518341666015625 0.911007291015625 0.511390740234375 0.8551515625 0.455783333984375 0.8210796875 0.441881482421875 0.790358853515625 0.423013888671875 0.749026041015625 0.397196296875 0.732269271484375 0.401168517578125
7 0.381494791015625 0.349533333984375 0.348540103515625 0.3684 0.303296875 0.38925277734375 0.283747396484375 0.396203703125 0.273693228515625 0.40414722265625 0.270900521484375 0.426986111328125 0.2742515625 0.4329444453125 0.288215625 0.42797962890625 0.3044140625 0.417056482421875 0.311675 0.4101055546875 0.327314583984375 0.397196296875 0.41445 0.351518517578125 0.418359896484375 0.334637962890625 0.40998125 0.338610185546875 0.381494791015625 0.349533333984375
7 0.1896984375 0.702457408203125 0.203448958984375 0.629753703125 0.200916146484375 0.575064814453125 0.188975 0.522306482421875 0.1810140625 0.527453703125 0.192955208984375 0.582786111328125 0.19223125 0.651628703125 0.170882291015625 0.738487037109375 0.153875 0.828562037109375 0.145190625 0.83692592578125 0.1408484375 0.86394907421875 0.141210416015625 0.8883981484375 0.1490171875 0.893732408203125 0.160388541015625 0.89354537109375 0.16436875 0.879390740234375 0.1654546875 0.854941666015625 0.162921353515625 0.836283333984375 0.1896984375 0.702457408203125
2 0.199130208984375 0.7027694453125 0.194328125 0.713235185546875 0.194328125 0.7261805546875 0.194947396484375 0.73609537109375 0.199594791015625 0.74077777734375 0.206100521484375 0.743807408203125 0.210438021484375 0.73967592578125 0.218028125 0.7214981484375 0.2214359375 0.70469722265625 0.220041666015625 0.68817222265625 0.2124515625 0.684866666015625 0.20470625 0.69230277734375 0.199130208984375 0.7027694453125
2 0.192159375 0.70635 0.186892708984375 0.69092592578125 0.180696875 0.687621296875 0.171557291015625 0.69230277734375 0.168459375 0.7074518515625 0.168923958984375 0.728108333984375 0.1718671875 0.736646296875 0.182245833984375 0.744909259765625 0.191075 0.74187962890625 0.192933853515625 0.72232407421875 0.192159375 0.70635
2 0.653385416015625 0.7022555546875 0.649728646484375 0.72095277734375 0.656127603515625 0.733959259765625 0.6716671875 0.741275 0.683551041015625 0.7445268515625 0.687207291015625 0.724203703125 0.6785234375 0.70957222265625 0.664811458984375 0.70062962890625 0.653385416015625 0.7022555546875
2 0.691561458984375 0.196014814453125 0.685793228515625 0.186165740234375 0.6779484375 0.180831482421875 0.668027083984375 0.184935185546875 0.663873958984375 0.19355277734375 0.666642708984375 0.205042591796875 0.674171353515625 0.216506482421875 0.674948958984375 0.21817407421875 0.6793328125 0.21612222265625 0.682563021484375 0.208736111328125 0.689254166015625 0.20627407421875 0.691561458984375 0.196014814453125
7 0.376482291015625 0.50089722265625 0.368979166015625 0.49002592578125 0.347580728515625 0.43517037109375 0.325627083984375 0.39909537109375 0.2995046875 0.367961111328125 0.262266146484375 0.338803703125 0.259765103515625 0.35214722265625 0.288666666015625 0.37487962890625 0.3070078125 0.393164814453125 0.3259046875 0.41392037109375 0.340633333984375 0.44159537109375 0.3603640625 0.491508333984375 0.365088541015625 0.501391666015625 0.365921875 0.5181944453125 0.3698125 0.534996296875 0.373703125 0.5433981484375 0.3831515625 0.546362962890625 0.3873203125 0.5330194453125 0.387597916015625 0.518688888671875 0.376482291015625 0.50089722265625
7 0.196811978515625 0.66644537109375 0.198509896484375 0.655878703125 0.230127083984375 0.62644537109375 0.256227083984375 0.606446296875 0.293149478515625 0.5705981484375 0.320522916015625 0.5385231484375 0.34959375 0.5109768515625 0.359566666015625 0.502675 0.356808333984375 0.4977694453125 0.332405728515625 0.51437222265625 0.308427603515625 0.54305092578125 0.281903125 0.569465740234375 0.255166146484375 0.593993517578125 0.2260953125 0.619653703125 0.200207291015625 0.6434268515625 0.1966 0.644936111328125 0.1891203125 0.646114814453125 0.1779265625 0.652860185546875 0.1715609375 0.660784259765625 0.171985416015625 0.677387962890625 0.177714583984375 0.681162037109375 0.190658333984375 0.672482408203125 0.196811978515625 0.66644537109375
7 0.841990103515625 0.4386444453125 0.8336046875 0.439736111328125 0.812742708984375 0.43937222265625 0.798426041015625 0.435371296875 0.786358853515625 0.427733333984375 0.762838021484375 0.408456482421875 0.737271875 0.396817591796875 0.736454166015625 0.402637037109375 0.740544271484375 0.406637962890625 0.75179375 0.413185185546875 0.783904166015625 0.43609907421875 0.790653646484375 0.44155462890625 0.808243228515625 0.44810092578125 0.836263541015625 0.45064722265625 0.859988541015625 0.439736111328125 0.900485416015625 0.41100277734375 0.9299375 0.380087037109375 0.938118228515625 0.377540740234375 0.94998125 0.368812037109375 0.952640103515625 0.357536111328125 0.9497765625 0.3408055546875 0.9420046875 0.334986111328125 0.931778125 0.3458981484375 0.9278921875 0.360446296875 0.92175625 0.36990277734375 0.904780208984375 0.38627037109375 0.893122396484375 0.39754537109375 0.866942708984375 0.419367591796875 0.841990103515625 0.4386444453125
7 0.297954166015625 0.394535185546875 0.323152603515625 0.414960185546875 0.3373734375 0.428725 0.34885 0.43805 0.331635416015625 0.410964814453125 0.305438541015625 0.383435185546875 0.260280728515625 0.34524907421875 0.225352083984375 0.31194722265625 0.206640625 0.290634259765625 0.205642708984375 0.28219722265625 0.198656771484375 0.270209259765625 0.1889265625 0.25822037109375 0.182689583984375 0.258663888671875 0.177200521484375 0.2688768515625 0.177699478515625 0.2768694453125 0.1774171875 0.2826305546875 0.1829390625 0.29064722265625 0.197409375 0.302178703125 0.2028984375 0.30262222265625 0.220113021484375 0.318607408203125 0.262027603515625 0.3585694453125 0.297954166015625 0.394535185546875
1 0.194472396484375 0.708307408203125 0.201172916015625 0.70372037109375 0.205468228515625 0.68934907421875 0.208217708984375 0.677117591796875 0.2087328125 0.667943517578125 0.205811978515625 0.66457962890625 0.201516666015625 0.666414814453125 0.196361978515625 0.671612962890625 0.191551041015625 0.6774231484375 0.186911978515625 0.688431482421875 0.187943228515625 0.69974537109375 0.1913796875 0.708612962890625 0.194472396484375 0.708307408203125
1 0.193613021484375 0.709225 0.197908333984375 0.707696296875 0.201172916015625 0.701886111328125 0.201516666015625 0.69087777734375 0.201860416015625 0.68812592578125 0.207014583984375 0.6813981484375 0.2089046875 0.6734481484375 0.2085609375 0.667943517578125 0.204265625 0.666109259765625 0.1992828125 0.668861111328125 0.191898958984375 0.681582408203125 0.188802083984375 0.687208333984375 0.189833333984375 0.69577037109375 0.189833333984375 0.69974537109375 0.1906921875 0.707084259765625 0.193613021484375 0.709225
7 0.178 0.7614018515625 0.184111458984375 0.76479722265625 0.1886953125 0.74782037109375 0.193279166015625 0.716583333984375 0.199772396484375 0.68127222265625 0.206647916015625 0.647318517578125 0.2142875 0.616081482421875 0.223072916015625 0.577375 0.233386458984375 0.5115055546875 0.237969791015625 0.49452962890625 0.243699478515625 0.466008333984375 0.24064375 0.440203703125 0.2314765625 0.440883333984375 0.2200171875 0.450389814453125 0.223072916015625 0.4863805546875 0.2234546875 0.4863805546875 0.225746875 0.49385 0.213141666015625 0.576696296875 0.195952603515625 0.660221296875 0.178 0.7614018515625