7 0.187106771484375 0.356453703125 0.202123958984375 0.345333333984375 0.211718228515625 0.326058333984375 0.210883853515625 0.314196296875 0.200038021484375 0.3053 0.1875234375 0.32012777734375 0.181266146484375 0.344592591796875 0.1549859375 0.39500462890625 0.114939583984375 0.45505462890625 0.081150521484375 0.486933333984375 0.064881771484375 0.507691666015625 0.054869791015625 0.540311111328125 0.056121353515625 0.567741666015625 0.064248958984375 0.56409537109375 0.071138541015625 0.522518517578125 0.086990625 0.498053703125 0.1191109375 0.47284722265625 0.149145833984375 0.429107408203125 0.175426041015625 0.377953703125 0.187106771484375 0.356453703125
7 0.407779166015625 0.3809194453125 0.412367708984375 0.407608333984375 0.423213541015625 0.4194694453125 0.4336421875 0.4105731484375 0.4369796875 0.383884259765625 0.4182078125 0.362385185546875 0.399853125 0.314937962890625 0.359806771484375 0.21559537109375 0.3301890625 0.17482037109375 0.293896875 0.15257962890625 0.2964 0.171113888671875 0.308609375 0.18282037109375 0.335194791015625 0.199286111328125 0.355218228515625 0.242284259765625 0.378578646484375 0.301593517578125 0.392344271484375 0.34385092578125 0.4019390625 0.366091666015625 0.407779166015625 0.3809194453125
7 0.392344271484375 0.12737407421875 0.389007291015625 0.111063888671875 0.378578646484375 0.111063888671875 0.367315103515625 0.128114814453125 0.361058333984375 0.14220092578125 0.361058333984375 0.149614814453125 0.3301890625 0.194837037109375 0.306411458984375 0.220785185546875 0.290142708984375 0.2393194453125 0.2617765625 0.257112037109375 0.233827083984375 0.270456482421875 0.2413359375 0.286025 0.270119271484375 0.268232408203125 0.2918109375 0.2511805546875 0.308261458984375 0.235346296875 0.324766146484375 0.21930277734375 0.342703646484375 0.195578703125 0.359806771484375 0.169631482421875 0.3660640625 0.162217591796875 0.3806640625 0.15257962890625 0.392344271484375 0.12737407421875
6 0.2421703125 0.37647037109375 0.248010416015625 0.420211111328125 0.252181771484375 0.466175 0.249679166015625 0.5010194453125 0.253850521484375 0.516587962890625 0.258021875 0.50917407421875 0.2576046875 0.4832268515625 0.2567703125 0.446158333984375 0.253850521484375 0.411314814453125 0.248844791015625 0.386108333984375 0.2413359375 0.349781482421875 0.235495833984375 0.349781482421875 0.2421703125 0.37647037109375
2 0.263861978515625 0.286025 0.2421703125 0.291213888671875 0.232158853515625 0.326058333984375 0.234661458984375 0.355712962890625 0.246341666015625 0.38017777734375 0.253850521484375 0.392039814453125 0.2592734375 0.409090740234375 0.273154166015625 0.418259259765625 0.2926453125 0.41279722265625 0.303073958984375 0.37572962890625 0.304742708984375 0.346075 0.297651041015625 0.32012777734375 0.283885416015625 0.29862777734375 0.263861978515625 0.286025
6 0.272240625 0.0370731484375 0.254323958984375 0 0.240630728515625 0.005478703125 0.260348958984375 0.053781482421875 0.277935416015625 0.102084259765625 0.290192708984375 0.125762037109375 0.303778646484375 0.121146296875 0.283629166015625 0.067433333984375 0.272240625 0.0370731484375
7 0.344238541015625 0.493178703125 0.323758853515625 0.455434259765625 0.305933853515625 0.421734259765625 0.2930390625 0.406906482421875 0.2888671875 0.417015740234375 0.308209375 0.445325 0.321483333984375 0.470937037109375 0.333240103515625 0.4945268515625 0.342721353515625 0.521487037109375 0.3434796875 0.538337962890625 0.345671875 0.547117591796875 0.354857291015625 0.56327592578125 0.364338541015625 0.56597222265625 0.371165103515625 0.553839814453125 0.370406771484375 0.539012037109375 0.354478125 0.515421296875 0.344238541015625 0.493178703125
7 0.305175521484375 0.440586111328125 0.296846353515625 0.383896296875 0.2945984375 0.4108694453125 0.299398958984375 0.439025 0.3008390625 0.456942591796875 0.2984390625 0.4694731484375 0.298758853515625 0.484546296875 0.299879166015625 0.494785185546875 0.303325521484375 0.505543517578125 0.310484896484375 0.510683333984375 0.317690625 0.505290740234375 0.321103646484375 0.489788888671875 0.315415103515625 0.470242591796875 0.3108640625 0.4520444453125 0.305175521484375 0.440586111328125
5 0.696566666015625 0.763318517578125 0.686586978515625 0.756933333984375 0.678203646484375 0.76402777734375 0.6778515625 0.7810805546875 0.6861875 0.805175 0.696566666015625 0.81297962890625 0.706945833984375 0.804465740234375 0.710538541015625 0.78672962890625 0.707344791015625 0.772540740234375 0.696566666015625 0.763318517578125
7 0.817521875 0.772540740234375 0.847461458984375 0.77892592578125 0.868219271484375 0.765446296875 0.884186978515625 0.75267592578125 0.890573958984375 0.731392591796875 0.885384375 0.7242981484375 0.869416666015625 0.75267592578125 0.844267708984375 0.764737037109375 0.815925 0.75409537109375 0.775606771484375 0.732812037109375 0.726106771484375 0.706562037109375 0.715328646484375 0.691663888671875 0.705747916015625 0.683860185546875 0.6901796875 0.680312962890625 0.686586978515625 0.693792591796875 0.687784375 0.7094 0.698961978515625 0.715785185546875 0.7101390625 0.717913888671875 0.717324478515625 0.717913888671875 0.730897396484375 0.7242981484375 0.759240103515625 0.73919722265625 0.788780208984375 0.75409537109375 0.817521875 0.772540740234375
7 0.828699478515625 0.745581482421875 0.813130728515625 0.707981482421875 0.794767708984375 0.67392777734375 0.770018228515625 0.637037037109375 0.760038021484375 0.625685185546875 0.7590140625 0.64329722265625 0.7843890625 0.68315092578125 0.801554166015625 0.717203703125 0.8091390625 0.739906482421875 0.812332291015625 0.7661555546875 0.824707291015625 0.76970277734375 0.828699478515625 0.745581482421875
7 0.672615103515625 0.56819907421875 0.658643228515625 0.6185694453125 0.646268228515625 0.675325 0.637885416015625 0.68809537109375 0.632695833984375 0.702993517578125 0.625111458984375 0.7335 0.6307 0.7427231484375 0.638683853515625 0.747688888671875 0.6454703125 0.73917592578125 0.6498609375 0.72002037109375 0.650575521484375 0.69297037109375 0.6514578125 0.6845481484375 0.660639583984375 0.659717591796875 0.671018228515625 0.614312962890625 0.682594791015625 0.57032777734375 0.672615103515625 0.56819907421875
7 0.63988125 0.637015740234375 0.636288541015625 0.58522592578125 0.62750625 0.52137592578125 0.6175265625 0.519956482421875 0.623913541015625 0.56110462890625 0.630300521484375 0.5909018515625 0.6330953125 0.641981482421875 0.6283046875 0.68809537109375 0.620320833984375 0.756912037109375 0.610341146484375 0.77819537109375 0.6067484375 0.80302592578125 0.615530728515625 0.813667591796875 0.628704166015625 0.8065731484375 0.63394375 0.785812037109375 0.633494271484375 0.773228703125 0.6307 0.759039814453125 0.632296875 0.734918517578125 0.637086978515625 0.685257408203125 0.63988125 0.637015740234375
6 0.671816666015625 0.509314814453125 0.672615103515625 0.46462037109375 0.660240103515625 0.443337037109375 0.655848958984375 0.459653703125 0.664232291015625 0.483065740234375 0.660639583984375 0.5348555546875 0.648264583984375 0.571746296875 0.633494271484375 0.610765740234375 0.608744271484375 0.6504944453125 0.591579166015625 0.68242037109375 0.590780728515625 0.7086694453125 0.599563021484375 0.710087962890625 0.607945833984375 0.693771296875 0.617977603515625 0.674637962890625 0.622716146484375 0.663264814453125 0.632695833984375 0.63985277734375 0.651058853515625 0.595158333984375 0.663034375 0.548334259765625 0.671816666015625 0.509314814453125
2 0.702953646484375 0.47029537109375 0.687784375 0.4610731484375 0.679002083984375 0.48022777734375 0.682594791015625 0.493707408203125 0.6638328125 0.517828703125 0.649063021484375 0.541239814453125 0.6330953125 0.574584259765625 0.631098958984375 0.595867591796875 0.643473958984375 0.639143517578125 0.654252083984375 0.661136111328125 0.669421353515625 0.681710185546875 0.687385416015625 0.698737037109375 0.712933333984375 0.6923518515625 0.729699478515625 0.691642591796875 0.737725521484375 0.674637962890625 0.755646875 0.642690740234375 0.765627083984375 0.61502222265625 0.754449478515625 0.575293517578125 0.737683333984375 0.52917962890625 0.720518228515625 0.505058333984375 0.702953646484375 0.47029537109375
6 0.354334375 0.381111111328125 0.347920833984375 0.35830277734375 0.336980728515625 0.34354537109375 0.323777083984375 0.334825 0.312082291015625 0.328787962890625 0.299255728515625 0.323421296875 0.289447396484375 0.31402962890625 0.282656771484375 0.307992591796875 0.281902083984375 0.31470092578125 0.285297396484375 0.32610462890625 0.3003875 0.334825 0.3090640625 0.342203703125 0.320381771484375 0.348240740234375 0.332453646484375 0.35494907421875 0.3422625 0.369706482421875 0.347920833984375 0.3911731484375 0.354334375 0.413309259765625 0.361125 0.42605462890625 0.373165625 0.42857777734375 0.378478125 0.42202962890625 0.374328646484375 0.41062592578125 0.366783333984375 0.408613888671875 0.361125 0.40727222265625 0.3562203125 0.395868517578125 0.354334375 0.381111111328125
7 0.6579109375 0.648341666015625 0.669313541015625 0.693067591796875 0.6746796875 0.716325 0.681722396484375 0.741968517578125 0.688765625 0.76045462890625 0.699161978515625 0.7860981484375 0.709894271484375 0.820686111328125 0.7145890625 0.83917222265625 0.718613541015625 0.83917222265625 0.718948958984375 0.829034259765625 0.713583333984375 0.81352962890625 0.703857291015625 0.783712037109375 0.689101041015625 0.74495 0.676021353515625 0.697838888671875 0.6673015625 0.65847962890625 0.659252603515625 0.628066666015625 0.648185416015625 0.59824907421875 0.633093228515625 0.558293517578125 0.6337640625 0.5523305546875 0.630410416015625 0.53682592578125 0.623032291015625 0.52489907421875 0.617666146484375 0.517742591796875 0.612635416015625 0.519531482421875 0.607940103515625 0.523109259765625 0.605928125 0.5296694453125 0.606263541015625 0.538614814453125 0.6086109375 0.548156482421875 0.611964583984375 0.554715740234375 0.618672396484375 0.562468517578125 0.6242640625 0.569913888671875 0.6273921875 0.56902777734375 0.631752083984375 0.5779731484375 0.637453125 0.595267591796875 0.64785 0.618525 0.6579109375 0.648341666015625
7 0.187093228515625 0.391546296875 0.187093228515625 0.39887407421875 0.187809375 0.4049268515625 0.190675521484375 0.411617591796875 0.197303125 0.414165740234375 0.206796353515625 0.415121296875 0.210916146484375 0.414484259765625 0.211811978515625 0.408112962890625 0.216290103515625 0.413210185546875 0.237247396484375 0.425315740234375 0.268235416015625 0.446661111328125 0.299402603515625 0.473739814453125 0.321972396484375 0.49954537109375 0.332719271484375 0.512606482421875 0.344541666015625 0.52407592578125 0.351885416015625 0.525987037109375 0.357080208984375 0.525668517578125 0.362274478515625 0.52184537109375 0.3631703125 0.51802222265625 0.3612 0.518340740234375 0.356184375 0.52280092578125 0.3463328125 0.52184537109375 0.3368390625 0.5142 0.323942708984375 0.49827037109375 0.308896353515625 0.479793517578125 0.293491666015625 0.465457408203125 0.275758853515625 0.44857222265625 0.261249478515625 0.437740740234375 0.242441666015625 0.424360185546875 0.218439583984375 0.40875 0.213099478515625 0.40595092578125 0.213603125 0.401103703125 0.210020833984375 0.394732408203125 0.20231875 0.388042591796875 0.192825 0.383263888671875 0.189063541015625 0.38644907421875 0.187093228515625 0.391546296875