7 0.207015681640625 0.294950083984375 0.193991240234375 0.309332076171875 0.186883951171875 0.333563611328125 0.158860396484375 0.383027771484375 0.11674272265625 0.44164359375 0.081861693359375 0.472323658203125 0.0648783984375 0.49250157421875 0.053734115234375 0.524751734375 0.0540276015625 0.5522092578125 0.062277509765625 0.548848833984375 0.07061390625 0.50753775 0.08731014453125 0.4836410703125 0.120290583984375 0.459570927734375 0.1518336796875 0.4169059609375 0.1798831171875 0.36670058203125 0.1923070703125 0.34562133203125 0.207703205078125 0.335031828125 0.217964318359375 0.31610340625 0.217544431640625 0.304219474609375 0.207015681640625 0.294950083984375
7 0.441070458984375 0.3817556171875 0.423060326171875 0.359614509765625 0.406372703125 0.311555623046875 0.369817751953125 0.21087594921875 0.341641111328125 0.16909214453125 0.30614722265625 0.145598373046875 0.30800198828125 0.16420869921875 0.319795375 0.17633415234375 0.34578994921875 0.1937176796875 0.364300576171875 0.23738844140625 0.385576900390625 0.297476837890625 0.397859376953125 0.340188916015625 0.4066721328125 0.362750962890625 0.4119911953125 0.377773525390625 0.415645515625 0.40460629296875 0.42607079296875 0.416838693359375 0.4368035625 0.408311771484375 0.441070458984375 0.3817556171875
7 0.37362998046875 0.137569892578125 0.373371240234375 0.144979265625 0.340942541015625 0.1890966171875 0.31627384375 0.2141991328125 0.29936816796875 0.232154330078125 0.270398349609375 0.248946119140625 0.242000181640625 0.261307013671875 0.24896112890625 0.2771281015625 0.278347880859375 0.260350873046875 0.30062143359375 0.244066435546875 0.317614541015625 0.2288159375 0.3346690859375 0.213358197265625 0.3534236171875 0.190274583984375 0.371421869140625 0.164940060546875 0.377934087890625 0.1577490625 0.3928615546875 0.14862650390625 0.405414310546875 0.1238439375 0.402648580078125 0.107427228515625 0.392226287109375 0.1070632734375 0.380374537109375 0.123710720703125 0.37362998046875 0.137569892578125
6 0.253421556640625 0.507987365234375 0.257849111328125 0.5007235703125 0.25833772265625 0.474777595703125 0.258797529296875 0.4377025390625 0.257095537109375 0.402778345703125 0.25297255078125 0.3774125234375 0.24673605859375 0.34084574609375 0.240899513671875 0.3406419296875 0.246638498046875 0.36754749609375 0.250948513671875 0.41146540625 0.2535132109375 0.457546873046875 0.249796076171875 0.49228275390625 0.253421556640625 0.507987365234375
2 0.250677923828125 0.371398220703125 0.257768224609375 0.383515087890625 0.26259276953125 0.400744884765625 0.276145064453125 0.410392248046875 0.2958149609375 0.40561376953125 0.30753089453125 0.3689327109375 0.31023355859375 0.33935438671875 0.304051755859375 0.313175474609375 0.29104485546875 0.291208158203125 0.271473447265625 0.27791425 0.24961390625 0.28234294921875 0.2383924921875 0.3168167734375 0.239858640625 0.346540677734375 0.250677923828125 0.371398220703125
6 0.259251509765625 0 0.27606775 0.04568960546875 0.29195775 0.094576716796875 0.303381234375 0.11866784375 0.317119982421875 0.11452905859375 0.29885733203125 0.060145609375 0.288535283203125 0.029406462890625 0.275569478515625 0 0.259251509765625 0
7 0.291891912109375 0.40969786328125 0.310234337890625 0.43866491015625 0.322606365234375 0.464724599609375 0.33353269921875 0.488710349609375 0.34206727734375 0.515985001953125 0.342237060546875 0.53285212890625 0.3441215078125 0.541702916015625 0.35273741015625 0.55817197265625 0.36211878515625 0.561197517578125 0.369364603515625 0.549310744140625 0.36912421484375 0.534465533203125 0.354028578125 0.51033326171875 0.344571486328125 0.487746861328125 0.325421537109375 0.449310681640625 0.3087835078125 0.415009126953125 0.2964140546875 0.399740359375 0.291891912109375 0.40969786328125
7 0.302463068359375 0.450018205078125 0.299627220703125 0.462457369140625 0.299420771484375 0.47753249609375 0.300183068359375 0.48780424609375 0.303251865234375 0.49867630078125 0.310227501953125 0.50406284375 0.3176170390625 0.49892501171875 0.32156898828125 0.483551716796875 0.31656606640625 0.463818798828125 0.312652904296875 0.44547291015625 0.30736771875 0.433823029296875 0.3010220703125 0.376877064453125 0.297834173828125 0.403755330078125 0.30164915625 0.43206126953125 0.302463068359375 0.450018205078125
5 0.675423625 0.8114869453125 0.685524091796875 0.819649048828125 0.69619406640625 0.81150257421875 0.70040356640625 0.793902650390625 0.697706947265625 0.7796109453125 0.68725723828125 0.770018189453125 0.677506470703125 0.763288609375 0.66888065234375 0.77008615625 0.667933650390625 0.7871162578125 0.675423625 0.8114869453125
7 0.882260546875 0.74488246875 0.877321716796875 0.737611232421875 0.860373365234375 0.765414458984375 0.83481880078125 0.776590537109375 0.80686474609375 0.76496620703125 0.76731385546875 0.742288751953125 0.718760123046875 0.714327216796875 0.7085085 0.699061994140625 0.699205951171875 0.690928681640625 0.68377100390625 0.686840296875 0.67971005078125 0.700186330078125 0.68036202734375 0.71582601953125 0.691309982421875 0.722597408203125 0.702405966796875 0.725114888671875 0.709587005859375 0.72536565625 0.72292884765625 0.73221971484375 0.750734318359375 0.748098859375 0.7797364921875 0.7640188671875 0.8078169140625 0.7834560703125 0.837515419921875 0.7908822421875 0.85873101953125 0.77813526171875 0.8751346796875 0.765929935546875 0.882260546875 0.74488246875
7 0.755493263671875 0.634683818359375 0.75385527734375 0.652249390625 0.7778239453125 0.692964390625 0.79379016796875 0.7275954765625 0.800578126953125 0.750549134765625 0.80285333203125 0.77689366015625 0.81509699609375 0.780870603515625 0.81992857421875 0.756903328125 0.805681529296875 0.718782890625 0.78851815234375 0.6841090703125 0.765071216796875 0.64637705859375 0.755493263671875 0.634683818359375
7 0.625530626953125 0.707500876953125 0.616886212890625 0.7377240859375 0.62214946484375 0.74713665234375 0.629955154296875 0.752378 0.637034576171875 0.74410706640625 0.642091046875 0.725116412109375 0.6437492265625 0.698107828125 0.64492491015625 0.68972152734375 0.6549676640625 0.665226537109375 0.666924583984375 0.62021177734375 0.680029154296875 0.57665740234375 0.670129837890625 0.574181708984375 0.65440857421875 0.62403378515625 0.64006037109375 0.680322884765625 0.631236986328125 0.692792919921875 0.625530626953125 0.707500876953125
7 0.62170553515625 0.56539192578125 0.627048716796875 0.5953938984375 0.62805915234375 0.646539951171875 0.62166209375 0.692458556640625 0.6112814375 0.760954669921875 0.60056505078125 0.781876751953125 0.59610795703125 0.806566796875 0.604513509765625 0.817508478515625 0.617926513671875 0.810878103515625 0.623887458984375 0.790312498046875 0.62387740625 0.777721142578125 0.621580021484375 0.76344337890625 0.62401774609375 0.739392505859375 0.630538078125 0.6899288203125 0.6350142578125 0.64181405859375 0.63323117578125 0.58993041015625 0.626682568359375 0.52581280859375 0.616758498046875 0.524045943359375 0.62170553515625 0.56539192578125
6 0.6647232421875 0.4888076796875 0.65932528515625 0.5404405625 0.64567035546875 0.576876951171875 0.62954728125 0.6153571484375 0.60342584765625 0.654197888671875 0.585157 0.6855053125 0.58344296875 0.71171053125 0.59217040625 0.713434681640625 0.6011175546875 0.69742051171875 0.61181095703125 0.6786489375 0.61694353125 0.66744808984375 0.62773420703125 0.6443986015625 0.64764585546875 0.600372244140625 0.661248216796875 0.5539946328125 0.67138691796875 0.515305455078125 0.673744681640625 0.470666103515625 0.662119998046875 0.448963853515625 0.6571620859375 0.46511733203125 0.6647232421875 0.4888076796875
2 0.663110796875 0.523535525390625 0.647532966796875 0.546416916015625 0.63041128125 0.57918378515625 0.6276733671875 0.60038448046875 0.63853051953125 0.644065923828125 0.648534548828125 0.666421271484375 0.662976552734375 0.687512212890625 0.680335443359375 0.70515562890625 0.706090638671875 0.69966594140625 0.722871322265625 0.699542244140625 0.731485927734375 0.682828080078125 0.750511306640625 0.651525763671875 0.761451052734375 0.62422240625 0.75166676953125 0.58412780859375 0.736520189453125 0.5374568828125 0.720207361328125 0.512751228515625 0.703866689453125 0.477396447265625 0.689028509765625 0.46765044140625 0.67958308203125 0.486486904296875 0.68270316796875 0.50008370703125 0.663110796875 0.523535525390625
6 0.318171978515625 0.32233402734375 0.3055405234375 0.316522990234375 0.296065931640625 0.306794736328125 0.2894901328125 0.300524388671875 0.288501787109375 0.307202296875 0.291497048828125 0.318717548828125 0.306273623046875 0.327959244140625 0.31468738671875 0.335636259765625 0.32578751171875 0.3420646015625 0.337617916015625 0.34919015234375 0.346905767578125 0.36428089453125 0.351811478515625 0.38593195703125 0.35744857421875 0.408278412109375 0.363790255859375 0.421253005859375 0.37573548828125 0.424194830078125 0.381273279296875 0.41783607421875 0.3775243125 0.40629450390625 0.370053814453125 0.40402036328125 0.364445751953125 0.40248204296875 0.35994203515625 0.39091411328125 0.3585722734375 0.37609987890625 0.352958638671875 0.353081609375 0.34254022265625 0.337951388671875 0.329648958984375 0.328775529296875 0.318171978515625 0.32233402734375
7 0.6795608984375 0.76688379296875 0.68905597265625 0.792874517578125 0.698574625 0.827815962890625 0.702621400390625 0.846454658203125 0.706643427734375 0.846595111328125 0.707332451171875 0.836475029296875 0.70251119921875 0.8207925859375 0.69383169921875 0.790653724609375 0.68043721484375 0.751400314453125 0.6690096484375 0.703861427734375 0.661668787109375 0.664221828125 0.65468612890625 0.633546486328125 0.644666302734375 0.6033608203125 0.630977736328125 0.562902892578125 0.631856267578125 0.556966974609375 0.629045767578125 0.54135475 0.622088376953125 0.529177671875 0.616975259765625 0.5218382734375 0.611885162109375 0.52345050390625 0.60706784765625 0.52686223828125 0.6048281484375 0.533348208984375 0.604851169921875 0.5422998359375 0.60686413671875 0.55191761328125 0.609986826171875 0.558589916015625 0.616419984375 0.5665720703125 0.621748404296875 0.574208052734375 0.624905548828125 0.573431650390625 0.628950599609375 0.58252373046875 0.6340446015625 0.6000066015625 0.643623470703125 0.6236126875 0.652637693359375 0.6537623125 0.6624724375 0.6988589375 0.66702364453125 0.722289453125 0.6731671171875 0.74816313671875 0.6795608984375 0.76688379296875
7 0.200483091796875 0.40365405859375 0.209937189453125 0.40494034375 0.214076705078125 0.40444747265625 0.215194345703125 0.3981113203125 0.219491853515625 0.40336172265625 0.240013900390625 0.416191302734375 0.2702381015625 0.43860513671875 0.30044126953125 0.4667550625 0.322096712890625 0.49333257421875 0.33238121484375 0.5067607890625 0.34379612890625 0.518635841796875 0.351068708984375 0.52080208203125 0.356271453125 0.520665052734375 0.361595984375 0.51702551171875 0.36262469921875 0.51323595703125 0.360644470703125 0.513485517578125 0.3554762421875 0.517767943359375 0.345664029296875 0.51646915625 0.3364428828125 0.508497115234375 0.324110322265625 0.49212711328125 0.30971796484375 0.47313640625 0.294822984375 0.4582714140625 0.2776902578125 0.4407776484375 0.263567736328125 0.42944639453125 0.24523835546875 0.415417607421875 0.221795681640625 0.39897926953125 0.216556515625 0.395995533203125 0.217229021484375 0.391168841796875 0.213871267578125 0.384676408203125 0.206407345703125 0.3777218671875 0.197086154296875 0.372614748046875 0.193215826171875 0.375666720703125 0.191068822265625 0.38069207421875 0.1908130859375 0.388015388671875 0.19131755859375 0.39408947265625 0.193948455078125 0.4008761640625 0.200483091796875 0.40365405859375