2 0.079952603515625 0.50102592578125 0.090330208984375 0.503431482421875 0.099805208984375 0.493809259765625 0.097548958984375 0.473762962890625 0.089427603515625 0.460933333984375 0.0736359375 0.46815 0.076343228515625 0.486592591796875 0.079952603515625 0.50102592578125
7 0.231101041015625 0.396785185546875 0.255916666015625 0.41602962890625 0.2856953125 0.428859259765625 0.288402083984375 0.41202037109375 0.26855 0.399992591796875 0.231552083984375 0.375937037109375 0.188238021484375 0.375937037109375 0.129583333984375 0.388766666015625 0.107475 0.388766666015625 0.087171875 0.39197407421875 0.082208853515625 0.408011111328125 0.084013541015625 0.4224444453125 0.0925859375 0.426453703125 0.103414583984375 0.4256518515625 0.1138546875 0.421643517578125 0.11695 0.41282222265625 0.125973958984375 0.409614814453125 0.152143228515625 0.399190740234375 0.200871353515625 0.389568517578125 0.231101041015625 0.396785185546875
7 0.505955208984375 0.895356482421875 0.526010416015625 0.90015462890625 0.530638541015625 0.885761111328125 0.529095833984375 0.8720518515625 0.518682291015625 0.8638268515625 0.502869791015625 0.866568517578125 0.492070833984375 0.866568517578125 0.448103125 0.851489814453125 0.4106921875 0.838466666015625 0.380609375 0.826128703125 0.361711458984375 0.823387037109375 0.343584375 0.833668517578125 0.318901041015625 0.858343517578125 0.325071875 0.8638268515625 0.3320140625 0.859714814453125 0.3482125 0.844635185546875 0.368267708984375 0.83572407421875 0.397965103515625 0.8460055546875 0.448103125 0.865883333984375 0.493613541015625 0.8830194453125 0.505955208984375 0.895356482421875
7 0.561107291015625 0.731538888671875 0.549151041015625 0.72399907421875 0.534880728515625 0.7342805546875 0.5252390625 0.750731482421875 0.465072916015625 0.792542591796875 0.423419791015625 0.822015740234375 0.4133921875 0.828185185546875 0.4160921875 0.8391518515625 0.4299765625 0.83572407421875 0.458902083984375 0.817903703125 0.493227603515625 0.78980092578125 0.528709896484375 0.767866666015625 0.545294271484375 0.76855277734375 0.5603359375 0.75004537109375 0.561107291015625 0.731538888671875
7 0.396036458984375 0.844635185546875 0.4226484375 0.835038888671875 0.43421875 0.824757408203125 0.43421875 0.817903703125 0.421105728515625 0.823387037109375 0.3856234375 0.8309268515625 0.356697396484375 0.834353703125 0.334328125 0.82887037109375 0.328542708984375 0.8213305546875 0.3111875 0.81447592578125 0.297688541015625 0.817903703125 0.294217708984375 0.83572407421875 0.2996171875 0.8473768515625 0.3088734375 0.849433333984375 0.315535416015625 0.847766666015625 0.326228646484375 0.841893517578125 0.3320140625 0.843263888671875 0.3478265625 0.84395 0.373281771484375 0.844635185546875 0.396036458984375 0.844635185546875
2 0.384080728515625 0.729462037109375 0.3948796875 0.724663888671875 0.407221353515625 0.706157408203125 0.40645 0.6862805546875 0.401821875 0.66777407421875 0.388708853515625 0.652008333984375 0.3763671875 0.632131482421875 0.358625521484375 0.630075 0.33895625 0.6417268515625 0.328542708984375 0.663661111328125 0.313115625 0.678740740234375 0.316972396484375 0.70410092578125 0.3320140625 0.7109555546875 0.346283853515625 0.715068517578125 0.352069271484375 0.736316666015625 0.351297916015625 0.737687037109375 0.359397396484375 0.7383731484375 0.364796875 0.729462037109375 0.373281771484375 0.717810185546875 0.384080728515625 0.729462037109375
7 0.472399478515625 0.176456482421875 0.4624390625 0.20427407421875 0.465284896484375 0.221343517578125 0.478091146484375 0.22640092578125 0.478802603515625 0.249792591796875 0.482004166015625 0.2706555546875 0.492597396484375 0.274657408203125 0.4965890625 0.257378703125 0.501569271484375 0.2333555546875 0.504059375 0.20869907421875 0.499079166015625 0.189733333984375 0.490541666015625 0.17392777734375 0.472399478515625 0.176456482421875
7 0.498011978515625 0.224210185546875 0.519711978515625 0.209037037109375 0.543190103515625 0.194496296875 0.539277083984375 0.1793231484375 0.5268265625 0.186910185546875 0.471332291015625 0.232428703125 0.436470833984375 0.253291666015625 0.422597396484375 0.2520268515625 0.406589583984375 0.257716666015625 0.399119271484375 0.272257408203125 0.403032291015625 0.289959259765625 0.41228125 0.29312037109375 0.420463021484375 0.2874305546875 0.434203125 0.274996296875 0.435047916015625 0.264671296875 0.440383853515625 0.26277407421875 0.45496875 0.255187962890625 0.475956771484375 0.24127962890625 0.498011978515625 0.224210185546875
7 0.7473640625 0.310189814453125 0.750921353515625 0.296913888671875 0.7527 0.281740740234375 0.747008333984375 0.272257408203125 0.730644791015625 0.277314814453125 0.7174828125 0.2867981484375 0.663767708984375 0.299442591796875 0.586574478515625 0.307028703125 0.544954166015625 0.305132408203125 0.545665103515625 0.318408333984375 0.558116146484375 0.322834259765625 0.604716666015625 0.3196731484375 0.6577203125 0.316512037109375 0.695071875 0.312086111328125 0.715704166015625 0.303867591796875 0.73135625 0.313983333984375 0.7473640625 0.310189814453125
7 0.68013125 0.305112962890625 0.696850521484375 0.31017037109375 0.706455208984375 0.296262037109375 0.705032291015625 0.281721296875 0.693293228515625 0.278560185546875 0.677641146484375 0.280457408203125 0.669815103515625 0.285514814453125 0.648471353515625 0.277296296875 0.640289583984375 0.265284259765625 0.6342421875 0.2292481484375 0.6257046875 0.202696296875 0.622147396484375 0.182465740234375 0.613254166015625 0.19447777734375 0.619167708984375 0.212814814453125 0.631040625 0.246318517578125 0.6342421875 0.2671805546875 0.638866666015625 0.283618517578125 0.652384375 0.29310092578125 0.671238021484375 0.298159259765625 0.68013125 0.305112962890625
2 0.629617708984375 0.00165462890625 0.60329375 0.0105055546875 0.592977603515625 0.030736111328125 0.574123958984375 0.0446444453125 0.544597916015625 0.069933333984375 0.541040625 0.11924537109375 0.5421078125 0.174878703125 0.545665103515625 0.21154722265625 0.558471875 0.242525 0.573768228515625 0.252639814453125 0.586574478515625 0.27097407421875 0.596179166015625 0.294365740234375 0.604716666015625 0.312067591796875 0.6161 0.316492591796875 0.634953646484375 0.307010185546875 0.6406453125 0.2924694453125 0.6619890625 0.265916666015625 0.664834896484375 0.241892591796875 0.673728125 0.219133333984375 0.691514583984375 0.1571768515625 0.698629166015625 0.097117591796875 0.695427603515625 0.056656482421875 0.6790640625 0.023782408203125 0.6577203125 0.004184259765625 0.629617708984375 0.00165462890625
7 0.382042708984375 0.736628703125 0.371621875 0.736153703125 0.363605208984375 0.72855 0.343030208984375 0.701464814453125 0.33955625 0.7133444453125 0.3534515625 0.736153703125 0.382042708984375 0.756111111328125 0.396471875 0.746132408203125 0.403419791015625 0.71429537109375 0.4109015625 0.6767555546875 0.419184896484375 0.652996296875 0.422926041015625 0.629712962890625 0.422391666015625 0.606428703125 0.4114359375 0.60262777734375 0.404488541015625 0.622110185546875 0.405557291015625 0.64919537109375 0.406358853515625 0.65537222265625 0.403152603515625 0.67390462890625 0.3940671875 0.71524537109375 0.390058853515625 0.73045092578125 0.382042708984375 0.736628703125
4 0.49123932421875 0.20167155078125 0.491339154296875 0.196703556640625 0.4883046875 0.2050444453125 0.4857515625 0.210017498046875 0.4857515625 0.212106482421875 0.48561165234375 0.21029001953125 0.482347916015625 0.21664722265625 0.478093228515625 0.21664722265625 0.4735546875 0.21362037109375 0.471569271484375 0.2055481484375 0.471285416015625 0.193440740234375 0.4724203125 0.1889 0.475540103515625 0.1838555546875 0.481496875 0.181333333984375 0.48604414453125 0.179429974609375 0.4834828125 0.176792591796875 0.4761078125 0.178810185546875 0.4687328125 0.18940462890625 0.468165625 0.204035185546875 0.4698671875 0.212611111328125 0.474689583984375 0.21664722265625 0.479511458984375 0.220683333984375 0.48779730078125 0.21061898828125 0.488020833984375 0.210088888671875 0.49123932421875 0.20167155078125
4 0.501352603515625 0.204539814453125 0.499083333984375 0.198989814453125 0.495963021484375 0.202521296875 0.498232291015625 0.2055481484375 0.499083333984375 0.212611111328125 0.498516146484375 0.2191694453125 0.49738125 0.224214814453125 0.4931265625 0.227746296875 0.486035416015625 0.227241666015625 0.486035416015625 0.218161111328125 0.4919921875 0.207062037109375 0.494261458984375 0.19697222265625 0.493977603515625 0.1889 0.493441001953125 0.188263701171875 0.492843228515625 0.1974768515625 0.49123932421875 0.20167155078125 0.491141146484375 0.206557408203125 0.48779730078125 0.21061898828125 0.483766146484375 0.220178703125 0.482631771484375 0.227746296875 0.486886458984375 0.23632222265625 0.4919921875 0.235817591796875 0.4968140625 0.23430462890625 0.50106875 0.22875462890625 0.502203646484375 0.21160277734375 0.501352603515625 0.204539814453125
4 0.493441001953125 0.188263701171875 0.493694271484375 0.184360185546875 0.492843228515625 0.1838555546875 0.489722916015625 0.181333333984375 0.486319271484375 0.179314814453125 0.48604414453125 0.179429974609375 0.488871875 0.182341666015625 0.491425 0.1858731484375 0.493441001953125 0.188263701171875
4 0.477282470703125 0.187884732421875 0.4772421875 0.187891666015625 0.4729875 0.19445 0.474689583984375 0.201512962890625 0.479511458984375 0.20907962890625 0.481496875 0.214125 0.4851371484375 0.20894550390625 0.477526041015625 0.19394537109375 0.477282470703125 0.187884732421875