7 0.07724355859375 0.936014896484375 0.08949076171875 0.891251740234375 0.09872709375 0.807931560546875 0.1011779375 0.737797548828125 0.103375263671875 0.6914280625 0.097671150390625 0.651729900390625 0.088946111328125 0.64950591015625 0.084770431640625 0.659083021484375 0.085894095703125 0.685198869140625 0.090611513671875 0.698570427734375 0.0927686171875 0.71537237890625 0.0935688515625 0.74208840625 0.091462689453125 0.812810009765625 0.080766244140625 0.889027740234375 0.067369365234375 0.94450333203125 0.06850127734375 0.99022109375 0.074230880859375 0.99309098046875 0.07429519140625 0.977645837890625 0.07724355859375 0.936014896484375
7 0.455331263671875 0.969881697265625 0.45519494140625 0.96207177734375 0.451490427734375 0.954325064453125 0.43901836328125 0.947708390625 0.426314443359375 0.943535951171875 0.28568691015625 0.846882 0.274064228515625 0.84171461328125 0.262362521484375 0.847777166015625 0.262343666015625 0.862424169921875 0.266846462890625 0.8686928359375 0.268242013671875 0.864993841796875 0.269927767578125 0.856433490234375 0.273719298828125 0.853438158203125 0.397466185546875 0.942574458984375 0.422950705078125 0.955312189453125 0.424776751953125 0.9655328046875 0.428713107421875 0.97083435546875 0.4383976953125 0.9750595 0.4464346015625 0.9793124765625 0.454386853515625 0.978685630859375 0.455331263671875 0.969881697265625
2 0.589458576171875 0.512961078125 0.585300185546875 0.494968875 0.584059439453125 0.471068369140625 0.569103501953125 0.432271625 0.51306448828125 0.415185927734375 0.47646481640625 0.457811728515625 0.4536089921875 0.485550951171875 0.44635532421875 0.526199478515625 0.4419000078125 0.55410555859375 0.435391685546875 0.6059705625 0.434937046875 0.629821943359375 0.459763423828125 0.66510792578125 0.493034150390625 0.699190796875 0.510851703125 0.69741475390625 0.550715947265625 0.684513357421875 0.58421728125 0.653171126953125 0.609842833984375 0.563867705078125 0.604733357421875 0.53856969140625 0.598232314453125 0.527942642578125 0.589458576171875 0.512961078125
7 0.6248162265625 0.642788775390625 0.627165583984375 0.651535216796875 0.64518708203125 0.66147313671875 0.683589794921875 0.674961453125 0.706406078125 0.692139017578125 0.737952984375 0.7218577890625 0.7506545625 0.74165301953125 0.750105685546875 0.741662599609375 0.754985146484375 0.753782994140625 0.759745333984375 0.759070166015625 0.771008921875 0.759362521484375 0.7742022734375 0.737824806640625 0.7656864453125 0.721861736328125 0.75364398046875 0.708402265625 0.74952637890625 0.708474138671875 0.711914724609375 0.6773961875 0.65627123046875 0.651515212890625 0.6248162265625 0.642788775390625
2 0.23730019140625 0.444109564453125 0.233122484375 0.48815862890625 0.243060087890625 0.522188525390625 0.255523515625 0.543470546875 0.2760924765625 0.55679230078125 0.305831181640625 0.560183064453125 0.3245378828125 0.533962779296875 0.3445226484375 0.509667703125 0.366951861328125 0.472140916015625 0.368860076171875 0.455494892578125 0.37468596875 0.411417056640625 0.363257349609375 0.35493569140625 0.344477212890625 0.318128212890625 0.308506548828125 0.30409737109375 0.278644267578125 0.3251411875 0.257207822265625 0.388059146484375 0.23730019140625 0.444109564453125
2 0.476170076171875 0.24002258984375 0.468170162109375 0.245140765625 0.46232109765625 0.230861041015625 0.4544684921875 0.226572435546875 0.44136729296875 0.224588744140625 0.42352143359375 0.235963966796875 0.43142027734375 0.260717845703125 0.435692048828125 0.262405587890625 0.4258389453125 0.27962276171875 0.42678741796875 0.31611454296875 0.4369905078125 0.33031826953125 0.45510665234375 0.334427724609375 0.462534533203125 0.31438392578125 0.46303337109375 0.28948346484375 0.476067005859375 0.28759644921875 0.4955547109375 0.281171103515625 0.48678312890625 0.242050638671875 0.476170076171875 0.24002258984375
2 1 0.806845619140625 0.99311084765625 0.81686266015625 0.94577339453125 0.8070123125 0.93018312109375 0.838921666015625 0.898273845703125 0.85926036328125 0.876004810546875 0.921959486328125 0.88726487890625 0.99239036328125 1 0.990422564453125 1 0.806845619140625
7 0.267843763671875 0.92866326953125 0.275978431640625 0.95576616796875 0.2859503984375 0.962727453125 0.292015193359375 0.954837998046875 0.291287927734375 0.93409290234375 0.28490671484375 0.923824927734375 0.278239697265625 0.918103375 0.25862915234375 0.8814706015625 0.228468845703125 0.804804740234375 0.1930983515625 0.743148759765625 0.1862931875 0.750402890625 0.195306890625 0.765165421875 0.216387900390625 0.8024207734375 0.235701822265625 0.84295005859375 0.25593776171875 0.894491779296875 0.267843763671875 0.92866326953125
7 0.78929680078125 0 0.7829535234375 0.004217751953125 0.751495076171875 0.020153462890625 0.716249341796875 0.05051858203125 0.680669365234375 0.09885986328125 0.657760033203125 0.13770912109375 0.650225365234375 0.135788474609375 0.64396948828125 0.141027158203125 0.634918642578125 0.15144318359375 0.628949162109375 0.17308955078125 0.63332719921875 0.192504064453125 0.64098769140625 0.20160323828125 0.655212025390625 0.19007082421875 0.6702323359375 0.15800750390625 0.685685927734375 0.117730740234375 0.715650775390625 0.082329244140625 0.74399205078125 0.053111650390625 0.76843858984375 0.032167921875 0.81019083984375 0.010923046875 0.81305820703125 0 0.78929680078125 0
2 0.18978008984375 0.719391015625 0.18399092578125 0.73358125 0.182728154296875 0.747692474609375 0.19335158984375 0.7647893046875 0.195526427734375 0.76759621875 0.202079486328125 0.775533060546875 0.208986138671875 0.782120935546875 0.21238093359375 0.782061677734375 0.217532603515625 0.774591927734375 0.21346809765625 0.75788994921875 0.207800802734375 0.735849388671875 0.198786046875 0.716550076171875 0.18978008984375 0.719391015625
2 0.13705868359375 0.595521896484375 0.1327313125 0.60700287109375 0.135252078125 0.621719453125 0.142147029296875 0.62763705859375 0.147097279296875 0.630234392578125 0.15350984375 0.6301224609375 0.157506501953125 0.621331 0.156825091796875 0.603899498046875 0.1553305625 0.583127046875 0.1498862109375 0.57382898046875 0.141044162109375 0.586060158203125 0.13705868359375 0.595521896484375
6 0.324711736328125 0.134446119140625 0.413643478515625 0.06311929296875 0.410970521484375 0.039683669921875 0.315331150390625 0.11582458984375 0.324711736328125 0.134446119140625
7 0.45322295703125 0.267634685546875 0.47313801171875 0.26990505859375 0.491455267578125 0.265004076171875 0.51053171875 0.26139930078125 0.5207315234375 0.255330548828125 0.51394869140625 0.2462864375 0.504461861328125 0.25103328515625 0.48867405078125 0.253272125 0.4750485703125 0.25285615625 0.46582712109375 0.25170765625 0.449269228515625 0.25199667578125 0.423569841796875 0.255717982421875 0.39210894140625 0.266738171875 0.361902716796875 0.265302162109375 0.341194748046875 0.259773833984375 0.331859099609375 0.25208281640625 0.3199815546875 0.246400353515625 0.303492697265625 0.25061469140625 0.3018127578125 0.259806521484375 0.29722325390625 0.271012400390625 0.303258849609375 0.27941575 0.305914443359375 0.28395065234375 0.320321953125 0.2869709609375 0.336307947265625 0.280060359375 0.3364088984375 0.280800376953125 0.34342285546875 0.28198648046875 0.35446127734375 0.2817938046875 0.36922503125 0.284154091796875 0.38427649609375 0.28192810546875 0.399684708984375 0.2790411640625 0.42134821875 0.27604503515625 0.433065373046875 0.272568716796875 0.45322295703125 0.267634685546875
7 0.132157400390625 0.630616484375 0.124066544921875 0.66541113671875 0.11893085546875 0.71005571484375 0.1255243046875 0.74892619140625 0.13432319140625 0.794564767578125 0.14060117578125 0.835297515625 0.14459065625 0.824662380859375 0.142648478515625 0.79313591796875 0.1340115625 0.756776486328125 0.128396919921875 0.714176322265625 0.12981375390625 0.68471840234375 0.136981455078125 0.6478589921875 0.149661125 0.59689475390625 0.160912818359375 0.583702857421875 0.168165765625 0.56068017578125 0.165004916015625 0.53907649609375 0.15620138671875 0.53304218359375 0.14861369140625 0.536887228515625 0.143860587890625 0.563579802734375 0.1422274453125 0.58959837890625 0.132157400390625 0.630616484375
2 0.3957660859375 0.549341462890625 0.384134763671875 0.529473837890625 0.3723942421875 0.535700056640625 0.355555763671875 0.57312462890625 0.3370423515625 0.611582294921875 0.3264787109375 0.652911837890625 0.309097900390625 0.6592365078125 0.28896622265625 0.6696236953125 0.2859495859375 0.690750859375 0.299872353515625 0.712585271484375 0.3211984453125 0.73830588671875 0.3302236328125 0.7381483515625 0.338015796875 0.73199105078125 0.342230421875 0.714856552734375 0.339024771484375 0.692835072265625 0.353498146484375 0.68154371875 0.367284953125 0.66323920703125 0.377831080078125 0.620906111328125 0.389750314453125 0.59259841015625 0.3957660859375 0.549341462890625
7 0.29365934765625 0.83586248046875 0.2929509296875 0.86707959765625 0.285696912109375 0.88225202734375 0.28577234765625 0.9045392890625 0.28851159375 0.917865736328125 0.294882689453125 0.92388323828125 0.300190046875 0.92288583203125 0.30597331640625 0.913102853515625 0.308412939453125 0.891328255859375 0.302905818359375 0.863005240234375 0.301452849609375 0.81566598046875 0.301470896484375 0.74489748046875 0.30396146875 0.70807618359375 0.30016376953125 0.7059134296875 0.29738200390625 0.726022447265625 0.2939788203125 0.78236264453125 0.29365934765625 0.83586248046875
7 0.33948844921875 1 0.333804046875 0.963861908203125 0.319361611328125 0.926222119140625 0.28631509765625 0.863831025390625 0.265833978515625 0.821281990234375 0.2611478046875 0.804089859375 0.256196744140625 0.789687962890625 0.25065811328125 0.7775253671875 0.2431021328125 0.775428212890625 0.238989658203125 0.791103298828125 0.244634712890625 0.80939275 0.255027171875 0.830386796875 0.261330201171875 0.832504892578125 0.2746970703125 0.862362267578125 0.291176314453125 0.8910512578125 0.313488208984375 0.93078180078125 0.325973470703125 0.963998591796875 0.332527744140625 1 0.33948844921875 1
7 0.608634556640625 0.0835573046875 0.616034099609375 0.070425240234375 0.6211300625 0.052810470703125 0.621172025390625 0.0369804765625 0.615929552734375 0.02802708984375 0.6088698984375 0.02419323046875 0.602105658203125 0.03731328125 0.6004655390625 0.052606271484375 0.600174578125 0.074613775390625 0.593478328125 0.107565291015625 0.58437748828125 0.15068994921875 0.565155205078125 0.214907427734375 0.55168646875 0.244540521484375 0.5556084609375 0.2506906015625 0.5651334921875 0.231867796875 0.5803311640625 0.192029826171875 0.5985111484375 0.122741802734375 0.608634556640625 0.0835573046875
2 0.6196246484375 0.021178224609375 0.61299116796875 0.023555466796875 0.614449244140625 0.034271466796875 0.617427609375 0.04100384765625 0.626642873046875 0.040842994140625 0.629623203125 0.029483693359375 0.627578625 0.021605212890625 0.6196246484375 0.021178224609375
7 0.6211246328125 0 0.597650318359375 0.084198177734375 0.579984658203125 0.113536880859375 0.565602345703125 0.11840622265625 0.5542668359375 0.127840677734375 0.551148076171875 0.14043128125 0.55148194921875 0.15955892578125 0.55753054296875 0.166050646484375 0.56820905859375 0.158847443359375 0.573270361328125 0.153900025390625 0.577975861328125 0.14722058984375 0.5810490859375 0.131991486328125 0.59864515625 0.098695986328125 0.610782134765625 0.071432794921875 0.622504650390625 0.020425068359375 0.6284742421875 0 0.6211246328125 0
7 0.3752095 0.94626530859375 0.38041876171875 0.927561359375 0.39070217578125 0.88238333984375 0.392681595703125 0.859849068359375 0.39203134765625 0.822596408203125 0.391319759765625 0.781829470703125 0.39210063671875 0.758613232421875 0.393832048828125 0.744521611328125 0.395811470703125 0.7219873359375 0.398789984375 0.711389294921875 0.403686052734375 0.674742708984375 0.407988447265625 0.64935634765625 0.40906378515625 0.64300976171875 0.409707060546875 0.634561138671875 0.41111630859375 0.624693375 0.411005873046875 0.618366560546875 0.410920001953125 0.613446939453125 0.4045095546875 0.608636787109375 0.400593322265625 0.6108147265625 0.397096873046875 0.614391107421875 0.397280916015625 0.62493487109375 0.397440412109375 0.634072369140625 0.40026851953125 0.637538353515625 0.40152840234375 0.64173459765625 0.404302560546875 0.653300908203125 0.3908988046875 0.7350621015625 0.389425560546875 0.763914431640625 0.389100755859375 0.79063805859375 0.390121708984375 0.82647755078125 0.39079650390625 0.8651364765625 0.38718699609375 0.88488673828125 0.380586697265625 0.9145314453125 0.3739005234375 0.939256529296875 0.3752095 0.94626530859375
7 0.253629908203125 0.55579065625 0.25156726171875 0.564066802734375 0.242525755859375 0.589730359375 0.229435982421875 0.6237056484375 0.21671026171875 0.665913802734375 0.208667845703125 0.6982313046875 0.20227333203125 0.723848658203125 0.20418195703125 0.73205548828125 0.212522716796875 0.69149355859375 0.2197925390625 0.6654682734375 0.227110287109375 0.6421888671875 0.233352470703125 0.620497919921875 0.242275888671875 0.600722505859375 0.246435408203125 0.586131021484375 0.250656021484375 0.575069568359375 0.2550769140625 0.56282851171875 0.25767081640625 0.54708732421875 0.25714756640625 0.54238740625 0.256162177734375 0.53651852734375 0.253280697265625 0.535784443359375 0.249978140625 0.53623381640625 0.2449450078125 0.53867666015625 0.241931216796875 0.543045662109375 0.2375462578125 0.544691884765625 0.232058341796875 0.546357361328125 0.22893498828125 0.54444954296875 0.225129736328125 0.54137659765625 0.21867697265625 0.538349865234375 0.214244083984375 0.5372502109375 0.2087282578125 0.53734648828125 0.20354964453125 0.544108267578125 0.20363865234375 0.549207490234375 0.2042240390625 0.557437416015625 0.205884490234375 0.5640798203125 0.21012448828125 0.566752525390625 0.214329724609375 0.5674635 0.223989169921875 0.564548181640625 0.23051209375 0.558940892578125 0.232884548828125 0.555760115234375 0.238117421875 0.552136755859375 0.243343978515625 0.548121779296875 0.247012814453125 0.543349615234375 0.2513703828125 0.540134185546875 0.253576296875 0.540095681640625 0.254500052734375 0.542433619140625 0.254327181640625 0.5451833515625 0.253629908203125 0.55579065625
4 0.254416205078125 0.550283501953125 0.252629140625 0.561694205078125 0.24591163671875 0.581431115234375 0.236407990234375 0.60592570703125 0.2290217734375 0.6252825625 0.2217040078125 0.64856104296875 0.21503444921875 0.671044755859375 0.20905414453125 0.6950851953125 0.2028941328125 0.721483759765625 0.202507833984375 0.724629869140625 0.204864373046875 0.733220607421875 0.209494052734375 0.707634060546875 0.2137295390625 0.68480110546875 0.22481315625 0.64968473046875 0.234400646484375 0.617340255859375 0.242289576171875 0.60150664453125 0.24661459375 0.58377290625 0.25341426953125 0.56874361328125 0.257352986328125 0.554155986328125 0.257443685546875 0.546698638671875 0.25711332421875 0.54042566796875 0.25594875 0.536914904296875 0.253956263671875 0.53655703125 0.2434209921875 0.539880291015625 0.242152015625 0.54304180859375 0.230755125 0.547557140625 0.23019595703125 0.553452982421875 0.230443626953125 0.555018341796875 0.234187765625 0.5545603359375 0.2389864140625 0.551337208984375 0.24659858984375 0.544925603515625 0.250729044921875 0.541322412109375 0.25248017578125 0.540506541015625 0.254292955078125 0.5432225390625 0.254340884765625 0.54596841796875 0.254416205078125 0.550283501953125
7 0.40593730078125 0.4290965625 0.38922474609375 0.43914717578125 0.389474953125 0.441395001953125 0.39743561328125 0.437877755859375 0.421362416015625 0.429953412109375 0.435818943359375 0.423695529296875 0.446668349609375 0.41637451171875 0.458896359375 0.40339894140625 0.472425453125 0.380267634765625 0.483295822265625 0.362061259765625 0.499495654296875 0.334753080078125 0.51328149609375 0.31424454296875 0.5223443671875 0.30132422265625 0.533662740234375 0.284611181640625 0.533906921875 0.286484056640625 0.53683496484375 0.28493179296875 0.5391368359375 0.283765517578125 0.542256134765625 0.28108381640625 0.546424439453125 0.278007822265625 0.54967001953125 0.27044447265625 0.55518471484375 0.259838279296875 0.55548916015625 0.253077306640625 0.5543549921875 0.248592712890625 0.55049766015625 0.245281751953125 0.54566336328125 0.24649223046875 0.540109369140625 0.254846916015625 0.535432775390625 0.26506249609375 0.53014863671875 0.276790763671875 0.531889310546875 0.279762689453125 0.5232487734375 0.292675638671875 0.512345650390625 0.30900544921875 0.48998478125 0.346180064453125 0.47770252734375 0.368164435546875 0.46270313671875 0.391697388671875 0.453640251953125 0.40461678515625 0.439512529296875 0.417625513671875 0.4227475859375 0.42467473046875 0.40593730078125 0.4290965625