7 0.396163435546875 0.184076810546875 0.424822171875 0.217090009765625 0.428140083984375 0.2326170703125 0.440097041015625 0.2550662578125 0.454147087890625 0.25721438671875 0.459101966796875 0.2467960390625 0.4554963203125 0.23074143359375 0.442994826171875 0.214078255859375 0.42977839453125 0.208896685546875 0.42122295703125 0.196901802734375 0.3843766015625 0.1559330546875 0.35642201171875 0.12193125390625 0.308396341796875 0.0759791875 0.27647727734375 0.04042366015625 0.27162621484375 0.044881505859375 0.281551142578125 0.06077381640625 0.322968736328125 0.104134583984375 0.36251955859375 0.14160343359375 0.396163435546875 0.184076810546875
7 0.463346666015625 0.41775285546875 0.47877951953125 0.45537671484375 0.48774914453125 0.477364529296875 0.49645245703125 0.51546005078125 0.499452671875 0.564161427734375 0.5063927734375 0.568082263671875 0.5050751796875 0.55004390625 0.502193638671875 0.50979069140625 0.492907646484375 0.472546609375 0.4746065703125 0.42624784375 0.445756169921875 0.366331884765625 0.4096807265625 0.293382224609375 0.407984802734375 0.281796505859375 0.40018216796875 0.26325561328125 0.391465328125 0.24423649609375 0.383815150390625 0.24543773828125 0.37903061328125 0.250162416015625 0.38072676171875 0.261749033203125 0.391225201171875 0.28950690625 0.404394828125 0.30247078125 0.426437607421875 0.34783663671875 0.4437528359375 0.377427607421875 0.463346666015625 0.41775285546875
7 0.4595704921875 0.47983837890625 0.48471754296875 0.4918561796875 0.492318052734375 0.496397724609375 0.51110968359375 0.495244205078125 0.534017994140625 0.49306428125 0.5462869453125 0.486473529296875 0.54197122265625 0.475541001953125 0.5297022734375 0.48213175390625 0.49195302734375 0.4837730625 0.464316435546875 0.470177330078125 0.42530556640625 0.433280970703125 0.3944423828125 0.397178765625 0.370059939453125 0.367936572265625 0.365829390625 0.354157208984375 0.355653529296875 0.34044690234375 0.341570205078125 0.32700467578125 0.334706107421875 0.332954009765625 0.33158036328125 0.344329580078125 0.337099306640625 0.35849482421875 0.351306171875 0.3740256875 0.36693369140625 0.379312267578125 0.380060591796875 0.393700072265625 0.41549065234375 0.438553703125 0.4595704921875 0.47983837890625
7 0.63895156640625 0.85765092578125 0.649549083984375 0.869812291015625 0.657948458984375 0.869004447265625 0.66299184765625 0.862000365234375 0.6625946875 0.85003262109375 0.65607844921875 0.83556827734375 0.64475731640625 0.825174287109375 0.63613761328125 0.820428806640625 0.630049513671875 0.821946740234375 0.609202369140625 0.796689884765625 0.5547348671875 0.733846337890625 0.52185781640625 0.696648796875 0.500478662109375 0.65888334375 0.4844638359375 0.63874275390625 0.46371012890625 0.625529369140625 0.4624193125 0.633321248046875 0.482260109375 0.646761291015625 0.502224537109375 0.67626048828125 0.51688326171875 0.701336875 0.5449940078125 0.7362750078125 0.587670322265625 0.784245033203125 0.626897787109375 0.831351537109375 0.628108099609375 0.841392169921875 0.63895156640625 0.85765092578125
2 0.517132798828125 0.778847421875 0.55144629296875 0.84589715625 0.5633942421875 0.873617125 0.580360623046875 0.88719937109375 0.60271292578125 0.88737294140625 0.6140178515625 0.873062009765625 0.613423662109375 0.852523451171875 0.622158400390625 0.83827887109375 0.624674244140625 0.81983916015625 0.636210505859375 0.812940591796875 0.64460930859375 0.794756556640625 0.643275591796875 0.76865766796875 0.63111771484375 0.745831060546875 0.600113015625 0.691503193359375 0.57329258203125 0.64877330859375 0.53160434765625 0.638480646484375 0.49828942578125 0.646212515625 0.486098958984375 0.6699386484375 0.48887860546875 0.708319220703125 0.517132798828125 0.778847421875
2 0.91968482421875 0.815294841796875 0.928127689453125 0.81079266796875 0.929539546875 0.807443283203125 0.92754860546875 0.794952041015625 0.920296654296875 0.787268013671875 0.911982017578125 0.788842 0.910889337890625 0.7991056640625 0.913057708984375 0.8100544609375 0.91968482421875 0.815294841796875
2 0.91938975 0.759186609375 0.926365119140625 0.755283166015625 0.92766205078125 0.746966822265625 0.923847798828125 0.738426634765625 0.913889001953125 0.7379122734375 0.90924169140625 0.74856312109375 0.91387964453125 0.755898814453125 0.91938975 0.759186609375
2 0.93096034765625 0.871786763671875 0.936110486328125 0.864214037109375 0.932211306640625 0.8497012421875 0.924490013671875 0.840136943359375 0.9191964921875 0.850447916015625 0.921452466796875 0.862874033203125 0.93096034765625 0.871786763671875
2 0.49935538671875 0.904779630859375 0.50766670703125 0.893446177734375 0.500188724609375 0.871387052734375 0.491087388671875 0.86661946875 0.488388955078125 0.8827724609375 0.491941720703125 0.89384845703125 0.49935538671875 0.904779630859375
2 0.3995367578125 0.423533810546875 0.404983607421875 0.435491669921875 0.409973318359375 0.435777291015625 0.41321537109375 0.432685384765625 0.412463607421875 0.425164212890625 0.41073825 0.41760045703125 0.40682811328125 0.415435810546875 0.401186228515625 0.415985552734375 0.3995367578125 0.423533810546875
3 0.430679521484375 0.3397450703125 0.42815225390625 0.340121353515625 0.42720606640625 0.342808787109375 0.427795416015625 0.34517253515625 0.428605853515625 0.34842302734375 0.4301925078125 0.350539072265625 0.43190946875 0.3510528515625 0.433294408203125 0.3516494140625 0.433350517578125 0.349751693359375 0.433186263671875 0.346968001953125 0.432689259765625 0.3442663203125 0.430679521484375 0.3397450703125