7 0.83901689453125 1 0.837301259765625 0.96187377734375 0.841344365234375 0.88501540234375 0.852771216796875 0.815191279296875 0.858654408203125 0.789118791015625 0.863977841796875 0.77303713671875 0.871160001953125 0.760811375 0.87724616015625 0.735389755859375 0.874974599609375 0.725191845703125 0.865985505859375 0.72571016015625 0.85281142578125 0.76359055859375 0.846120666015625 0.809527375 0.83514428125 0.878840470703125 0.82831267578125 0.96239219921875 0.831141513671875 1 0.83901689453125 1
7 0.65783444140625 0.893784654296875 0.657855830078125 0.90250938671875 0.658519939453125 0.906406701171875 0.664136126953125 0.901112384765625 0.6669123984375 0.886730888671875 0.656582474609375 0.878546931640625 0.644187349609375 0.881401666015625 0.487701095703125 0.949446814453125 0.474434443359375 0.9511185703125 0.460929005859375 0.955233896484375 0.455814412109375 0.96213142578125 0.454190392578125 0.96977184375 0.453437580078125 0.9785942265625 0.461124119140625 0.980726916015625 0.46982487109375 0.978085591796875 0.48013772265625 0.975785982421875 0.485013337890625 0.971332927734375 0.488756021484375 0.961648521484375 0.516202791015625 0.954007494140625 0.654684107421875 0.8901208984375 0.65783444140625 0.893784654296875
2 0.539096369140625 0.639851345703125 0.543201142578125 0.616351431640625 0.546708705078125 0.56419748828125 0.5476599765625 0.5359540078125 0.54829568359375 0.4946682421875 0.531152677734375 0.4630775703125 0.503358830078125 0.41425137890625 0.445089306640625 0.420330416015625 0.423005384765625 0.455560626953125 0.417227001953125 0.478785267578125 0.409711939453125 0.4956534453125 0.39824078125 0.5086856484375 0.3898314453125 0.517876990234375 0.379988755859375 0.541735275390625 0.38810359765625 0.63428752734375 0.4150090390625 0.67144626953125 0.451679162109375 0.6917170859375 0.468830470703125 0.696860248046875 0.507993240234375 0.6697519296875 0.539096369140625 0.639851345703125
7 0.2012755703125 0.70046682421875 0.2083780625 0.6895001640625 0.207841099609375 0.68938602734375 0.224086419921875 0.67237806640625 0.260724330078125 0.64922474609375 0.286399048828125 0.636716333984375 0.32666988671875 0.630803419921875 0.3462565234375 0.62448675 0.350231615234375 0.616349283203125 0.3176894453125 0.618913494140625 0.25812995703125 0.633701685546875 0.2152793828125 0.65703200390625 0.211251146484375 0.656175775390625 0.196861748046875 0.6670901484375 0.185456482421875 0.68113503515625 0.184481572265625 0.702886361328125 0.195594001953125 0.7047485703125 0.2012755703125 0.70046682421875
2 0.650776109375 0.53915655859375 0.665757978515625 0.5668185390625 0.679117919921875 0.596126490234375 0.70895723046875 0.598472435546875 0.731690193359375 0.589320181640625 0.747985431640625 0.5708073046875 0.7642336640625 0.539298818359375 0.768537669921875 0.495261916015625 0.759690724609375 0.436442748046875 0.750653439453125 0.370590501953125 0.72535516015625 0.344235326171875 0.68736816796875 0.351144857421875 0.66190987890625 0.383692658203125 0.639914080078125 0.436955619140625 0.63722248828125 0.48133525390625 0.63591943359375 0.498039546875 0.650776109375 0.53915655859375
2 0.614848466796875 0.29782230859375 0.608461583984375 0.279041400390625 0.612976908203125 0.278199759765625 0.625453888671875 0.255407849609375 0.610106404296875 0.24083647265625 0.596867404296875 0.240283890625 0.58834076953125 0.24299535546875 0.57987446875 0.255896666015625 0.57299812890625 0.249346072265625 0.562193099609375 0.24931179296875 0.546118138671875 0.28603980859375 0.564021787109375 0.29606553125 0.576455896484375 0.3004048125 0.5721943359375 0.32494296484375 0.575661208984375 0.34603580859375 0.594228630859375 0.345458578125 0.606954458984375 0.33346265625 0.614848466796875 0.29782230859375
2 0 0.903945404296875 0.0258977578125 0.909450142578125 0.05038979296875 0.84246180078125 0.040493458984375 0.776665505859375 0.013051251953125 0.750611912109375 0.0038360078125 0.71631405859375 0 0.716364595703125 0 0.903945404296875
7 0.637908056640625 0.9527355 0.630271806640625 0.9570798046875 0.62204861328125 0.965941533203125 0.617376357421875 0.98616671484375 0.62182434765625 0.995068435546875 0.632941376953125 0.990137791015625 0.646098064453125 0.965085015625 0.664305546875 0.933813125 0.6940043203125 0.887079568359375 0.7206967421875 0.85098019140625 0.748499091796875 0.8184317734375 0.760164009765625 0.805660365234375 0.75486803125 0.79724102734375 0.708382875 0.851015205078125 0.6641481640625 0.920517640625 0.637908056640625 0.9527355
7 0.334052025390625 0 0.345761087890625 0.01476637109375 0.368006673828125 0.048854923828125 0.39066605859375 0.08932355859375 0.398150556640625 0.1318090078125 0.4067769296875 0.16614924609375 0.4185394375 0.180183908203125 0.42779538671875 0.1727136015625 0.435797451171875 0.15449115625 0.43406796875 0.132103462890625 0.427170884765625 0.120151826171875 0.422029533203125 0.11381571484375 0.414266822265625 0.114263390625 0.399191185546875 0.07175659765625 0.3734888671875 0.017514501953125 0.35967944140625 0 0.334052025390625 0
2 0.750490234375 0.818435654296875 0.764180716796875 0.80367998828125 0.7656336953125 0.789587078125 0.762658515625 0.77455293359375 0.7543601015625 0.770045771484375 0.741828490234375 0.78727040625 0.732059783203125 0.8078246484375 0.72488306640625 0.82344422265625 0.7285147890625 0.831759716796875 0.73183590625 0.832465640625 0.7398726875 0.82731665625 0.74781976953125 0.82077601953125 0.750490234375 0.818435654296875
2 0.83482130859375 0.68908030859375 0.840103818359375 0.675115095703125 0.838046625 0.663019357421875 0.835939755859375 0.652970994140625 0.82959398046875 0.63927739453125 0.8224755 0.647365796875 0.817044859375 0.667471431640625 0.8130498828125 0.6844526484375 0.815295619140625 0.693845181640625 0.821569009765625 0.6951786328125 0.826923904296875 0.693573572265625 0.83482130859375 0.68908030859375
6 0.7545800859375 0.158119451171875 0.675226251953125 0.065128603515625 0.668130677734375 0.087623623046875 0.741818693359375 0.17460894921875 0.7545800859375 0.158119451171875
7 0.70265103125 0.315335185546875 0.717024712890625 0.325169091796875 0.731743818359375 0.324953357421875 0.735215919921875 0.321008486328125 0.742744060546875 0.31391117578125 0.740377060546875 0.3020354609375 0.74048187109375 0.292691962890625 0.72510009375 0.28540883203125 0.7123565078125 0.288720548828125 0.701724865234375 0.2944889375 0.680342505859375 0.29596442578125 0.650417251953125 0.29161043359375 0.62163712890625 0.27478969140625 0.597119970703125 0.266233083984375 0.580921439453125 0.262789978515625 0.571650271484375 0.262157841796875 0.5581957578125 0.259966302734375 0.543125205078125 0.254756142578125 0.534718416015625 0.248286333984375 0.52633450390625 0.2558700546875 0.5351889375 0.263773521484375 0.553227078125 0.2709520234375 0.570272642578125 0.279258060546875 0.5902550078125 0.28082937109375 0.609100783203125 0.289519 0.619939349609375 0.2951671875 0.640633150390625 0.302241861328125 0.655207416015625 0.308015787109375 0.66955760546875 0.313072830078125 0.68450047265625 0.31357296484375 0.695299322265625 0.315868330078125 0.702410732421875 0.31604234375 0.70265103125 0.315335185546875
7 0.828136044921875 0.714409609375 0.82813894921875 0.75195947265625 0.823908916015625 0.781146509765625 0.810268935546875 0.821892666015625 0.79485299609375 0.8559360703125 0.786930970703125 0.88651271875 0.788817873046875 0.897713685546875 0.802752689453125 0.85892720703125 0.8200981640625 0.815806048828125 0.8339873125 0.7789078203125 0.83746456640625 0.734103552734375 0.836161494140625 0.6984043671875 0.834103087890625 0.65621842578125 0.837464529296875 0.630366265625 0.8378919375 0.60325717578125 0.831177318359375 0.59803497265625 0.8213841328125 0.602278626953125 0.814159181640625 0.622882267578125 0.8168859375 0.646865884765625 0.825413771484375 0.661962333984375 0.828136044921875 0.714409609375
2 0.630045560546875 0.768044482421875 0.655887556640625 0.74686563671875 0.6737207265625 0.72808897265625 0.674790765625 0.706774375 0.657010931640625 0.69273672265625 0.641156259765625 0.68321183984375 0.638672751953125 0.640625998046875 0.627837552734375 0.5993423828125 0.618449388671875 0.55939247265625 0.608112591796875 0.551040451171875 0.592904048828125 0.568323689453125 0.590555478515625 0.61193375 0.596854359375 0.641995654296875 0.5991291875 0.685563267578125 0.60917002734375 0.70616212109375 0.6212229921875 0.720007669921875 0.61387434375 0.741012888671875 0.6147421171875 0.758636763671875 0.62121625 0.76616775390625 0.630045560546875 0.768044482421875
7 0.611638126953125 0.94253502734375 0.6154484609375 0.953241763671875 0.620467994140625 0.955233537109375 0.627870228515625 0.950542255859375 0.633101951171875 0.937983326171875 0.637428611328125 0.9161199375 0.633202908203125 0.89984213671875 0.63846401171875 0.869063392578125 0.648358658203125 0.816485541015625 0.655768216796875 0.760531115234375 0.656874541015625 0.740260771484375 0.652733943359375 0.74165915234375 0.648152921875 0.778279162109375 0.63466737109375 0.847750888671875 0.624208341796875 0.893943154296875 0.613398115234375 0.92069498828125 0.611638126953125 0.94253502734375
7 0.577876265625 1 0.58229406640625 0.98867945703125 0.600888 0.95845525390625 0.630370908203125 0.923711982421875 0.6520215 0.898694478515625 0.670839837890625 0.871936185546875 0.67743121484375 0.8710596796875 0.691638587890625 0.852434326171875 0.70066971875 0.83555803125 0.699623748046875 0.819386244140625 0.6918064375 0.820003119140625 0.684048833984375 0.83088543359375 0.6764407265625 0.84407801953125 0.66856023828125 0.860060119140625 0.64033667578125 0.89791942578125 0.5959925390625 0.9528586484375 0.574633439453125 0.987051140625 0.569935998046875 1 0.577876265625 1
7 0.4828334296875 0.063315107421875 0.486747044921875 0.04165642578125 0.48805509765625 0.0263314609375 0.48391855859375 0.01216178515625 0.476257076171875 0.01457816015625 0.469402537109375 0.022366736328125 0.46642322265625 0.037913896484375 0.468064501953125 0.056177388671875 0.47282237890625 0.070480080078125 0.47528303515625 0.11087628515625 0.479908224609375 0.182360197265625 0.487225228515625 0.224366083984375 0.49298369921875 0.2446605234375 0.498007125 0.2393717890625 0.49044010546875 0.207713181640625 0.483824263671875 0.1410077734375 0.483119205078125 0.096938916015625 0.4828334296875 0.063315107421875
2 0.462537083984375 0.01339512890625 0.463295201171875 0.02511440234375 0.4723104609375 0.027030654296875 0.476518705078125 0.020990267578125 0.479994701171875 0.01074936328125 0.4739366953125 0.0071500703125 0.4660473828125 0.0060515234375 0.462537083984375 0.01339512890625
7 0.47071041796875 0 0.47125331640625 0.00586122265625 0.47302772265625 0.058168552734375 0.4797396484375 0.087246689453125 0.490659349609375 0.1232879453125 0.490770259765625 0.13882364453125 0.494114810546875 0.146278212890625 0.498139109375 0.152100474609375 0.50724699609375 0.161208890625 0.514423138671875 0.15599056640625 0.518400603515625 0.13727805859375 0.517741544921875 0.12432369140625 0.508414478515625 0.11289965625 0.495225525390625 0.10537550390625 0.483482521484375 0.0732050703125 0.47762037890625 0 0.47071041796875 0
7 0.564688015625 0.66874426953125 0.56961816015625 0.65791980078125 0.571655576171875 0.65404105078125 0.57509306640625 0.651178373046875 0.5769931484375 0.64223919140625 0.579185654296875 0.63192426171875 0.5764358515625 0.627746435546875 0.573007140625 0.624861259765625 0.56579665234375 0.62835986328125 0.5647736484375 0.633172712890625 0.56345803125 0.639362212890625 0.562958529296875 0.649317576171875 0.56197791015625 0.65773371875 0.561822505859375 0.6641688828125 0.561201908203125 0.68990976171875 0.559015525390625 0.726817259765625 0.55991711328125 0.737788912109375 0.557560423828125 0.760286859375 0.556571216796875 0.774449947265625 0.552907880859375 0.79738863671875 0.544430666015625 0.837270794921875 0.53668422265625 0.873714943359375 0.53432753515625 0.896212890625 0.535801640625 0.942523029296875 0.537346310546875 0.961877306640625 0.539968576171875 0.955247064453125 0.538123015625 0.929700466796875 0.537300458984375 0.899341021484375 0.537525796875 0.879264900390625 0.5455646640625 0.84144500390625 0.553405357421875 0.806458791015625 0.55818562890625 0.780164177734375 0.562244736328125 0.751560837890625 0.564688015625 0.66874426953125
7 0.753290201171875 0.60927869921875 0.758623359375 0.61602759765625 0.767549064453125 0.62073246484375 0.77181269921875 0.62083694921875 0.7764847734375 0.61902237890625 0.7793821484375 0.61281884375 0.781527123046875 0.604851822265625 0.78258747265625 0.59986326953125 0.778794212890625 0.59223759765625 0.773398099609375 0.5910906171875 0.76883683203125 0.591324234375 0.761925095703125 0.593064111328125 0.75760341015625 0.5953545234375 0.7541734140625 0.59663132421875 0.74910411328125 0.5939493046875 0.745113833984375 0.591496638671875 0.74298905859375 0.58663284765625 0.738514515625 0.58327451953125 0.73535837890625 0.58220324609375 0.732389771484375 0.582374029296875 0.73030265234375 0.587947060546875 0.728892228515625 0.59246078515625 0.7284349140625 0.608407703125 0.73043887890625 0.62126740234375 0.732471322265625 0.63293095703125 0.733770234375 0.648048029296875 0.738756376953125 0.66916278125 0.740745044921875 0.69164626953125 0.74348642578125 0.715894259765625 0.745656822265625 0.742828533203125 0.7461047578125 0.78423671875 0.74954425390625 0.776544853515625 0.74815524609375 0.750178033203125 0.7464270625 0.716919728515625 0.741988845703125 0.673058876953125 0.735622357421875 0.637210162109375 0.731643806640625 0.61029291796875 0.731198220703125 0.60177525390625 0.7325377265625 0.591229791015625 0.732892705078125 0.588497591796875 0.734245587890625 0.58637887109375 0.736403626953125 0.586837576171875 0.7400676015625 0.590825390625 0.742758458984375 0.596209923828125 0.74712289453125 0.601148408203125 0.751568255859375 0.60570367578125 0.753290201171875 0.60927869921875
4 0.754647673828125 0.603951939453125 0.7552237578125 0.598057724609375 0.744897826171875 0.591450724609375 0.744255412109375 0.588105162109375 0.734547810546875 0.582832734375 0.732523646484375 0.58280384765625 0.730710583984375 0.5860278984375 0.7291893515625 0.592122578125 0.727855455078125 0.599460220703125 0.728938357421875 0.614531375 0.73274537890625 0.630581978515625 0.733607177734375 0.6488151484375 0.73832996875 0.665863130859375 0.741569693359375 0.699442724609375 0.74574915234375 0.736028767578125 0.745550087890625 0.759250384765625 0.745212564453125 0.785250220703125 0.74916499609375 0.777266966796875 0.7493861015625 0.774104951171875 0.7483763515625 0.747016017578125 0.747093052734375 0.722276173828125 0.744836126953125 0.6989329375 0.742094552734375 0.674685853515625 0.73853750390625 0.65427528125 0.733882255859375 0.628417341796875 0.731054150390625 0.60776129296875 0.73147718359375 0.596219248046875 0.7323744765625 0.591997818359375 0.73294546484375 0.589311533203125 0.73524317578125 0.586991330078125 0.736806458984375 0.58812634375 0.740173501953125 0.592451462890625 0.746422431640625 0.600197740234375 0.750517912109375 0.6042772734375 0.754105869140625 0.60544128125 0.754647673828125 0.603951939453125
7 0.510719845703125 0.27772430078125 0.512995607421875 0.275139115234375 0.5100464140625 0.262618068359375 0.507404966796875 0.251697841796875 0.5035471640625 0.24243690234375 0.49903265625 0.240326234375 0.494614435546875 0.2428403515625 0.492645404296875 0.247026142578125 0.491654201171875 0.253720986328125 0.495043818359375 0.265184568359375 0.49678661328125 0.273228244140625 0.500291408203125 0.277043072265625 0.502841703125 0.280270693359375 0.50487874609375 0.281854759765625 0.507456806640625 0.283937201171875 0.50805386328125 0.282145328125 0.515975287109375 0.300710951171875 0.522406333984375 0.315123166015625 0.532025677734375 0.337885365234375 0.542717228515625 0.367782890625 0.549913935546875 0.387728927734375 0.55878080078125 0.41301671875 0.568308294921875 0.42808710546875 0.57756144921875 0.437343779296875 0.59055830859375 0.446245125 0.612533474609375 0.45858932421875 0.619676751953125 0.4635609140625 0.620351265625 0.461402126953125 0.605863515625 0.448347267578125 0.59020580859375 0.440799123046875 0.5750939375 0.43068051953125 0.56370796484375 0.415215099609375 0.5572767265625 0.4008037890625 0.547043216796875 0.374841185546875 0.539181439453125 0.3509171640625 0.52432465234375 0.310158896484375 0.516737724609375 0.292048697265625 0.510719845703125 0.27772430078125