7 0.268410416015625 0.81715 0.300347396484375 0.791763888671875 0.303729166015625 0.785083333984375 0.2992203125 0.779738888671875 0.2575140625 0.805793517578125 0.2206921875 0.820490740234375 0.141036458984375 0.890637037109375 0.1117296875 0.901993517578125 0.114157291015625 0.9032 0.112105208984375 0.92069907421875 0.121122916015625 0.92537592578125 0.131267708984375 0.921367591796875 0.142539583984375 0.909342591796875 0.226328125 0.835187962890625 0.268410416015625 0.81715
2 0.599115625 0.889614814453125 0.607813021484375 0.93667962890625 0.642602603515625 0.942058333984375 0.6887515625 0.915661111328125 0.6811734375 0.872806482421875 0.6766359375 0.827086111328125 0.659619271484375 0.78472777734375 0.647140103515625 0.732285185546875 0.611594271484375 0.692615740234375 0.559580208984375 0.6633481484375 0.546508853515625 0.661460185546875 0.536748958984375 0.68107962890625 0.531656771484375 0.723335185546875 0.525291146484375 0.772381482421875 0.525291146484375 0.835765740234375 0.537172916015625 0.868966666015625 0.567302603515625 0.869721296875 0.5800328125 0.8817944453125 0.599115625 0.889614814453125
7 0.612594271484375 0.55875 0.641845833984375 0.573788888671875 0.685546875 0.59697407421875 0.692947916015625 0.5982268515625 0.692947916015625 0.58882777734375 0.660171875 0.565015740234375 0.610127083984375 0.543711111328125 0.57805625 0.53117777734375 0.526248958984375 0.524285185546875 0.499135416015625 0.520884259765625 0.493825521484375 0.53180462890625 0.496997396484375 0.543084259765625 0.508980208984375 0.545590740234375 0.525896875 0.53932407421875 0.571007291015625 0.543711111328125 0.612594271484375 0.55875
7 0.494859896484375 0.251867591796875 0.502380208984375 0.2380018515625 0.500430728515625 0.21522037109375 0.494859896484375 0.20927777734375 0.489567708984375 0.1790694453125 0.483161978515625 0.1656981484375 0.479540625 0.164212037109375 0.478436978515625 0.164664814453125 0.473413021484375 0.173621296875 0.4739703125 0.197392591796875 0.479819271484375 0.216706482421875 0.482883333984375 0.234039814453125 0.487339583984375 0.24542962890625 0.494859896484375 0.251867591796875
7 0.5917046875 0.422836111328125 0.628748958984375 0.4475981484375 0.637383853515625 0.445121296875 0.631534375 0.43670277734375 0.601453125 0.415407408203125 0.589755208984375 0.401541666015625 0.554103125 0.352513888671875 0.494497916015625 0.2866481484375 0.48530625 0.274267591796875 0.4669234375 0.255943517578125 0.4627453125 0.253962962890625 0.461352603515625 0.258914814453125 0.460579166015625 0.270192591796875 0.465530728515625 0.28169537109375 0.477229166015625 0.287143517578125 0.483356771484375 0.288628703125 0.556053125 0.370837037109375 0.5917046875 0.422836111328125
7 0.278602083984375 0.517233333984375 0.290300521484375 0.511786111328125 0.293085416015625 0.4979194453125 0.293921353515625 0.4786055546875 0.284172916015625 0.46572962890625 0.251027603515625 0.439482408203125 0.2418359375 0.445425 0.24295 0.457310185546875 0.247245833984375 0.467359259765625 0.269410416015625 0.47910092578125 0.268853646484375 0.483062962890625 0.268575 0.491481482421875 0.269410416015625 0.506833333984375 0.278602083984375 0.517233333984375
7 0.956045833984375 0.4734555546875 0.957865103515625 0.4967481484375 0.9600484375 0.515512037109375 0.961504166015625 0.52327592578125 0.9607765625 0.57244907421875 0.954590103515625 0.651385185546875 0.946584375 0.703793517578125 0.927297916015625 0.780788888671875 0.937122916015625 0.777553703125 0.950951041015625 0.727086111328125 0.9636875 0.65462037109375 0.969509896484375 0.547862037109375 0.9713296875 0.519393517578125 0.968905208984375 0.491992591796875 0.9673265625 0.471514814453125 0.965506771484375 0.466337962890625 0.9604125 0.463103703125 0.957501041015625 0.463103703125 0.956045833984375 0.4734555546875
7 0.405416146484375 0.8024231484375 0.428389583984375 0.7775981484375 0.4747875 0.7535731484375 0.471633853515625 0.745564814453125 0.433344791015625 0.75597592578125 0.3973078125 0.78400462890625 0.338747396484375 0.8232444453125 0.300458333984375 0.836058333984375 0.281989583984375 0.842464814453125 0.265772916015625 0.87770092578125 0.295953646484375 0.883306482421875 0.316675 0.861684259765625 0.362622396484375 0.836058333984375 0.405416146484375 0.8024231484375
7 0.263301041015625 0.245739814453125 0.2440765625 0.260389814453125 0.214651041015625 0.282714814453125 0.206411978515625 0.289690740234375 0.205627083984375 0.298760185546875 0.211119791015625 0.298760185546875 0.222497916015625 0.29317962890625 0.254669791015625 0.26527407421875 0.299396353515625 0.22829907421875 0.355501041015625 0.19760277734375 0.3963046875 0.180162037109375 0.405720833984375 0.18225462890625 0.413959896484375 0.180859259765625 0.427299478515625 0.180859259765625 0.432007291015625 0.172487962890625 0.431615103515625 0.166209259765625 0.431615103515625 0.151558333984375 0.4249453125 0.14527962890625 0.4163140625 0.14737222265625 0.405720833984375 0.152256482421875 0.399040103515625 0.1581731484375 0.395911978515625 0.166906482421875 0.379826041015625 0.172487962890625 0.335099478515625 0.194812037109375 0.298611978515625 0.216438888671875 0.263301041015625 0.245739814453125
7 0.2197515625 0.277133333984375 0.2075890625 0.288993517578125 0.207196353515625 0.296667591796875 0.221320833984375 0.291784259765625 0.275071353515625 0.251321296875 0.302142708984375 0.225508333984375 0.346869791015625 0.18434722265625 0.348046875 0.187836111328125 0.353539583984375 0.188533333984375 0.363740103515625 0.1829518515625 0.372371875 0.17527777734375 0.375902603515625 0.166209259765625 0.375510416015625 0.155046296875 0.37315625 0.143884259765625 0.365702083984375 0.142488888671875 0.353931771484375 0.149465740234375 0.347832291015625 0.1575444453125 0.340984375 0.173883333984375 0.315875 0.201090740234375 0.278994791015625 0.231088888671875 0.249961458984375 0.25620462890625 0.2197515625 0.277133333984375
7 0.5147171875 0.01824722265625 0.533549478515625 0.06150092578125 0.558659375 0.13545092578125 0.560228646484375 0.15010092578125 0.562975 0.1647518515625 0.568859896484375 0.182192591796875 0.572391146484375 0.190564814453125 0.581415103515625 0.186378703125 0.580630208984375 0.169635185546875 0.5747453125 0.1424268515625 0.568075521484375 0.127078703125 0.560228646484375 0.111731482421875 0.541396353515625 0.05522222265625 0.517070833984375 0.000806482421875 0.5068703125 0.001503703125 0.5147171875 0.01824722265625
7 0.2396171875 0.812071296875 0.246553646484375 0.8142481484375 0.254714583984375 0.81062037109375 0.263283333984375 0.801187962890625 0.2685875 0.7910305546875 0.272668228515625 0.78450092578125 0.286948958984375 0.77797037109375 0.3004140625 0.77724537109375 0.317959896484375 0.78522592578125 0.333056771484375 0.805541666015625 0.344481771484375 0.837465740234375 0.347338021484375 0.860682408203125 0.343665625 0.88535092578125 0.340809375 0.905666666015625 0.339585416015625 0.91800092578125 0.3318328125 0.932512037109375 0.3371375 0.941218517578125 0.3432578125 0.936139814453125 0.3461140625 0.921628703125 0.347746353515625 0.902764814453125 0.349378125 0.88680277734375 0.353866666015625 0.868663888671875 0.353866666015625 0.854878703125 0.350194271484375 0.829484259765625 0.342033853515625 0.800462962890625 0.330200521484375 0.78450092578125 0.310207291015625 0.767812962890625 0.29429375 0.762008333984375 0.27715625 0.768538888671875 0.268941146484375 0.771846296875 0.261651041015625 0.772891666015625 0.252674478515625 0.775068517578125 0.241249478515625 0.783775 0.236353125 0.79030462890625 0.2367609375 0.800462962890625 0.2396171875 0.812071296875
2 0.557144791015625 0.490562037109375 0.5522484375 0.4746 0.542863541015625 0.4746 0.540244791015625 0.482485185546875 0.537151041015625 0.496366666015625 0.542047396484375 0.50870092578125 0.547352083984375 0.515956482421875 0.551840103515625 0.507975 0.557144791015625 0.490562037109375
2 0.3568 0.251857408203125 0.350271353515625 0.26854537109375 0.346598958984375 0.28160462890625 0.348639583984375 0.293213888671875 0.359541666015625 0.295088888671875 0.3678171875 0.285232408203125 0.371897396484375 0.27580092578125 0.371897396484375 0.257662037109375 0.367408853515625 0.24750462890625 0.3568 0.251857408203125
7 0.239222396484375 0.8313694453125 0.249336458984375 0.830084259765625 0.257644271484375 0.823660185546875 0.261617708984375 0.808884259765625 0.2608953125 0.788968517578125 0.280401041015625 0.702237962890625 0.293766146484375 0.6206481484375 0.2952109375 0.566039814453125 0.294488541015625 0.540985185546875 0.2890703125 0.5422694453125 0.290876041015625 0.5756768515625 0.2854578125 0.62707222265625 0.273538021484375 0.695813888671875 0.260202603515625 0.747582408203125 0.254032291015625 0.782543517578125 0.243917708984375 0.7921805546875 0.2348875 0.808884259765625 0.233803646484375 0.8198055546875 0.239222396484375 0.8313694453125
6 0.518195833984375 0.76152592578125 0.509329166015625 0.7977055546875 0.504113021484375 0.83759537109375 0.492638021484375 0.902532408203125 0.4629078125 0.99907407421875 0.4741890625 0.9960231484375 0.488465625 0.949843517578125 0.509329166015625 0.870063888671875 0.51663125 0.803271296875 0.532800521484375 0.738334259765625 0.526541146484375 0.729057408203125 0.518195833984375 0.76152592578125
5 0 0.411636111328125 0.003711978515625 0.4138055546875 0.0189046875 0.4264481484375 0.028319271484375 0.424515740234375 0.034474478515625 0.406484259765625 0.030853646484375 0.39167222265625 0.016008333984375 0.3839444453125 0.002972916015625 0.379436111328125 0 0.389739814453125 0 0.411636111328125
7 0.5066421875 0.190378703125 0.5172703125 0.198716666015625 0.533838021484375 0.23262592578125 0.555407291015625 0.2609768515625 0.584166146484375 0.296553703125 0.608236458984375 0.316566666015625 0.615738541015625 0.323237037109375 0.6179265625 0.313787037109375 0.600421353515625 0.293775 0.580102603515625 0.274318517578125 0.562909896484375 0.250414814453125 0.539152083984375 0.21317037109375 0.5266484375 0.18982222265625 0.522819271484375 0.178666666015625 0.5163328125 0.166475 0.5075796875 0.156468517578125 0.503203646484375 0.155356482421875 0.497889583984375 0.164807408203125 0.501328125 0.1753694453125 0.5066421875 0.190378703125
7 0.597920833984375 0.29155092578125 0.59135625 0.275986111328125 0.568223958984375 0.2254 0.539777603515625 0.190378703125 0.515082291015625 0.1737018515625 0.4860109375 0.1575805546875 0.4572515625 0.1497981484375 0.460690103515625 0.16369537109375 0.497889583984375 0.18037222265625 0.518833333984375 0.1926018515625 0.5475921875 0.2259555546875 0.563847396484375 0.254862037109375 0.583853646484375 0.29155092578125 0.585416666015625 0.308783333984375 0.590418228515625 0.32490462890625 0.594169271484375 0.3310194453125 0.601984375 0.336578703125 0.6069859375 0.332131482421875 0.610424478515625 0.312675 0.597920833984375 0.29155092578125
7 0.505986458984375 0.3804518515625 0.541940625 0.397340740234375 0.549402603515625 0.391309259765625 0.514127083984375 0.37080092578125 0.488009375 0.355721296875 0.4585 0.343657408203125 0.420510416015625 0.339435185546875 0.4093171875 0.338228703125 0.382182291015625 0.3418481484375 0.3591171875 0.3418481484375 0.352672396484375 0.34787962890625 0.348263021484375 0.3575305546875 0.3502984375 0.37080092578125 0.355725521484375 0.37442037109375 0.362169791015625 0.37924537109375 0.376416146484375 0.3701981484375 0.4042296875 0.358737037109375 0.427633333984375 0.3575305546875 0.451716146484375 0.361753703125 0.480547396484375 0.368387962890625 0.505986458984375 0.3804518515625
7 0.496241666015625 0.441637962890625 0.4690359375 0.4165055546875 0.442890103515625 0.3976555546875 0.425930728515625 0.403938888671875 0.430877083984375 0.41022222265625 0.4686828125 0.430328703125 0.495181771484375 0.45860277734375 0.507194791015625 0.473682408203125 0.518501041015625 0.493787962890625 0.534754166015625 0.545938888671875 0.5414671875 0.587407408203125 0.544646875 0.667831482421875 0.543233853515625 0.69485 0.546060416015625 0.715584259765625 0.559486458984375 0.716840740234375 0.5640796875 0.692964814453125 0.556659896484375 0.660292591796875 0.554893228515625 0.615681482421875 0.547827083984375 0.5660444453125 0.529101041015625 0.4950444453125 0.496241666015625 0.441637962890625
7 0.602238541015625 0.630690740234375 0.573619271484375 0.658964814453125 0.542173958984375 0.6834694453125 0.5082546875 0.7092305546875 0.488115103515625 0.730593517578125 0.467622396484375 0.744416666015625 0.464795833984375 0.7638944453125 0.484935416015625 0.751956482421875 0.520267708984375 0.73185 0.538286978515625 0.70797407421875 0.554893228515625 0.688496296875 0.578919271484375 0.669018517578125 0.59481875 0.662106482421875 0.605506771484375 0.6620481484375 0.619197916015625 0.6570805546875 0.637570833984375 0.6476555546875 0.628384375 0.616239814453125 0.617784896484375 0.6124694453125 0.609305208984375 0.621266666015625 0.602238541015625 0.630690740234375
7 0.5456796875 0.834885185546875 0.5510875 0.848571296875 0.565647396484375 0.855968517578125 0.568143228515625 0.838953703125 0.552335416015625 0.81010277734375 0.532783853515625 0.789389814453125 0.511984375 0.77607407421875 0.458736978515625 0.7472231484375 0.427121353515625 0.730208333984375 0.420465625 0.72725 0.412977603515625 0.715412962890625 0.400497916015625 0.699878703125 0.385938021484375 0.711714814453125 0.385938021484375 0.729468517578125 0.384690103515625 0.737606482421875 0.4009140625 0.750182408203125 0.4221296875 0.745003703125 0.437521353515625 0.7561 0.477872396484375 0.780512962890625 0.527791666015625 0.811582408203125 0.5456796875 0.834885185546875
7 0.707855728515625 0.758306482421875 0.709325 0.7121444453125 0.709325 0.667725 0.697080208984375 0.66859537109375 0.697080208984375 0.72172592578125 0.694141666015625 0.755693517578125 0.676019791015625 0.78792037109375 0.644673958984375 0.827985185546875 0.619205208984375 0.84540462890625 0.5868796875 0.868921296875 0.566308853515625 0.86369537109375 0.557492708984375 0.875018517578125 0.551615625 0.896792591796875 0.555044271484375 0.904631482421875 0.564839583984375 0.91159907421875 0.5687578125 0.914475 0.585410416015625 0.902018517578125 0.590797916015625 0.887212037109375 0.623613541015625 0.864566666015625 0.663285416015625 0.832339814453125 0.687284896484375 0.800985185546875 0.707855728515625 0.758306482421875
7 0.666808333984375 0.645342591796875 0.6816734375 0.648346296875 0.668159896484375 0.61229907421875 0.628294791015625 0.55162037109375 0.584038021484375 0.483131482421875 0.541808333984375 0.41944907421875 0.5353890625 0.391812962890625 0.518497396484375 0.373188888671875 0.505321875 0.3816 0.507686458984375 0.408635185546875 0.5195109375 0.423053703125 0.529983853515625 0.430262962890625 0.538767708984375 0.43627037109375 0.564105728515625 0.4765231484375 0.585727083984375 0.505961111328125 0.626943228515625 0.564837962890625 0.666808333984375 0.645342591796875
1 0.272571353515625 0.501086111328125 0.272336978515625 0.49317592578125 0.272571353515625 0.487346296875 0.274913021484375 0.486513888671875 0.27889375 0.487346296875 0.279830208984375 0.489428703125 0.280064583984375 0.496089814453125 0.277722916015625 0.49817222265625 0.275615625 0.496506482421875 0.27538125 0.5019194453125 0.279128125 0.50067037109375 0.282640625 0.494840740234375 0.282640625 0.4919268515625 0.281235416015625 0.4848481484375 0.276786458984375 0.481934259765625 0.273039583984375 0.481934259765625 0.269527083984375 0.485264814453125 0.2699953125 0.4969231484375 0.271634896484375 0.506082408203125 0.276317708984375 0.510246296875 0.279830208984375 0.50982962890625 0.2840453125 0.5077481484375 0.286621353515625 0.503584259765625 0.2875578125 0.49817222265625 0.2877921875 0.49067777734375 0.2873234375 0.48609722265625 0.284981771484375 0.47777037109375 0.281469791015625 0.473606482421875 0.277488541015625 0.468611111328125 0.273273958984375 0.466112962890625 0.272805728515625 0.47027592578125 0.282171875 0.48110092578125 0.284981771484375 0.484432408203125 0.284513541015625 0.4919268515625 0.2842796875 0.500253703125 0.277722916015625 0.505666666015625 0.272571353515625 0.501086111328125
8 0.263822396484375 0.78579722265625 0.266681771484375 0.783560185546875 0.269540625 0.780510185546875 0.268511458984375 0.77502037109375 0.264966146484375 0.7752231484375 0.261992708984375 0.777663888671875 0.261649478515625 0.780103703125 0.261306771484375 0.78417037109375 0.261992708984375 0.78579722265625 0.263822396484375 0.78579722265625
7 0.2343859375 0.337463888671875 0.241916146484375 0.3247444453125 0.247186978515625 0.30532962890625 0.248316666015625 0.294618517578125 0.266013021484375 0.2577981484375 0.278061458984375 0.237713888671875 0.300275521484375 0.2116055546875 0.328890625 0.172357408203125 0.345080728515625 0.144910185546875 0.365788541015625 0.10139537109375 0.4000515625 0.058228703125 0.3970390625 0.05220277734375 0.369553646484375 0.089692591796875 0.3495984375 0.125843517578125 0.3281375 0.16735 0.300652083984375 0.205509259765625 0.277308333984375 0.23094907421875 0.266013021484375 0.247685185546875 0.24568125 0.295287962890625 0.243421875 0.29394907421875 0.227608853515625 0.316040740234375 0.224972916015625 0.3294305546875 0.227232291015625 0.337463888671875 0.231373958984375 0.338133333984375 0.2343859375 0.337463888671875
7 0.660253125 0.443542591796875 0.659196875 0.430775 0.646526041015625 0.416128703125 0.638923958984375 0.408993517578125 0.636389583984375 0.408993517578125 0.6209734375 0.387587037109375 0.599433333984375 0.368434259765625 0.5787375 0.357543517578125 0.533333853515625 0.34515092578125 0.500390103515625 0.332006482421875 0.4725140625 0.316234259765625 0.453719271484375 0.318112037109375 0.455197396484375 0.32412037109375 0.4710359375 0.3256231484375 0.487296875 0.333133333984375 0.506936458984375 0.3444 0.524886978515625 0.350784259765625 0.546849478515625 0.3579194453125 0.571346353515625 0.364678703125 0.592886458984375 0.374067591796875 0.610625521484375 0.388337962890625 0.622873958984375 0.401106482421875 0.6330109375 0.41575277734375 0.631532291015625 0.421386111328125 0.634066666015625 0.427614814453125 0.640613021484375 0.441289814453125 0.647370833984375 0.4521805546875 0.651383333984375 0.457062962890625 0.654761978515625 0.454809259765625 0.656873958984375 0.4495518515625 0.660253125 0.443542591796875
7 0.528930208984375 0.22492407421875 0.520683853515625 0.212415740234375 0.514377603515625 0.204221296875 0.50225 0.171440740234375 0.4893953125 0.133053703125 0.484059375 0.11580092578125 0.479451041015625 0.095960185546875 0.474357291015625 0.065767591796875 0.474115103515625 0.0368694453125 0.4733875 0.020234259765625 0.46829375 0.01247037109375 0.465868228515625 0.02627222265625 0.46708125 0.04870092578125 0.471689583984375 0.087087962890625 0.4799359375 0.1203 0.4893953125 0.150492591796875 0.498369271484375 0.175509259765625 0.50855625 0.20570092578125 0.5095265625 0.21605277734375 0.512194791015625 0.223816666015625 0.51365 0.230286111328125 0.51365 0.230531482421875 0.51995625 0.24692222265625 0.5233515625 0.252528703125 0.526989583984375 0.252960185546875 0.530628125 0.249509259765625 0.532568228515625 0.2404518515625 0.528930208984375 0.22492407421875
7 0.541944791015625 0.56367962890625 0.542277083984375 0.5820268515625 0.549926041015625 0.577884259765625 0.55458125 0.54414907421875 0.555579166015625 0.511006482421875 0.557574478515625 0.473128703125 0.5625625 0.429332408203125 0.5702109375 0.370740740234375 0.574866666015625 0.350617591796875 0.5801875 0.32102592578125 0.575199478515625 0.3121481484375 0.5685484375 0.30859722265625 0.563892708984375 0.3228018515625 0.5630671875 0.344191666015625 0.564890625 0.360087037109375 0.561232291015625 0.374883333984375 0.554248958984375 0.427556482421875 0.548263021484375 0.502128703125 0.541944791015625 0.56367962890625
1 0.500115625 0.23690092578125 0.501102603515625 0.229128703125 0.4984234375 0.21985092578125 0.495744271484375 0.214837037109375 0.492923958984375 0.213583333984375 0.490103646484375 0.213583333984375 0.4893984375 0.2113268515625 0.48770625 0.2115768515625 0.487988541015625 0.214586111328125 0.4864375 0.215087037109375 0.483898958984375 0.2188481484375 0.485732291015625 0.231636111328125 0.488975521484375 0.241413888671875 0.493488021484375 0.2456768515625 0.497436458984375 0.240662037109375 0.500115625 0.23690092578125