7 0.059677603515625 0.936885185546875 0.060011458984375 0.982615740234375 0.065690103515625 0.985585185546875 0.066023958984375 0.970143517578125 0.0696984375 0.92857037109375 0.082725 0.88402777734375 0.0934140625 0.800881482421875 0.097088541015625 0.73080092578125 0.100094791015625 0.6844768515625 0.095084375 0.644685185546875 0.086399478515625 0.642309259765625 0.082057291015625 0.651812037109375 0.082725 0.677943517578125 0.087208333984375 0.69139537109375 0.089071875 0.708232408203125 0.089405728515625 0.734958333984375 0.086065625 0.805632408203125 0.074040625 0.8816518515625 0.059677603515625 0.936885185546875
7 0.420506771484375 0.969518517578125 0.430116146484375 0.973912037109375 0.438077603515625 0.97830462890625 0.446039583984375 0.977816666015625 0.4471375 0.9690305546875 0.4471375 0.9612194453125 0.44356875 0.953409259765625 0.4312140625 0.94657592578125 0.418584896484375 0.942182408203125 0.279665625 0.843088888671875 0.268134896484375 0.8377194453125 0.256329166015625 0.8435768515625 0.2560546875 0.858221296875 0.260447396484375 0.864567591796875 0.261907291015625 0.860893517578125 0.2637421875 0.852363888671875 0.267585416015625 0.849435185546875 0.3897578125 0.940717591796875 0.415016146484375 0.9538981484375 0.416663541015625 0.96414907421875 0.420506771484375 0.969518517578125
2 0.58153125 0.654617591796875 0.608711458984375 0.565775 0.604044271484375 0.540391666015625 0.5977296875 0.52965277734375 0.58921875 0.51452037109375 0.585375 0.496458333984375 0.5845515625 0.472539814453125 0.570275 0.433487962890625 0.514542708984375 0.4154268515625 0.4772046875 0.457407408203125 0.453868228515625 0.484743517578125 0.44590625 0.525259259765625 0.440964583984375 0.553083333984375 0.433552083984375 0.6048268515625 0.43268125 0.628666666015625 0.456888021484375 0.6643805546875 0.489558853515625 0.699038888671875 0.5074046875 0.69757407421875 0.547488021484375 0.68537037109375 0.58153125 0.654617591796875
7 0.749968228515625 0.71279722265625 0.74585 0.71279722265625 0.708786458984375 0.681067591796875 0.653603125 0.6542194453125 0.622305208984375 0.64494537109375 0.6245015625 0.653731482421875 0.642346875 0.663982408203125 0.680508333984375 0.678138888671875 0.703021353515625 0.695712037109375 0.734044791015625 0.7259768515625 0.746398958984375 0.745990740234375 0.74585 0.745990740234375 0.7505171875 0.7581944453125 0.755184375 0.763563888671875 0.766441146484375 0.76405277734375 0.770009896484375 0.74257407421875 0.761773958984375 0.726464814453125 0.749968228515625 0.71279722265625
2 0.347675 0.315441666015625 0.3119546875 0.300785185546875 0.2817296875 0.32130462890625 0.2591984375 0.383838888671875 0.238315625 0.439533333984375 0.233369791015625 0.48350277734375 0.242711978515625 0.51770092578125 0.254802083984375 0.53919722265625 0.275135416015625 0.55287592578125 0.304810416015625 0.556785185546875 0.323971875 0.53089537109375 0.344377603515625 0.50695277734375 0.367458333984375 0.4698231484375 0.369656771484375 0.453212962890625 0.376251041015625 0.409243517578125 0.365809896484375 0.352571296875 0.347675 0.315441666015625
2 0.466713021484375 0.28887037109375 0.479777603515625 0.287211111328125 0.499374478515625 0.2811268515625 0.491286978515625 0.241859259765625 0.4807109375 0.239646296875 0.472622916015625 0.24462407421875 0.467023958984375 0.2302444453125 0.459247396484375 0.2258194453125 0.4461828125 0.223607408203125 0.428141146484375 0.2346694453125 0.435606771484375 0.259557408203125 0.4398484375 0.2613194453125 0.429696353515625 0.278362037109375 0.4300078125 0.314864814453125 0.439961458984375 0.3292444453125 0.458003125 0.3336694453125 0.4657796875 0.313758333984375 0.466713021484375 0.28887037109375
2 0.924202603515625 0.84637777734375 0.891943228515625 0.866156482421875 0.868583333984375 0.928457408203125 0.8786125 0.99907407421875 0.999479166015625 0.99907407421875 0.999479166015625 0.80864537109375 0.987505728515625 0.82542037109375 0.940347396484375 0.81474537109375 0.924202603515625 0.84637777734375
7 0.190725521484375 0.759807408203125 0.211153125 0.797425 0.229756771484375 0.838285185546875 0.249090103515625 0.89017222265625 0.260397916015625 0.924546296875 0.268058333984375 0.951787037109375 0.277907291015625 0.958921296875 0.284108853515625 0.951138888671875 0.28374375 0.930384259765625 0.277542708984375 0.920006482421875 0.2709765625 0.9141694453125 0.252008333984375 0.8772 0.223190625 0.8000194453125 0.1889015625 0.7377555546875 0.181970833984375 0.744889814453125 0.190725521484375 0.759807408203125
7 0.805986458984375 0 0.791563021484375 0.009231482421875 0.75983125 0.024615740234375 0.7240609375 0.054361111328125 0.687642708984375 0.10207407421875 0.664058853515625 0.140517591796875 0.656558853515625 0.138465740234375 0.6502125 0.1435944453125 0.64098125 0.15385092578125 0.634634896484375 0.175389814453125 0.6386734375 0.19487777734375 0.646173958984375 0.204109259765625 0.660597396484375 0.1928268515625 0.676175 0.1610305546875 0.692329166015625 0.12102962890625 0.722907291015625 0.086156482421875 0.751754166015625 0.057437962890625 0.7765625 0.03692407421875 0.818679166015625 0.016411111328125 0.823294791015625 0 0.805986458984375 0
2 0.212783333984375 0.76962037109375 0.2090109375 0.75285 0.203729166015625 0.730713888671875 0.195052603515625 0.711260185546875 0.1859984375 0.713943517578125 0.1799625 0.7280305546875 0.178453646484375 0.742117591796875 0.188777083984375 0.75939722265625 0.190902603515625 0.762241666015625 0.197316146484375 0.770291666015625 0.204106771484375 0.77699907421875 0.207502083984375 0.77699907421875 0.212783333984375 0.76962037109375
2 0.1550640625 0.5978944453125 0.153932291015625 0.57709907421875 0.148651041015625 0.567707408203125 0.139596875 0.579782408203125 0.135446875 0.5891731484375 0.130919791015625 0.6005768515625 0.133183333984375 0.615335185546875 0.139973958984375 0.62137222265625 0.144878125 0.6240555546875 0.151291666015625 0.6240555546875 0.155441146484375 0.615335185546875 0.1550640625 0.5978944453125
6 0.331118228515625 0.131442591796875 0.42128125 0.061678703125 0.419017708984375 0.0382 0.3220640625 0.112660185546875 0.331118228515625 0.131442591796875
7 0.3881 0.279941666015625 0.40355625 0.27732407421875 0.42526875 0.274706482421875 0.437044791015625 0.271435185546875 0.457285416015625 0.266853703125 0.4771578125 0.269471296875 0.4955578125 0.264890740234375 0.514694271484375 0.2616194453125 0.5249984375 0.25572962890625 0.518374478515625 0.246568517578125 0.50880625 0.25114907421875 0.492981771484375 0.253112037109375 0.479365625 0.252458333984375 0.470165625 0.25114907421875 0.453605208984375 0.25114907421875 0.427844791015625 0.254421296875 0.396196353515625 0.264890740234375 0.366019791015625 0.26292777734375 0.345411458984375 0.257038888671875 0.336211458984375 0.249186111328125 0.324434896484375 0.24329722265625 0.307875 0.2472231484375 0.306034896484375 0.256384259765625 0.301250521484375 0.267508333984375 0.307138541015625 0.276015740234375 0.309714583984375 0.280596296875 0.3240671875 0.283867591796875 0.340171353515625 0.277237037109375 0.340259375 0.277978703125 0.3472515625 0.279287037109375 0.358291666015625 0.279287037109375 0.373011978515625 0.28190462890625 0.3881 0.279941666015625
7 0.155677083984375 0.527037037109375 0.1480234375 0.53074907421875 0.142805208984375 0.55735462890625 0.140718228515625 0.583340740234375 0.129933853515625 0.6241768515625 0.121236978515625 0.658825 0.115322916015625 0.7033731484375 0.121236978515625 0.74235277734375 0.129238021484375 0.788137962890625 0.134804166015625 0.82897407421875 0.138978646484375 0.818410185546875 0.137586978515625 0.78685462890625 0.1295859375 0.75035 0.124715625 0.707658333984375 0.126646353515625 0.67822962890625 0.13445625 0.64150092578125 0.1480234375 0.590765740234375 0.159503646484375 0.57777222265625 0.167157291015625 0.55487962890625 0.164373958984375 0.53322407421875 0.155677083984375 0.527037037109375
2 0.350352083984375 0.678959259765625 0.36445625 0.6608981484375 0.375739583984375 0.6187555546875 0.388151041015625 0.590660185546875 0.394920833984375 0.547514814453125 0.383638021484375 0.52744722265625 0.371790625 0.533467591796875 0.3543015625 0.570592591796875 0.335119791015625 0.608721296875 0.323836458984375 0.649860185546875 0.306347916015625 0.6558805546875 0.286038021484375 0.665914814453125 0.282653125 0.686986111328125 0.296192708984375 0.709060185546875 0.317066666015625 0.73514907421875 0.326093228515625 0.73514907421875 0.333991666015625 0.729128703125 0.3385046875 0.71207037109375 0.335683853515625 0.689996296875 0.350352083984375 0.678959259765625
7 0.300359896484375 0.7046231484375 0.296600521484375 0.7023944453125 0.293468228515625 0.7224518515625 0.289082291015625 0.77872407421875 0.287829166015625 0.832210185546875 0.286576041015625 0.863410185546875 0.279058333984375 0.878453703125 0.278744791015625 0.900738888671875 0.281251041015625 0.914111111328125 0.287516146484375 0.920238888671875 0.292840103515625 0.919334259765625 0.298793228515625 0.909653703125 0.3016125 0.887925 0.296600521484375 0.859510185546875 0.295973958984375 0.81215277734375 0.297227083984375 0.74139537109375 0.300359896484375 0.7046231484375
7 0.317902083984375 0.960890740234375 0.3241671875 0.99907407421875 0.331058853515625 0.99907407421875 0.325733853515625 0.960890740234375 0.311950521484375 0.92300462890625 0.279997916015625 0.860046296875 0.2602625 0.817146296875 0.255877083984375 0.799875 0.251178125 0.785388888671875 0.245852603515625 0.773131482421875 0.238334375 0.77090277734375 0.233948958984375 0.786503703125 0.239273958984375 0.804888888671875 0.2492984375 0.826061111328125 0.255563541015625 0.828288888671875 0.268407291015625 0.858375 0.284383333984375 0.88734722265625 0.3059984375 0.927461111328125 0.317902083984375 0.960890740234375
7 0.559951041015625 0.25169907421875 0.569803125 0.23304537109375 0.58569375 0.193478703125 0.605080208984375 0.124518517578125 0.6158859375 0.085516666015625 0.623513541015625 0.072515740234375 0.628916146484375 0.054992591796875 0.629234375 0.039165740234375 0.624148958984375 0.03012222265625 0.617157291015625 0.026165740234375 0.610165103515625 0.039165740234375 0.608258333984375 0.05442777734375 0.607583333984375 0.0764268515625 0.600313021484375 0.109256482421875 0.5904609375 0.152215740234375 0.570120833984375 0.216087962890625 0.556136978515625 0.245481482421875 0.559951041015625 0.25169907421875
2 0.6254203125 0.0431231484375 0.634636978515625 0.0431231484375 0.637815103515625 0.031817591796875 0.635908333984375 0.02390462890625 0.627963021484375 0.023338888671875 0.6212890625 0.0256 0.622559896484375 0.036339814453125 0.6254203125 0.0431231484375
7 0.630484375 0 0.6048921875 0.085965740234375 0.5867171875 0.114991666015625 0.572252083984375 0.119609259765625 0.560753646484375 0.1288444453125 0.557415625 0.141378703125 0.557415625 0.160509259765625 0.56335 0.1671055546875 0.574152603515625 0.160089814453125 0.579299478515625 0.155231482421875 0.584120833984375 0.148635185546875 0.587459375 0.133462037109375 0.605633853515625 0.100478703125 0.618244791015625 0.073431482421875 0.630855728515625 0.022636111328125 0.637902603515625 0 0.630484375 0
7 0.384440625 0.863175 0.380486978515625 0.882859259765625 0.3733703125 0.912384259765625 0.366253646484375 0.936988888671875 0.367440103515625 0.9440194453125 0.372975 0.925409259765625 0.3840453125 0.880417591796875 0.386417708984375 0.857921296875 0.386417708984375 0.820662962890625 0.386417708984375 0.779889814453125 0.387603646484375 0.756690740234375 0.389580728515625 0.742631482421875 0.391953125 0.720135185546875 0.395116146484375 0.709590740234375 0.400651041015625 0.673035185546875 0.405395833984375 0.64772777734375 0.406581771484375 0.64140092578125 0.407372396484375 0.632964814453125 0.408953646484375 0.6231231484375 0.408953646484375 0.61679537109375 0.408953646484375 0.611875 0.402628125 0.606953703125 0.398674478515625 0.609062962890625 0.395116146484375 0.61257777734375 0.395116146484375 0.6231231484375 0.395116146484375 0.632262037109375 0.397883333984375 0.6357768515625 0.399069791015625 0.6399944453125 0.401641666015625 0.651607408203125 0.386813021484375 0.73312222265625 0.384836458984375 0.7619444453125 0.3840453125 0.788658333984375 0.384440625 0.824510185546875 0.384440625 0.863175
7 0.2507078125 0.535788888671875 0.2529140625 0.535788888671875 0.253796875 0.538142591796875 0.253576041015625 0.540888888671875 0.25269375 0.551482408203125 0.250486978515625 0.559721296875 0.240998958984375 0.5852231484375 0.227318228515625 0.618964814453125 0.2138578125 0.6609444453125 0.205252603515625 0.693116666015625 0.198411978515625 0.718618517578125 0.200177083984375 0.726857408203125 0.209224478515625 0.68644722265625 0.216947396484375 0.66055277734375 0.2246703125 0.63740462890625 0.231290103515625 0.61582592578125 0.240557291015625 0.596209259765625 0.244970833984375 0.581692591796875 0.249383853515625 0.570706482421875 0.254017708984375 0.5585444453125 0.2568859375 0.54285092578125 0.256444791015625 0.538142591796875 0.255561978515625 0.532257408203125 0.25269375 0.5314731484375 0.249383853515625 0.531864814453125 0.244308853515625 0.5342194453125 0.241219271484375 0.538535185546875 0.23680625 0.54010462890625 0.231290103515625 0.54167407421875 0.228200521484375 0.539712037109375 0.224449478515625 0.5365731484375 0.218050521484375 0.533434259765625 0.2136375 0.532257408203125 0.208120833984375 0.532257408203125 0.202825 0.53892777734375 0.202825 0.54402777734375 0.203266666015625 0.552266666015625 0.2048109375 0.558937037109375 0.209003646484375 0.561683333984375 0.213195833984375 0.562467591796875 0.2229046875 0.559721296875 0.229524478515625 0.554228703125 0.231952083984375 0.551089814453125 0.237247396484375 0.547558333984375 0.242543228515625 0.543635185546875 0.246294791015625 0.53892777734375 0.2507078125 0.535788888671875
4 0.250045833984375 0.536965740234375 0.2518109375 0.5361805546875 0.253576041015625 0.53892777734375 0.253576041015625 0.54167407421875 0.253576041015625 0.545989814453125 0.251590103515625 0.557367591796875 0.244529166015625 0.576984259765625 0.234599478515625 0.601309259765625 0.2268765625 0.620534259765625 0.219153646484375 0.643681482421875 0.212092708984375 0.66604537109375 0.20569375 0.68997777734375 0.199073958984375 0.716264814453125 0.1986328125 0.719403703125 0.2008390625 0.728034259765625 0.205914583984375 0.702532408203125 0.210547916015625 0.6797768515625 0.222242708984375 0.644859259765625 0.232393228515625 0.612687037109375 0.240557291015625 0.596993517578125 0.245191146484375 0.579337962890625 0.252252083984375 0.56442962890625 0.256444791015625 0.549912962890625 0.256665625 0.542458333984375 0.256444791015625 0.5361805546875 0.255341666015625 0.53265 0.253355728515625 0.532257408203125 0.2427640625 0.535396296875 0.241440103515625 0.538535185546875 0.229966146484375 0.54285092578125 0.229304166015625 0.548736111328125 0.229524478515625 0.5503055546875 0.233276041015625 0.549912962890625 0.238130208984375 0.54677407421875 0.245853125 0.540496296875 0.250045833984375 0.536965740234375
7 0.464598958984375 0.391062962890625 0.455311978515625 0.40382222265625 0.440959375 0.416582408203125 0.424073958984375 0.423337962890625 0.4071890625 0.427465740234375 0.390303646484375 0.4372231484375 0.390514583984375 0.439475 0.398535416015625 0.43609722265625 0.422596875 0.428591666015625 0.437160416015625 0.422587037109375 0.4481359375 0.415456482421875 0.460588541015625 0.402696296875 0.474519271484375 0.37980462890625 0.485705728515625 0.361790740234375 0.5023796875 0.3347694453125 0.516521353515625 0.31450462890625 0.525808333984375 0.3017444453125 0.537416666015625 0.285231482421875 0.537628125 0.287108333984375 0.5405828125 0.285607408203125 0.5429046875 0.284481482421875 0.5460703125 0.28185462890625 0.550291666015625 0.2788518515625 0.55366875 0.271346296875 0.559367708984375 0.260837962890625 0.559790103515625 0.254083333984375 0.558734375 0.24957962890625 0.554935416015625 0.2462018515625 0.550080728515625 0.24732777734375 0.544381771484375 0.255584259765625 0.539527603515625 0.265716666015625 0.534039583984375 0.27735092578125 0.535728125 0.28035277734375 0.526863541015625 0.293112962890625 0.515677083984375 0.30925 0.492670833984375 0.346028703125 0.480006771484375 0.36779537109375 0.464598958984375 0.391062962890625