7 0.551411134765625 0.626956443359375 0.54176075 0.6284700546875 0.527055796875 0.643888220703125 0.515102400390625 0.6577350703125 0.512210689453125 0.667396095703125 0.51438991015625 0.682446369140625 0.51964058203125 0.685305736328125 0.52417023046875 0.6855159921875 0.533048673828125 0.67627444140625 0.542439990234375 0.665592611328125 0.54472833984375 0.658349375 0.55919769140625 0.644415404296875 0.558895921875 0.6337189140625 0.551411134765625 0.626956443359375
7 0.306153494140625 0.785766205078125 0.33609822265625 0.85908287109375 0.345974212890625 0.8797836015625 0.349650298828125 0.89027393359375 0.36008101953125 0.89264972265625 0.363282958984375 0.8843127890625 0.36517198046875 0.87558885546875 0.362172857421875 0.8624823984375 0.35561430859375 0.851010548828125 0.347558380859375 0.8433560859375 0.34467844921875 0.8407737734375 0.311997978515625 0.773403275390625 0.285836591796875 0.69696501953125 0.2683469921875 0.643163884765625 0.25062476953125 0.615372509765625 0.24927373828125 0.62579034765625 0.26758791796875 0.657395353515625 0.2812771171875 0.70687469140625 0.306153494140625 0.785766205078125
7 0.723780369140625 0.395321904296875 0.736774228515625 0.399460171875 0.7426993203125 0.37682317578125 0.743941294921875 0.34928490234375 0.741636525390625 0.339212384765625 0.754549767578125 0.210899943359375 0.759836419921875 0.170133388671875 0.7660937890625 0.142035771484375 0.77609055078125 0.101981474609375 0.772773607421875 0.1007633359375 0.7616076171875 0.11216905078125 0.7503410078125 0.151294748046875 0.735204537109375 0.2813353046875 0.726633810546875 0.335448736328125 0.71992121484375 0.37044244921875 0.7186355546875 0.378559783203125 0.723780369140625 0.395321904296875
2 0.5369613515625 0.367749173828125 0.555491220703125 0.401361708984375 0.568349810546875 0.39708165234375 0.589380310546875 0.379660771484375 0.60080146484375 0.365229013671875 0.612102923828125 0.32912279296875 0.62159713671875 0.275587798828125 0.62627416796875 0.249261064453125 0.62742341796875 0.225983896484375 0.617415916015625 0.209060015625 0.601466853515625 0.1911950859375 0.601068181640625 0.171282 0.590550865234375 0.147961654296875 0.5805092890625 0.1472740078125 0.561430451171875 0.152372560546875 0.55033597265625 0.15512646484375 0.543159763671875 0.139553798828125 0.52941647265625 0.159031640625 0.5130584453125 0.1789971953125 0.50304572265625 0.190945556640625 0.4871968515625 0.21730841015625 0.476284998046875 0.2381365546875 0.473900587890625 0.24678202734375 0.477193482421875 0.264446103515625 0.482668369140625 0.2779456171875 0.49105139453125 0.29551405078125 0.502760587890625 0.314512076171875 0.510201712890625 0.322006353515625 0.510663169921875 0.338320130859375 0.52193976171875 0.353640390625 0.5369613515625 0.367749173828125
2 0.783349078125 0.266920783203125 0.7933762265625 0.261290427734375 0.805292767578125 0.2469371328125 0.811950466796875 0.220923166015625 0.80855216015625 0.187903544921875 0.802770103515625 0.16352856640625 0.799582763671875 0.161219115234375 0.788334880859375 0.15853578125 0.7822061328125 0.168391896484375 0.77977336328125 0.186954681640625 0.782354830078125 0.202701455078125 0.7827390703125 0.21629653515625 0.772384732421875 0.233604666015625 0.7759563125 0.2495091953125 0.783349078125 0.266920783203125
2 0.161708986328125 0.606065091796875 0.15967075390625 0.580479388671875 0.1544752109375 0.5652194921875 0.14618316796875 0.55668859765625 0.135165904296875 0.56216119921875 0.126359486328125 0.57610524609375 0.125983939453125 0.597700333984375 0.128209873046875 0.612488951171875 0.140741126953125 0.61988758203125 0.155440748046875 0.6168018984375 0.161708986328125 0.606065091796875
7 0.601794673828125 1 0.60429344140625 0.944591525390625 0.59761218359375 0.882311990234375 0.59210884375 0.79000537109375 0.593630759765625 0.74651636328125 0.5976169921875 0.718524955078125 0.59421248046875 0.7004935234375 0.588160509765625 0.696354158203125 0.57921527734375 0.70765880859375 0.57724970703125 0.7200689296875 0.577096646484375 0.73515198046875 0.576098154296875 0.75526657421875 0.5807418828125 0.77707353125 0.5853972578125 0.8803773359375 0.591274166015625 0.94491533203125 0.59214043359375 1 0.601794673828125 1
2 0.41881654296875 0.82536983984375 0.428844732421875 0.8524010234375 0.439818052734375 0.8565248828125 0.443884669921875 0.83649593359375 0.442606068359375 0.821982041015625 0.4357918203125 0.811362162109375 0.424695076171875 0.796564431640625 0.41864355859375 0.803875369140625 0.41881654296875 0.82536983984375
7 1 0.3450232890625 0.988335345703125 0.360240322265625 0.943610158203125 0.422726966796875 0.900256859375 0.509130076171875 0.905000986328125 0.51446850390625 0.918020826171875 0.497417552734375 0.943723255859375 0.4464440625 0.99274017578125 0.379720146484375 1 0.37918483203125 1 0.3450232890625
7 0.864061697265625 0.242375380859375 0.8726807890625 0.25982839453125 0.887563986328125 0.278273544921875 0.9084539609375 0.291960896484375 0.91462963671875 0.289825697265625 0.910875796875 0.284041326171875 0.8912126640625 0.2736616171875 0.875102625 0.25190882421875 0.864333435546875 0.2185458046875 0.84571921875 0.168372666015625 0.81378324609375 0.124911140625 0.788757974609375 0.098632044921875 0.774908912109375 0.069971982421875 0.765219841796875 0.0648046953125 0.75885711328125 0.078605177734375 0.759546779296875 0.09141053515625 0.778861044921875 0.109519720703125 0.783372873046875 0.10867719140625 0.793639447265625 0.117569568359375 0.809909830078125 0.138309982421875 0.82606478125 0.161627021484375 0.838429162109375 0.181229427734375 0.853958953125 0.21586487109375 0.864061697265625 0.242375380859375
6 0.7920690390625 0.20334850390625 0.809132060546875 0.162258154296875 0.80614808984375 0.143016498046875 0.780024921875 0.20322865234375 0.758824759765625 0.2418769296875 0.72573310546875 0.285790908203125 0.72368987109375 0.3113863984375 0.764660943359375 0.252632515625 0.7920690390625 0.20334850390625
7 0.311374486328125 0.2270861484375 0.308768712890625 0.246781181640625 0.312872595703125 0.256571482421875 0.317618892578125 0.2655485625 0.32800786328125 0.268108044921875 0.33997555859375 0.265307765625 0.34507134765625 0.277208853515625 0.3505090859375 0.275328013671875 0.3616041875 0.2734291796875 0.362733845703125 0.266296791015625 0.364351181640625 0.252842486328125 0.359604517578125 0.243864408203125 0.349844158203125 0.2340931796875 0.33263944921875 0.225884033203125 0.31859935546875 0.22366030078125 0.311374486328125 0.2270861484375
7 0.679669896484375 0.767037759765625 0.676724484375 0.7557463125 0.637787517578125 0.76461441015625 0.61983126953125 0.760567650390625 0.58207028515625 0.725720390625 0.539100876953125 0.70027222265625 0.51580662890625 0.689366150390625 0.50815939453125 0.682141091796875 0.4993881484375 0.677744466796875 0.48996639453125 0.677454978515625 0.483118376953125 0.69080361328125 0.481734158203125 0.70381485546875 0.4871651484375 0.710087041015625 0.5005467265625 0.706426986328125 0.50816434375 0.705595443359375 0.5182965 0.70780207421875 0.54648753515625 0.717679095703125 0.578943470703125 0.73905655078125 0.603264193359375 0.76696399609375 0.6178896796875 0.777097990234375 0.638001103515625 0.776074095703125 0.667855556640625 0.771180408203125 0.679669896484375 0.767037759765625
7 0.682034728515625 0.66457679296875 0.64756726953125 0.69219341796875 0.61230058984375 0.699236353515625 0.585540658203125 0.6974035390625 0.5422226328125 0.706178662109375 0.5050884453125 0.720744291015625 0.499049025390625 0.716179427734375 0.485966251953125 0.721924865234375 0.4735943984375 0.7295875234375 0.468251708984375 0.741971806640625 0.470207375 0.753106494140625 0.47653512109375 0.760122564453125 0.489432197265625 0.755549552734375 0.499689712890625 0.743866828125 0.50526061328125 0.734602958984375 0.52709615234375 0.72483088671875 0.557312642578125 0.71337976953125 0.57638340625 0.71038642578125 0.606442318359375 0.712741748046875 0.638554435546875 0.706401951171875 0.664989314453125 0.688938943359375 0.6809707578125 0.673428591796875 0.682034728515625 0.66457679296875
7 0.54707305078125 0.6840942421875 0.522617666015625 0.70187076953125 0.506779611328125 0.718606603515625 0.48714612890625 0.744363470703125 0.46268568359375 0.781382595703125 0.44523615234375 0.81470199609375 0.426847935546875 0.84967640625 0.417082251953125 0.864366615234375 0.40773916015625 0.87852283984375 0.40424118359375 0.894205755859375 0.403228126953125 0.9048702421875 0.40771116015625 0.908587681640625 0.412196388671875 0.9066112890625 0.4233958125 0.886414609375 0.43383516796875 0.856796931640625 0.451140794921875 0.822251970703125 0.466518869140625 0.789206341796875 0.502342802734375 0.73594544921875 0.522552421875 0.715090916015625 0.552596888671875 0.68978021484375 0.568467234375 0.66643472265625 0.565582376953125 0.66116672265625 0.54707305078125 0.6840942421875
6 0 0.474792001953125 0.02324742578125 0.473715302734375 0.057960041015625 0.4792132421875 0.081003796875 0.491903951171875 0.101697931640625 0.51713894921875 0.1078543984375 0.5103639921875 0.10209235546875 0.489431751953125 0.085613880859375 0.471969515625 0.05078128515625 0.458056615234375 0.023761318359375 0.45442298828125 0 0.46333391796875 0 0.474792001953125
1 0.360392671875 0.25517229296875 0.358891115234375 0.25035962890625 0.356676666015625 0.24744773046875 0.3547068046875 0.24493925 0.349571853515625 0.24422251171875 0.344931177734375 0.24623146875 0.344648435546875 0.248016625 0.34420612890625 0.248861537109375 0.343881259765625 0.25091268359375 0.340574482421875 0.25262681640625 0.3429641484375 0.25735233984375 0.344275130859375 0.260122080078125 0.346065470703125 0.265711708984375 0.34805090625 0.268771076171875 0.35007688671875 0.2709218984375 0.353330505859375 0.27052225 0.355966158203125 0.269476310546875 0.358266734375 0.265998005859375 0.359964923828125 0.262424291015625 0.36071559765625 0.25833395703125 0.360392671875 0.25517229296875
1 0.352506677734375 0.26792623046875 0.35617159375 0.265578982421875 0.35825611328125 0.2615171015625 0.35865875 0.25572544921875 0.35795015625 0.25305112109375 0.356485501953125 0.251904173828125 0.353467525390625 0.24886501171875 0.35164493359375 0.248026986328125 0.349150505859375 0.24818126171875 0.343881259765625 0.25091268359375 0.343697138671875 0.25207518359375 0.343602353515625 0.254621333984375 0.3467137265625 0.260969548828125 0.347594701171875 0.263853986328125 0.349652205078125 0.267107576171875 0.352506677734375 0.26792623046875
1 0.557617533203125 0.635627615234375 0.55687091015625 0.632996947265625 0.5535911015625 0.631148146484375 0.55256763671875 0.629213294921875 0.550460052734375 0.628879486328125 0.54833009765625 0.62869025390625 0.545844591796875 0.630216521484375 0.542145640625 0.632585564453125 0.538657146484375 0.6357266640625 0.533204783203125 0.640772890625 0.529533125 0.645067126953125 0.527275251953125 0.6498805859375 0.52895473046875 0.650293771484375 0.530771087890625 0.64984273046875 0.534340859375 0.64671450390625 0.537067041015625 0.644191390625 0.539535373046875 0.64014998828125 0.54065514453125 0.638849892578125 0.545015033203125 0.63702895703125 0.54864775 0.636126873046875 0.55299751953125 0.634895876953125 0.5543980234375 0.63496957421875 0.555517294921875 0.638397048828125 0.555075267578125 0.64275938671875 0.55430246875 0.64396631640625 0.55259240625 0.645321037109375 0.54809776953125 0.649041505859375 0.542551873046875 0.65362949609375 0.54140936328125 0.655073171875 0.542550859375 0.658356984375 0.545416201171875 0.65600403125 0.551380369140625 0.6519247734375 0.553516259765625 0.649456287109375 0.555756314453125 0.646856177734375 0.55672173828125 0.643907005859375 0.55801975390625 0.63938400390625 0.557617533203125 0.635627615234375
7 0.918467505859375 0.587188021484375 0.918974181640625 0.578978244140625 0.919129076171875 0.57424137890625 0.91829615625 0.566349099609375 0.918518015625 0.560563501953125 0.917663181640625 0.55531328515625 0.916726654296875 0.550578861328125 0.915765921875 0.5472524296875 0.91400921875 0.54644452734375 0.91298647265625 0.546635966796875 0.9110695703125 0.529929484375 0.908791603515625 0.5061104375 0.9080329453125 0.488353697265625 0.9052574921875 0.46078379296875 0.90293647265625 0.41969726953125 0.902049724609375 0.3864651484375 0.900209146484375 0.348611173828125 0.899086787109375 0.318118517578125 0.894977919921875 0.281431478515625 0.89161409375 0.272608673828125 0.88903872265625 0.2500381015625 0.88800176171875 0.249696681640625 0.887221033203125 0.2527482265625 0.888471203125 0.261764994140625 0.890195376953125 0.272796455078125 0.892177501953125 0.2815766640625 0.894588720703125 0.290777322265625 0.895852701171875 0.305969501953125 0.897073373046875 0.32644588671875 0.897593025390625 0.360743890625 0.900332603515625 0.40482441796875 0.901199279296875 0.4482014453125 0.902920099609375 0.463642224609375 0.904513134765625 0.48614908203125 0.90820391015625 0.520468419921875 0.9090085390625 0.534176017578125 0.90974187890625 0.54861748046875 0.907370416015625 0.550155380859375 0.9065950078125 0.555677060546875 0.905912728515625 0.56562146484375 0.905922673828125 0.576206111328125 0.906210537109375 0.58753975390625 0.90725879296875 0.59282060546875 0.909378427734375 0.595095943359375 0.9117731796875 0.596886123046875 0.914727859375 0.595766966796875 0.917329453125 0.591240439453125 0.918467505859375 0.587188021484375