7 0.180926041015625 0.0929694453125 0.189645833984375 0.087387037109375 0.193802603515625 0.0816444453125 0.196621875 0.073742591796875 0.195923958984375 0.0632 0.193802603515625 0.05194907421875 0.185104166015625 0.044525 0.178841146484375 0.0426694453125 0.172904166015625 0.059478703125 0.170838541015625 0.070508333984375 0.15935625 0.084118517578125 0.151113541015625 0.10442407421875 0.149961978515625 0.1156694453125 0.156920833984375 0.126187037109375 0.1670109375 0.121856482421875 0.176753646484375 0.10267777734375 0.180926041015625 0.0929694453125
7 0.333647916015625 0.105716666015625 0.3663546875 0.155209259765625 0.4115875 0.181191666015625 0.449771353515625 0.1957805546875 0.461025521484375 0.203482408203125 0.467710416015625 0.2089305546875 0.4743953125 0.216360185546875 0.486094271484375 0.221312962890625 0.493893228515625 0.220817591796875 0.496957291015625 0.2089305546875 0.4975140625 0.196053703125 0.494745833984375 0.18985277734375 0.4895265625 0.183666666015625 0.483611458984375 0.17995462890625 0.473521353515625 0.17995462890625 0.457863541015625 0.1830481484375 0.439422916015625 0.17315 0.3907109375 0.154589814453125 0.373413021484375 0.13992777734375 0.373313541015625 0.1385055546875 0.33434375 0.093962962890625 0.3082484375 0.064886111328125 0.306508333984375 0.0710731484375 0.333647916015625 0.105716666015625
7 0.6095484375 0.356638888671875 0.60398125 0.359732408203125 0.60085 0.3696305546875 0.602589583984375 0.379528703125 0.59980625 0.382003703125 0.5810171875 0.378291666015625 0.558748958984375 0.378910185546875 0.527433853515625 0.388808333984375 0.531609375 0.401181482421875 0.543786978515625 0.391283333984375 0.5688390625 0.388189814453125 0.5942390625 0.3919018515625 0.616855208984375 0.4061305546875 0.623118228515625 0.419740740234375 0.636340103515625 0.426546296875 0.6380796875 0.425308333984375 0.6325125 0.40674907421875 0.625553646484375 0.381384259765625 0.6248578125 0.380765740234375 0.625205728515625 0.382003703125 0.621378646484375 0.3696305546875 0.615463541015625 0.36035092578125 0.6095484375 0.356638888671875
2 0.580071353515625 0.5570805546875 0.564761458984375 0.58677592578125 0.566153125 0.613996296875 0.583550521484375 0.61152222265625 0.601295833984375 0.5793518515625 0.615561458984375 0.532953703125 0.5981640625 0.492741666015625 0.573808333984375 0.417885185546875 0.564065625 0.39685092578125 0.536230208984375 0.40674907421875 0.508046875 0.4308768515625 0.467685416015625 0.477275 0.447156771484375 0.510063888671875 0.456203125 0.522436111328125 0.4630375 0.520516666015625 0.482944791015625 0.5234 0.4998234375 0.5372944453125 0.520765625 0.5256231484375 0.545624478515625 0.530478703125 0.565457291015625 0.5428518515625 0.580071353515625 0.5570805546875
7 0.347383853515625 0.750031482421875 0.331573958984375 0.719013888671875 0.3217609375 0.72482962890625 0.3217609375 0.7374305546875 0.334844791015625 0.77717222265625 0.375731771484375 0.8498694453125 0.4411515625 0.898335185546875 0.4629578125 0.90512037109375 0.490215625 0.920628703125 0.497847916015625 0.906088888671875 0.497303125 0.88767222265625 0.482583333984375 0.876040740234375 0.4678640625 0.87894907421875 0.4569609375 0.88282592578125 0.428067708984375 0.8692555546875 0.391541666015625 0.841146296875 0.375186978515625 0.809159259765625 0.358286978515625 0.782987962890625 0.347383853515625 0.750031482421875
7 0.61271875 0.172167591796875 0.626797916015625 0.170081482421875 0.64205 0.1596518515625 0.688588541015625 0.144353703125 0.735908853515625 0.1227981484375 0.7750171875 0.094984259765625 0.80865 0.0817731484375 0.807085416015625 0.07064722265625 0.792615625 0.071342591796875 0.770715103515625 0.075514814453125 0.726132291015625 0.102633333984375 0.6447875 0.134618517578125 0.635255208984375 0.131468517578125 0.626797916015625 0.128361111328125 0.611936978515625 0.128361111328125 0.6033328125 0.151307408203125 0.6060703125 0.15687037109375 0.61271875 0.172167591796875
2 0.340104166015625 0.87222222265625 0.354166666015625 0.8731481484375 0.3609375 0.861111111328125 0.361458333984375 0.836111111328125 0.352604166015625 0.807407408203125 0.343229166015625 0.79722222265625 0.340104166015625 0.8 0.333333333984375 0.82222222265625 0.330208333984375 0.8481481484375 0.334375 0.863888888671875 0.340104166015625 0.87222222265625
2 0.403125 0.82222222265625 0.410416666015625 0.82407407421875 0.418229166015625 0.82407407421875 0.426041666015625 0.818518517578125 0.430729166015625 0.8018518515625 0.429166666015625 0.786111111328125 0.41875 0.775 0.4109375 0.775 0.403125 0.778703703125 0.398958333984375 0.786111111328125 0.396354166015625 0.79537037109375 0.397395833984375 0.814814814453125 0.403125 0.82222222265625
7 0.411974478515625 0.6637805546875 0.417413541015625 0.6409231484375 0.430763541015625 0.58729722265625 0.447574478515625 0.521362962890625 0.460923958984375 0.4853194453125 0.454990625 0.484439814453125 0.441146353515625 0.510813888671875 0.4179078125 0.60487962890625 0.403074478515625 0.638286111328125 0.395658333984375 0.653231482421875 0.3865890625 0.679359259765625 0.391702603515625 0.691033333984375 0.397141666015625 0.691033333984375 0.403074478515625 0.686637962890625 0.409502603515625 0.67345092578125 0.411974478515625 0.6637805546875
6 0.5454734375 0.707737037109375 0.5232234375 0.680484259765625 0.484657291015625 0.655868517578125 0.467352083984375 0.6567481484375 0.463890625 0.66202222265625 0.4761296875 0.67342777734375 0.4940515625 0.685758333984375 0.522234375 0.708615740234375 0.541517708984375 0.7314731484375 0.550911978515625 0.740263888671875 0.553878646484375 0.727956482421875 0.5454734375 0.707737037109375
7 0.4364328125 0.50950092578125 0.46761875 0.492131482421875 0.484151041015625 0.474093517578125 0.482647916015625 0.467412962890625 0.473630208984375 0.474762037109375 0.4349296875 0.496808333984375 0.392096353515625 0.55092037109375 0.380824478515625 0.560941666015625 0.365043228515625 0.5716305546875 0.362665103515625 0.58237592578125 0.364667708984375 0.597685185546875 0.370303646484375 0.597685185546875 0.382327083984375 0.589668517578125 0.395853646484375 0.56495 0.4364328125 0.50950092578125
7 0.437559896484375 0.3825694453125 0.458601041015625 0.351171296875 0.481144791015625 0.333133333984375 0.501434375 0.329125 0.5149609375 0.3344694453125 0.530366146484375 0.332465740234375 0.542389583984375 0.328457408203125 0.555916146484375 0.31977222265625 0.559297396484375 0.31509537109375 0.553661458984375 0.307078703125 0.547273958984375 0.30975092578125 0.523227083984375 0.318436111328125 0.504816146484375 0.31442777734375 0.4830234375 0.318436111328125 0.461606771484375 0.329125 0.437184375 0.363863888671875 0.410507291015625 0.421985185546875 0.400738021484375 0.438687037109375 0.393975 0.46674537109375 0.400279166015625 0.489209259765625 0.40675 0.483446296875 0.411258853515625 0.4760981484375 0.412009896484375 0.44469907421875 0.418397396484375 0.4300018515625 0.437559896484375 0.3825694453125
2 0.51816875 0.3645981484375 0.513565103515625 0.35339537109375 0.508233853515625 0.351241666015625 0.503871875 0.3538268515625 0.498783333984375 0.365459259765625 0.497571875 0.3775231484375 0.49805625 0.389587037109375 0.5031453125 0.39605 0.509688021484375 0.3999268515625 0.513080208984375 0.396911111328125 0.520834375 0.387863888671875 0.521561458984375 0.375368517578125 0.51816875 0.3645981484375
7 0.419869791015625 0.4040981484375 0.4363765625 0.3705555546875 0.451232291015625 0.337432408203125 0.442271353515625 0.331562962890625 0.417983333984375 0.39262407421875 0.408315625 0.431616666015625 0.4050140625 0.477737037109375 0.407608333984375 0.534339814453125 0.412559896484375 0.57417037109375 0.4193984375 0.602964814453125 0.419869791015625 0.61680092578125 0.4245859375 0.626863888671875 0.43048125 0.63525 0.436358333984375 0.6328694453125 0.438734375 0.623312037109375 0.434490103515625 0.6036055546875 0.4250578125 0.588512037109375 0.414210416015625 0.522265740234375 0.412323958984375 0.453085185546875 0.419869791015625 0.4040981484375
1 0.189638541015625 0.083162962890625 0.190652083984375 0.079042591796875 0.1922453125 0.073635185546875 0.1922453125 0.06642407421875 0.1922453125 0.056638888671875 0.188624478515625 0.05174537109375 0.185438541015625 0.049942591796875 0.182976041015625 0.049685185546875 0.1805140625 0.051487962890625 0.1767484375 0.060243517578125 0.175444791015625 0.066166666015625 0.175589583984375 0.071575 0.175589583984375 0.07595277734375 0.176023958984375 0.07827037109375 0.1766678046875 0.08072303515625 0.179934375 0.078785185546875 0.1808055078125 0.076955017578125 0.1800796875 0.07517962890625 0.179210416015625 0.073635185546875 0.177761978515625 0.06977222265625 0.177906771484375 0.064621296875 0.178776041015625 0.059986111328125 0.1805140625 0.056638888671875 0.181817708984375 0.05432037109375 0.183410416015625 0.0535481484375 0.186307291015625 0.0535481484375 0.189204166015625 0.058183333984375 0.189638541015625 0.06127407421875 0.189638541015625 0.069257408203125 0.189598220703125 0.069439396484375 0.189638541015625 0.0708018515625 0.188855806640625 0.072790310546875 0.187755728515625 0.0777555546875 0.18725172265625 0.07797458203125 0.186741666015625 0.08084537109375 0.185293228515625 0.08110277734375 0.182541666015625 0.081617591796875 0.182042806640625 0.0802382265625 0.181238021484375 0.080587962890625 0.177906771484375 0.08187592578125 0.178920833984375 0.0854805546875 0.179934375 0.087283333984375 0.181238021484375 0.087283333984375 0.184858853515625 0.08702592578125 0.186596875 0.08702592578125 0.189638541015625 0.083162962890625
1 0.18949375 0.065909259765625 0.1884796875 0.060759259765625 0.18703125 0.05792592578125 0.1847140625 0.056638888671875 0.183700521484375 0.059213888671875 0.182686458984375 0.064106482421875 0.182252083984375 0.0705444453125 0.181527603515625 0.075437962890625 0.1808055078125 0.076955017578125 0.181238021484375 0.078012962890625 0.182042806640625 0.0802382265625 0.18725172265625 0.07797458203125 0.1876109375 0.07595277734375 0.188855806640625 0.072790310546875 0.189598220703125 0.069439396484375 0.18949375 0.065909259765625
4 0.635754166015625 0.42190092578125 0.6358921875 0.4169944453125 0.632580728515625 0.410614814453125 0.626233333984375 0.402763888671875 0.615746353515625 0.397121296875 0.602085416015625 0.38927037109375 0.590080728515625 0.384362962890625 0.576144271484375 0.38215462890625 0.562759375 0.381571296875 0.556826041015625 0.382062037109375 0.550616666015625 0.384025 0.544407291015625 0.38795092578125 0.534472396484375 0.393593517578125 0.5311609375 0.39432962890625 0.533092708984375 0.395065740234375 0.537921875 0.393838888671875 0.549375 0.387460185546875 0.561931771484375 0.384761111328125 0.5746265625 0.3852518515625 0.592564583984375 0.38917777734375 0.602913541015625 0.392857408203125 0.612296353515625 0.398991666015625 0.622449087890625 0.404312013671875 0.620161978515625 0.404481482421875 0.623749478515625 0.413313888671875 0.628441146484375 0.423618517578125 0.6310625 0.426562962890625 0.633684375 0.427789814453125 0.635202083984375 0.4258268515625 0.635754166015625 0.42190092578125
4 0.6310625 0.42107222265625 0.632442708984375 0.424262037109375 0.632994271484375 0.422053703125 0.632994271484375 0.421562962890625 0.631614583984375 0.416411111328125 0.629820833984375 0.41174907421875 0.625405208984375 0.405861111328125 0.62278720703125 0.404489197265625 0.6310625 0.420581482421875 0.6310625 0.42107222265625
7 0.436556771484375 0.4755694453125 0.43865625 0.479835185546875 0.4427046875 0.479035185546875 0.451251041015625 0.471837037109375 0.4581484375 0.4657055546875 0.463096353515625 0.460639814453125 0.462346875 0.453708333984375 0.4818390625 0.4414444453125 0.507929166015625 0.4299805546875 0.531019791015625 0.41825 0.546463541015625 0.415584259765625 0.5539609375 0.41505092578125 0.557109375 0.414784259765625 0.56565625 0.414517591796875 0.580500521484375 0.41585 0.588597396484375 0.416916666015625 0.602091666015625 0.411585185546875 0.6085390625 0.40625277734375 0.6095890625 0.4041194453125 0.605240625 0.405186111328125 0.598343228515625 0.408918517578125 0.589046875 0.414517591796875 0.5700046875 0.412117591796875 0.547963021484375 0.412117591796875 0.535518228515625 0.413984259765625 0.525321875 0.41745 0.512877083984375 0.423315740234375 0.500581771484375 0.428113888671875 0.480489583984375 0.43664537109375 0.461325 0.44815 0.458651041015625 0.444110185546875 0.445553646484375 0.44757592578125 0.4340078125 0.456907408203125 0.433408333984375 0.4595731484375 0.4346078125 0.469437962890625 0.436556771484375 0.4755694453125