7 0.251423025390625 0.02939829296875 0.250688625 0.017972703125 0.242959791015625 0.009543892578125 0.23696958984375 0.0069388984375 0.229028330078125 0.022899328125 0.225633927734375 0.033595009765625 0.212578560546875 0.045704404296875 0.201922666015625 0.06485407421875 0.199409220703125 0.075875283203125 0.20503443359375 0.087162548828125 0.21557708984375 0.08409394921875 0.227584474609375 0.06624553515625 0.232908916015625 0.0571180546875 0.242244037109375 0.05263993359375 0.247069669921875 0.047446728515625 0.250830919921875 0.039947357421875 0.251423025390625 0.02939829296875
7 0.497452435546875 0.200942810546875 0.5034235390625 0.20716503125 0.5091531640625 0.215353966796875 0.520161328125 0.221695572265625 0.5279625234375 0.22215434765625 0.5324524140625 0.210729330078125 0.534574328125 0.1980163125 0.532582435546875 0.19152424609375 0.52815596484375 0.18474817578125 0.5227373359375 0.1803429375 0.51272244140625 0.179113263671875 0.496804333984375 0.180275517578125 0.479707443359375 0.16820380078125 0.433620474609375 0.143845462890625 0.41823834765625 0.12718462890625 0.41831293359375 0.125760884765625 0.385061994140625 0.07680108203125 0.362704767578125 0.044760748046875 0.360223625 0.0506896015625 0.3829389296875 0.088382375 0.40937028125 0.14149201171875 0.4510994765625 0.1727932421875 0.4872207734375 0.191926828125 0.497452435546875 0.200942810546875
7 0.61344244140625 0.395046552734375 0.5952458125 0.389072373046875 0.573068189453125 0.386972466796875 0.540780220703125 0.392980486328125 0.5434167109375 0.405770275390625 0.556709826171875 0.397429982421875 0.5819521796875 0.3974126015625 0.60671046875 0.404192451171875 0.62742399609375 0.421071310546875 0.63198166796875 0.435343318359375 0.644275599609375 0.44370948828125 0.6461530859375 0.442692755859375 0.642889201171875 0.42359336328125 0.63907341015625 0.397569544921875 0.638458142578125 0.396870833984375 0.638652595703125 0.39814196875 0.636361947265625 0.38539464453125 0.631621833984375 0.375463314453125 0.626203205078125 0.371058076171875 0.620300509765625 0.373450068359375 0.615986318359375 0.38289283203125 0.616506654296875 0.392929203125 0.61344244140625 0.395046552734375
2 0.590870232421875 0.591105232421875 0.61068403515625 0.546791470703125 0.598316931640625 0.504758958984375 0.58326545703125 0.42749223046875 0.576158798828125 0.405427419921875 0.547324583984375 0.41185950390625 0.51641088671875 0.432372751953125 0.470695765625 0.473506232421875 0.446324177734375 0.503548904296875 0.453795306640625 0.51693137890625 0.46081266015625 0.515859142578125 0.48022017578125 0.521147072265625 0.495279703125 0.53699494140625 0.5174881640625 0.527962849609375 0.54156998046875 0.535811744140625 0.5597470546875 0.550509677734375 0.57251814453125 0.566413328125 0.553703412109375 0.594021546875 0.551767375 0.621208623046875 0.569336609375 0.62087319921875 0.590870232421875 0.591105232421875
7 0.30229703515625 0.754978865234375 0.3340196875 0.832117083984375 0.39304536328125 0.888194234375 0.413862166015625 0.897586357421875 0.4390268125 0.916300984375 0.448374171875 0.90279969140625 0.4500778671875 0.88445390625 0.43688531640625 0.871115232421875 0.42192132421875 0.872208060546875 0.410627 0.8747272578125 0.38360294921875 0.857736837890625 0.350774822265625 0.825385697265625 0.338440279296875 0.791643953125 0.324855728515625 0.763608140625 0.3180502578125 0.729568556640625 0.306138302734375 0.696855421875 0.295689666015625 0.70143190625 0.294153998046875 0.71393890625 0.30229703515625 0.754978865234375
7 0.780119767578125 0.154359810546875 0.82232625390625 0.131519349609375 0.85731840234375 0.122505521484375 0.857121388671875 0.1112718515625 0.842674708984375 0.11019861328125 0.82042896484375 0.111670734375 0.77287355078125 0.133153837890625 0.688237078125 0.154987173828125 0.6791597265625 0.150698958984375 0.671144171875 0.146584029296875 0.65639400390625 0.1447729375 0.6450575234375 0.166499611328125 0.647096662109375 0.1723547265625 0.65183128125 0.1883481640625 0.666059736328125 0.187993423828125 0.682469185546875 0.179500294921875 0.7305252109375 0.169987798828125 0.780119767578125 0.154359810546875
2 0.31623929296875 0.787153005859375 0.308175435546875 0.77590121484375 0.304735203125 0.7782774453125 0.295306630859375 0.799508869140625 0.289045349609375 0.82486070703125 0.29126264453125 0.84099190625 0.29593352734375 0.849961333984375 0.309778365234375 0.852594146484375 0.31796567578125 0.84147198828125 0.321529361328125 0.81672180859375 0.31623929296875 0.787153005859375
2 0.394459013671875 0.79115990234375 0.394826474609375 0.7753460703125 0.385841556640625 0.763048306640625 0.3780872890625 0.762096203125 0.369881654296875 0.7648201953125 0.364843310546875 0.7716646015625 0.3611301328125 0.780537474609375 0.35979435546875 0.7999639296875 0.364578080078125 0.808014333984375 0.371589712890625 0.810741013671875 0.379343978515625 0.8116931171875 0.387775296875 0.807131076171875 0.394459013671875 0.79115990234375
7 0.4630043359375 0.480666701171875 0.457222427734375 0.47907053515625 0.440267158203125 0.503560828125 0.405738103515625 0.5940933515625 0.386944109375 0.62544309765625 0.377761861328125 0.639373267578125 0.365576015625 0.66420102734375 0.369228728515625 0.676411267578125 0.37462725 0.677074123046875 0.3810515 0.67343454296875 0.389038806640625 0.66112919140625 0.392670779296875 0.651832146484375 0.400854916015625 0.629807970703125 0.420640763671875 0.578208720703125 0.445361759765625 0.514814662109375 0.4630043359375 0.480666701171875
6 0.444414236328125 0.656413908203125 0.455172083984375 0.669226013671875 0.471457654296875 0.683648787109375 0.496644779296875 0.709770439453125 0.51299876171875 0.73480751953125 0.521251685546875 0.744677607421875 0.52569613671875 0.732823484375 0.519817708984375 0.7117304140625 0.5010548359375 0.681969181640625 0.46577605859375 0.652836890625 0.448492642578125 0.6516009921875 0.444414236328125 0.656413908203125
7 0.4769025 0.47173648828125 0.435803677734375 0.488902048828125 0.38669501953125 0.537390671875 0.374285873046875 0.54596357421875 0.357319607421875 0.5546495390625 0.353649677734375 0.565024994140625 0.353771625 0.580464197265625 0.3593655546875 0.581151044921875 0.372276357421875 0.574659421875 0.3887145234375 0.551773625 0.43574876171875 0.501683216796875 0.468819046875 0.4882438515625 0.4874263828125 0.472355119140625 0.4867486171875 0.465541173828125 0.4769025 0.47173648828125
7 0.535022521484375 0.337526564453125 0.550557091796875 0.337415216796875 0.56297940234375 0.33490205078125 0.57746359765625 0.327930078125 0.581389609375 0.32370015625 0.576772666015625 0.315056396484375 0.570107115234375 0.316930259765625 0.545181025390625 0.322620130859375 0.5273958125 0.3163979453125 0.50527705078125 0.3177205390625 0.482717373046875 0.32571971875 0.454243412109375 0.357223328125 0.420681970703125 0.411660279296875 0.408950076171875 0.4270470625 0.398818013671875 0.454072048828125 0.40233753125 0.477136779296875 0.4094624609375 0.472205369140625 0.41483321875 0.465461484375 0.419405248046875 0.434387982421875 0.42753627734375 0.420578751953125 0.4523365 0.375835220703125 0.477047279296875 0.34723537890625 0.501621265625 0.33207926171875 0.522248107421875 0.330573482421875 0.535022521484375 0.337526564453125
2 0.515188794921875 0.36631383203125 0.512516146484375 0.378140158203125 0.511526693359375 0.390173154296875 0.515790185546875 0.39720814453125 0.521811658203125 0.401853455078125 0.5255460859375 0.39927359765625 0.534345033203125 0.391238806640625 0.5365895 0.378925181640625 0.534534658203125 0.367821626953125 0.5313306015625 0.356141310546875 0.526301560546875 0.353353943359375 0.521657041015625 0.355388267578125 0.515188794921875 0.36631383203125
7 0.4316805078125 0.38342912109375 0.417332859375 0.42095287109375 0.40843524609375 0.466327107421875 0.404112037109375 0.522824138671875 0.40417256640625 0.562961248046875 0.407450974609375 0.592374470703125 0.4062326171875 0.606164892578125 0.409687244140625 0.6167276015625 0.414516603515625 0.625769662109375 0.420639998046875 0.624123087890625 0.42416308203125 0.614926486328125 0.4223520625 0.594849646484375 0.414829515625 0.578719126953125 0.4121363671875 0.511644654296875 0.4186949609375 0.442749859375 0.432154564453125 0.3950475703125 0.452626111328125 0.36376666796875 0.4714078046875 0.332700873046875 0.46322896484375 0.325783115234375 0.4316805078125 0.38342912109375
1 0.248571396484375 0.0224377734375 0.245573921875 0.017139462890625 0.242631435546875 0.014961853515625 0.24021866015625 0.01440626171875 0.237555330078125 0.0158955625 0.232750740234375 0.024126939453125 0.230734958984375 0.029847064453125 0.230219564453125 0.03523273046875 0.229686046875 0.039577876953125 0.229834740234375 0.0419311328125 0.2301748828125 0.04444398046875 0.233653267578125 0.042918669921875 0.23474094921875 0.041208306640625 0.234236904296875 0.039357697265625 0.23356233203125 0.037718828125 0.23259546875 0.033708138671875 0.233366921875 0.02861325390625 0.234794599609375 0.0241185546875 0.23692758984375 0.02100809375 0.238504076171875 0.018865732421875 0.240179021484375 0.0182933671875 0.243054302734375 0.018646408203125 0.245364697265625 0.023600083984375 0.24541916796875 0.02672072265625 0.244446244140625 0.03464455078125 0.244384046875 0.03482026953125 0.244258025390625 0.036177482421875 0.24323879296875 0.038055728515625 0.241541802734375 0.042849896484375 0.241014861328125 0.043005869140625 0.24015874609375 0.045793099609375 0.238689734375 0.04587206640625 0.23589594140625 0.046047712890625 0.23556890234375 0.04461783203125 0.234727494140625 0.0448668828125 0.231264111328125 0.04573926953125 0.231831322265625 0.04944061328125 0.23261760546875 0.051353474609375 0.233911533203125 0.05151234765625 0.237536748046875 0.051698126953125 0.239261814453125 0.051909939453125 0.242751583984375 0.048446455078125 0.24425971875 0.04448031640625 0.246500068359375 0.0393073828125 0.2473788828125 0.032150021484375 0.248571396484375 0.0224377734375
1 0.239776484375 0.023952232421875 0.23817372265625 0.0286847734375 0.23695799609375 0.0350218125 0.235642544921875 0.0397905625 0.23474094921875 0.041208306640625 0.23504130859375 0.042311078125 0.23556890234375 0.04461783203125 0.241014861328125 0.043005869140625 0.241617794921875 0.04104291015625 0.24323879296875 0.038055728515625 0.244384046875 0.03482026953125 0.2447105703125 0.031303712890625 0.244331693359375 0.026068517578125 0.243239349609375 0.023079783203125 0.241096283203125 0.0215199453125 0.239776484375 0.023952232421875
4 0.627421357421875 0.4119940703125 0.614819033203125 0.40253681640625 0.603501890625 0.396202982421875 0.58993844140625 0.39231268359375 0.576724404296875 0.390102490234375 0.570775490234375 0.38986648046875 0.564373173828125 0.391058080078125 0.5577316328125 0.394198009765625 0.5471831328125 0.398587783203125 0.543806646484375 0.39891484375 0.545634310546875 0.399880890625 0.55057699609375 0.3992517109375 0.562722119140625 0.39431633984375 0.575514228515625 0.39316766796875 0.58805458984375 0.395201857421875 0.605380453125 0.401284615234375 0.6152038359375 0.4061980390625 0.6237691328125 0.413430048828125 0.633197802734375 0.419948046875 0.630907087890625 0.4198375234375 0.633391447265625 0.42904130078125 0.636792326171875 0.439840892578125 0.639035302734375 0.4430828515625 0.641488119140625 0.4446200859375 0.643233740234375 0.442856716796875 0.644260158203125 0.4390273359375 0.644995099609375 0.434174248046875 0.642485806640625 0.427438603515625 0.63714251171875 0.41887264453125 0.627421357421875 0.4119940703125
4 0.64082047265625 0.433073953125 0.639608251953125 0.4282280625 0.6359431015625 0.421845859375 0.63351180859375 0.4201651171875 0.63976426171875 0.43714595703125 0.63970445703125 0.4376330390625 0.64068563671875 0.440967283203125 0.641502216796875 0.438842626953125 0.6415620234375 0.438355544921875 0.64082047265625 0.433073953125
7 0.462639833984375 0.4608607578125 0.468168228515625 0.456435775390625 0.4682690703125 0.449464623046875 0.48911055859375 0.4396676484375 0.516403287109375 0.431468791015625 0.540751392578125 0.422639712890625 0.556404900390625 0.421875962890625 0.563911408203125 0.422260306640625 0.567068876953125 0.422379326171875 0.57558454296875 0.423156248046875 0.590155787109375 0.426287787109375 0.59806231640625 0.428333263671875 0.61210574609375 0.424686060546875 0.61915494140625 0.420179138671875 0.6204571015625 0.418189671875 0.616011083984375 0.4187184453125 0.608710234375 0.42158244921875 0.598800818359375 0.426006849609375 0.5801930546875 0.421304080078125 0.55831568359375 0.418617875 0.545736162109375 0.4189539921875 0.535193443359375 0.421151275390625 0.522126560546875 0.425456654296875 0.5093381484375 0.4287206171875 0.488355998046875 0.434739884765625 0.467932203125 0.443823185546875 0.46577050390625 0.439487609375 0.452348369140625 0.441331345703125 0.439751375 0.449186189453125 0.4388314921875 0.451759001953125 0.438819810546875 0.46169646484375 0.44000700390625 0.46801976171875 0.44157096875 0.472509568359375 0.4456867265625 0.472208912109375 0.455046609375 0.466105955078125 0.462639833984375 0.4608607578125