7 0.166195044921875 0.085475294921875 0.163294033203125 0.07439975390625 0.15409890625 0.067600537109375 0.14772170703125 0.066186388671875 0.1429717421875 0.08336884375 0.141680537109375 0.094515697265625 0.131175615234375 0.10889369140625 0.1243694296875 0.129724765625 0.124005109375 0.14102307421875 0.13168068359375 0.151029619140625 0.141444123046875 0.146005763671875 0.14982526171875 0.12619416015625 0.1533102734375 0.11621842578125 0.161619416015625 0.110041353515625 0.1653654765625 0.1040227890625 0.16762667578125 0.095943521484375 0.166195044921875 0.085475294921875
7 0.440436439453125 0.206923431640625 0.44748509375 0.2118919921875 0.454671970703125 0.2188372109375 0.466687919921875 0.222961845703125 0.47443332421875 0.22192365234375 0.476660724609375 0.209851833984375 0.476317896484375 0.19696751171875 0.47312385546875 0.19097479296875 0.46748577734375 0.185167828125 0.46132614453125 0.18187744921875 0.4512606171875 0.18258130078125 0.435856740234375 0.186759517578125 0.416770576171875 0.178171833984375 0.366882564453125 0.1630548359375 0.34860401171875 0.14963515625 0.348405564453125 0.148223337890625 0.306423568359375 0.10650764453125 0.2783635234375 0.079321939453125 0.27705924609375 0.0856152890625 0.306549326171875 0.118281255859375 0.34262885546875 0.165371779296875 0.389563923828125 0.188135611328125 0.428672431640625 0.200025390625 0.440436439453125 0.206923431640625
7 0.59133212109375 0.37532900390625 0.572329888671875 0.37293666796875 0.55015905078125 0.375107033203125 0.5196106875 0.387165501953125 0.52463914453125 0.399217240234375 0.536096625 0.388493736328125 0.560871890625 0.383660208984375 0.586468955078125 0.385591388671875 0.6100225546875 0.39820780859375 0.61721971484375 0.411347955078125 0.630884115234375 0.41721462109375 0.63253310546875 0.415858326171875 0.625684849609375 0.397732625 0.616973587890625 0.372915021484375 0.616236302734375 0.372346548828125 0.616669728515625 0.3735572265625 0.611988861328125 0.361481181640625 0.6054408515625 0.352636775390625 0.599281216796875 0.349346396484375 0.593943384765625 0.352820728515625 0.59151022265625 0.3629131875 0.59393602734375 0.372665876953125 0.59133212109375 0.37532900390625
2 0.606584388671875 0.572092513671875 0.61757869140625 0.52481226953125 0.597418623046875 0.485911767578125 0.5679005 0.412936603515625 0.556714248046875 0.39263319921875 0.52963709765625 0.4044489375 0.503205486328125 0.43048391015625 0.466178916015625 0.4795845078125 0.447987515625 0.51372553125 0.457874876953125 0.52543657421875 0.464558708984375 0.5230450625 0.484618638671875 0.5245327109375 0.502425396484375 0.5372159140625 0.522502421875 0.5241121953125 0.54763942578125 0.52722185546875 0.56828703515625 0.538181396484375 0.583858041015625 0.551356013671875 0.57065688671875 0.582047013671875 0.573943958984375 0.609103998046875 0.59112639453125 0.60542237109375 0.606584388671875 0.572092513671875
7 0.354581658203125 0.788017689453125 0.400440140625 0.8576856953125 0.469081373046875 0.901469919921875 0.491307814453125 0.906717451171875 0.51958103515625 0.920286595703125 0.526180486328125 0.905249798828125 0.524352341796875 0.886915998046875 0.50885703515625 0.8763396484375 0.49437649609375 0.880267662109375 0.483770365234375 0.884895634765625 0.4540008984375 0.873373810546875 0.41560302734375 0.847880953125 0.397056876953125 0.8171126796875 0.37837242578125 0.79218401953125 0.36519693359375 0.7600683828125 0.347261873046875 0.730229189453125 0.33787844140625 0.736715283203125 0.3387574375 0.749285513671875 0.354581658203125 0.788017689453125
7 0.709021919921875 0.10726082421875 0.7460947890625 0.07678662890625 0.77872411328125 0.061261591796875 0.776387236328125 0.050271908203125 0.76200119921875 0.0519749453125 0.740445064453125 0.057664708984375 0.697862546875 0.087827107421875 0.61894708203125 0.125408703125 0.60921827734375 0.122931314453125 0.60056482421875 0.1204214296875 0.585740087890625 0.121458076171875 0.578757533203125 0.144948673828125 0.58187641796875 0.150307126953125 0.589575740234375 0.1651033125 0.60347508984375 0.162040171875 0.617962486328125 0.150572015625 0.663320517578125 0.132064767578125 0.709021919921875 0.10726082421875
2 0.37440687109375 0.816940392578125 0.3643442265625 0.807433984375 0.36142060546875 0.810422984375 0.356216412109375 0.833063384765625 0.354907525390625 0.85914414453125 0.360162060546875 0.874555888671875 0.36645857421875 0.88246927734375 0.380551408203125 0.882411998046875 0.386466087890625 0.86993197265625 0.385241740234375 0.8449565390625 0.37440687109375 0.816940392578125
2 0.45195402734375 0.80594864453125 0.449297314453125 0.7903552421875 0.438130951171875 0.779997828125 0.430337482421875 0.780542798828125 0.42280237109375 0.784782453125 0.419162568359375 0.79246246875 0.41721063671875 0.80188083203125 0.41960614453125 0.82120524609375 0.425838068359375 0.82819496484375 0.433241150390625 0.8295336640625 0.44103462109375 0.82898869140625 0.448440552734375 0.8229016953125 0.45195402734375 0.80594864453125
7 0.45999508203125 0.488081013671875 0.454014841796875 0.4876174140625 0.442044056640625 0.51489296875 0.425423818359375 0.610350609375 0.412956935546875 0.644710435546875 0.406601392578125 0.660136724609375 0.399376794921875 0.68683349609375 0.40529222265625 0.698122431640625 0.41071803515625 0.697743021484375 0.416329791015625 0.69294450390625 0.421822375 0.6793411875 0.423613658203125 0.669521943359375 0.42744501953125 0.646340806640625 0.437021744140625 0.59191426171875 0.449192388671875 0.524967943359375 0.45999508203125 0.488081013671875
6 0.47528068359375 0.664146408203125 0.488285544921875 0.67467042578125 0.5070238984375 0.68572077734375 0.53673251171875 0.7065565703125 0.55756332421875 0.728013162109375 0.567547921875 0.736127177734375 0.569648841796875 0.723642806640625 0.559853669921875 0.70405893359375 0.5357568125 0.678424625 0.49556750390625 0.65655908203125 0.478365810546875 0.658643720703125 0.47528068359375 0.664146408203125
7 0.47193393359375 0.476662978515625 0.434865556640625 0.50135518359375 0.3959112265625 0.55832330859375 0.385365859375 0.569106478515625 0.370368671875 0.580870173828125 0.3687458984375 0.591755259765625 0.371811544921875 0.606887533203125 0.37743375390625 0.606494388671875 0.388868689453125 0.597658537109375 0.400638025390625 0.57205666796875 0.43725041015625 0.51391200390625 0.46714875 0.494409451171875 0.48238250390625 0.47526219140625 0.48041702734375 0.468702763671875 0.47193393359375 0.476662978515625
7 0.503377666015625 0.333829046875 0.518605576171875 0.330755609375 0.530320119140625 0.325918330078125 0.5432078828125 0.316310734375 0.54625465625 0.311409412109375 0.540073232421875 0.303805416015625 0.533887697265625 0.30691669921875 0.510505248046875 0.31725815234375 0.49185955078125 0.314543865234375 0.47039953515625 0.3200626171875 0.449780658203125 0.332219419921875 0.427841015625 0.368577306640625 0.405283251953125 0.428417921875 0.396702841796875 0.44576055859375 0.391913546875 0.47422230859375 0.399769357421875 0.49619171875 0.405822423828125 0.489991412109375 0.409807712890625 0.482346640625 0.408366638671875 0.4509716640625 0.4137133515625 0.435864673828125 0.429520455078125 0.3872111015625 0.44832012109375 0.354421681640625 0.46955069140625 0.3348550859375 0.489511244140625 0.329441185546875 0.503377666015625 0.333829046875
2 0.4894012109375 0.365871865234375 0.489034236328125 0.377990873046875 0.490358966796875 0.3899915859375 0.49588646484375 0.396083810546875 0.502683671875 0.399494822265625 0.505857228515625 0.39624980078125 0.512961404296875 0.38668371484375 0.512815083984375 0.3741680625 0.5086793359375 0.363660591796875 0.5033054375 0.35280623828125 0.497836939453125 0.351029669921875 0.493665919921875 0.353912833984375 0.4894012109375 0.365871865234375
7 0.41069295703125 0.398606830078125 0.403768783203125 0.438178822265625 0.40369245703125 0.48441715234375 0.4102288203125 0.54070108203125 0.417946759765625 0.580089208984375 0.4267772421875 0.608336478515625 0.42821260546875 0.622106005859375 0.433619220703125 0.631815474609375 0.440085158203125 0.639769919921875 0.445781865234375 0.636985201171875 0.447485427734375 0.627285330078125 0.44187683984375 0.607922916015625 0.43141465625 0.59352412890625 0.41597257421875 0.528195880859375 0.409264921875 0.459315439453125 0.413375208984375 0.409921361328125 0.42750195703125 0.375309021484375 0.4400109453125 0.34123027734375 0.430662404296875 0.336000212890625 0.41069295703125 0.398606830078125
1 0.1620676796875 0.079186775390625 0.158114310546875 0.074557755859375 0.15481037890625 0.072981607421875 0.152335921875 0.072896603515625 0.1500056953125 0.074866728515625 0.14686 0.083863630859375 0.14597270703125 0.0898632890625 0.1464944140625 0.09524834765625 0.14679979296875 0.0996154609375 0.14739477734375 0.101897109375 0.148208142578125 0.10429888671875 0.151331578125 0.102137892578125 0.152072923828125 0.100251416015625 0.151225025390625 0.098530982421875 0.15025013671875 0.097050939453125 0.14853576171875 0.093298423828125 0.148320890625 0.0881499453125 0.148864708984375 0.0834654140625 0.150365005859375 0.080005107421875 0.15150374609375 0.077601298828125 0.153038705078125 0.07671985546875 0.1559285234375 0.076517779296875 0.15914167578125 0.08093959765625 0.159790591796875 0.083992509765625 0.160347482421875 0.091956396484375 0.160319955078125 0.09214075390625 0.160455216796875 0.093497078125 0.15981309765625 0.09553529296875 0.159062056640625 0.1005651796875 0.158574556640625 0.10081883203125 0.158265998046875 0.10371820703125 0.156839044921875 0.104076025390625 0.15413009765625 0.1047815234375 0.153536232421875 0.103440318359375 0.1527578046875 0.103845341796875 0.149524513671875 0.10536254296875 0.150787552734375 0.108887654296875 0.15192437890625 0.11061533984375 0.153224849609375 0.11052440234375 0.15681890625 0.110015044921875 0.158552693359375 0.109893806640625 0.161317484375 0.105828078125 0.162041134765625 0.10164704296875 0.16325328125 0.096141669921875 0.162750259765625 0.088948125 0.1620676796875 0.079186775390625
1 0.153723326171875 0.08235155859375 0.1530530234375 0.087302970703125 0.153068796875 0.09375555078125 0.152687435546875 0.098687685546875 0.152072923828125 0.100251416015625 0.152578181640625 0.10127661328125 0.153536232421875 0.103440318359375 0.158574556640625 0.10081883203125 0.15879186328125 0.09877689453125 0.15981309765625 0.09553529296875 0.160319955078125 0.09214075390625 0.15996948828125 0.08862650390625 0.158598650390625 0.083559787109375 0.15695609765625 0.080834392578125 0.154554775390625 0.07971212890625 0.153723326171875 0.08235155859375
4 0.6082879453125 0.38929784765625 0.5941126328125 0.382418984375 0.581794865234375 0.378360935546875 0.567738310546875 0.377130138671875 0.554345328125 0.37748191015625 0.5484606796875 0.37838534375 0.542403359375 0.380776669921875 0.53648296875 0.38512617578125 0.5269658828125 0.391448044921875 0.523713837890625 0.392413359375 0.525692251953125 0.393012923828125 0.53042407421875 0.3914521953125 0.54140434375 0.3842901015625 0.55374225 0.380721685546875 0.566440349609375 0.380325685546875 0.584608533203125 0.382990755859375 0.595188958984375 0.385939515625 0.6049768203125 0.3914043203125 0.615475951171875 0.39600348828125 0.613206234375 0.396332083984375 0.61740111328125 0.404892724609375 0.62280016796875 0.414844978515625 0.625620529296875 0.41759939453125 0.628321599609375 0.41864036328125 0.629698681640625 0.4165763125 0.629975560546875 0.412621439453125 0.629770986328125 0.407717283203125 0.626022572265625 0.4015841875 0.61914298828125 0.394195158203125 0.6082879453125 0.38929784765625
4 0.625463111328125 0.407433759765625 0.6233485234375 0.402908205078125 0.618532931640625 0.397342603515625 0.615825607421875 0.396156654296875 0.625203283203125 0.411632484375 0.625237515625 0.412122029296875 0.62683687109375 0.415207794921875 0.627233044921875 0.412966365234375 0.6271988125 0.4124768203125 0.625463111328125 0.407433759765625
7 0.455858126953125 0.46870851171875 0.46044062109375 0.463309962890625 0.459209453125 0.456447646484375 0.477798671875 0.44285392578125 0.503025541015625 0.4295980078125 0.52524163671875 0.41628530859375 0.540461814453125 0.412548759765625 0.547903744140625 0.411493732421875 0.55102591015625 0.411008091796875 0.55953336328125 0.410145875 0.574434419921875 0.410439552734375 0.5825859765625 0.410938810546875 0.595675470703125 0.404679005859375 0.60173519140625 0.398909837890625 0.6026338203125 0.396708458984375 0.598370380859375 0.398075857421875 0.591750146484375 0.402280310546875 0.582867009765625 0.4085142265625 0.56370379296875 0.407448388671875 0.541715818359375 0.4089859375 0.529431552734375 0.4117161640625 0.519501794921875 0.41588472265625 0.5074964921875 0.422604279296875 0.49556583203125 0.42824841796875 0.47611771484375 0.438160677734375 0.457802337890625 0.450974134765625 0.454853087890625 0.4471306875 0.442029357421875 0.45150161328125 0.431162578125 0.46161576171875 0.430750513671875 0.464316826171875 0.432635205078125 0.474073939453125 0.435007126953125 0.480054533203125 0.4373990546875 0.4841634296875 0.44138182421875 0.483082974609375 0.4494052421875 0.4753061953125 0.455858126953125 0.46870851171875