7 0.478945048828125 0 0.4701102734375 0.035659375 0.4492793125 0.098779328125 0.440559755859375 0.141925021484375 0.427260015625 0.19539659375 0.425337271484375 0.210003982421875 0.416100453125 0.22078377734375 0.412885177734375 0.241365583984375 0.417238759765625 0.257233708984375 0.42650477734375 0.264106388671875 0.43790174609375 0.255613607421875 0.437919857421875 0.23017869921875 0.43355988671875 0.214911453125 0.443365291015625 0.17230806640625 0.453131029296875 0.11901145703125 0.470461771484375 0.06736044140625 0.486674689453125 0.009630771484375 0.487345646484375 0 0.478945048828125 0
7 0.476989158203125 0.24410548046875 0.47880426171875 0.264139232421875 0.482746015625 0.275165001953125 0.485141080078125 0.356512123046875 0.48779652734375 0.42295921875 0.49337358984375 0.4724304375 0.50265958203125 0.509674517578125 0.519013072265625 0.546568798828125 0.526318203125 0.563114296875 0.530605228515625 0.55639422265625 0.510390349609375 0.511984943359375 0.500190154296875 0.47426263671875 0.49778720703125 0.450637564453125 0.49375027734375 0.410172384765625 0.492119044921875 0.365368556640625 0.493515365234375 0.3311122734375 0.491680005859375 0.280708142578125 0.49722192578125 0.263078955078125 0.49345996484375 0.23364148828125 0.48951798828125 0.2226148203125 0.483075390625 0.220689380859375 0.475756736328125 0.223220287109375 0.476989158203125 0.24410548046875
7 0.5525447265625 0.2913564140625 0.549996572265625 0.308239173828125 0.55273023828125 0.32239175 0.544930197265625 0.359657939453125 0.534628583984375 0.406023681640625 0.517505822265625 0.4569157265625 0.49948696875 0.481894640625 0.46538581640625 0.4981676484375 0.4514588046875 0.498108283203125 0.452780759765625 0.509787240234375 0.466707771484375 0.50984660546875 0.487958021484375 0.5010165625 0.505091591796875 0.493212923828125 0.50967031640625 0.485634755859375 0.526231828125 0.463217841796875 0.54577003515625 0.40607140625 0.555995419921875 0.34983459375 0.560831119140625 0.330968208984375 0.5721475 0.31896376171875 0.577400119140625 0.298581103515625 0.57562287890625 0.283482947265625 0.567522501953125 0.27490636328125 0.5586688203125 0.272875912109375 0.5525447265625 0.2913564140625
7 0.5909745234375 0.59379879296875 0.578853396484375 0.61520879296875 0.574168578125 0.640510384765625 0.5730217109375 0.683892205078125 0.561456185546875 0.732170525390625 0.542867494140625 0.813229025390625 0.53631793359375 0.8453166484375 0.530229833984375 0.84683458203125 0.52484695703125 0.855071296875 0.519730673828125 0.869563595703125 0.5207677734375 0.88539404296875 0.5260356171875 0.89614738671875 0.5337768828125 0.8999638984375 0.541572349609375 0.8967339140625 0.54521998828125 0.881020833984375 0.547161177734375 0.86157450390625 0.543516029296875 0.8521409453125 0.55603666015625 0.79213219140625 0.571197044921875 0.729741857421875 0.57961490234375 0.68569612109375 0.58078513671875 0.656673130859375 0.584563646484375 0.621254154296875 0.5957723125 0.600072611328125 0.5909745234375 0.59379879296875
2 0.510697380859375 0.82814455078125 0.526649970703125 0.8402571015625 0.54007456640625 0.840932228515625 0.55095284375 0.85603241015625 0.5653525859375 0.86450891796875 0.574470216796875 0.882922341796875 0.59117044921875 0.890250802734375 0.610824875 0.879603779296875 0.6194288203125 0.859646134765625 0.6169645 0.8295616328125 0.615783572265625 0.754251021484375 0.60761955859375 0.678713775390625 0.592055251953125 0.64352077734375 0.57015296484375 0.628294923828125 0.537107744140625 0.63710849609375 0.505131328125 0.665767818359375 0.501510755859375 0.71608749609375 0.499640623046875 0.778611982421875 0.499622296875 0.804474455078125 0.510697380859375 0.82814455078125
2 0.235920693359375 0.05606746484375 0.225879205078125 0.053062078125 0.21392953125 0.059484478515625 0.214407888671875 0.07382529296875 0.2218945 0.083664724609375 0.232870662109375 0.079551044921875 0.237694787109375 0.06939623046875 0.235920693359375 0.05606746484375
2 0.280853443359375 0.9676806875 0.2776278515625 0.956995484375 0.27184457421875 0.94844619140625 0.263764244140625 0.950959927734375 0.26096858203125 0.961149107421875 0.26507496875 0.97311291015625 0.267894005859375 0.9754074140625 0.277462255859375 0.975418912109375 0.280853443359375 0.9676806875
2 0.255354349609375 0.911595546875 0.24625075 0.904373185546875 0.237699130859375 0.909502712890625 0.238340720703125 0.918833931640625 0.243390130859375 0.925567955078125 0.251381572265625 0.92573975390625 0.2547031796875 0.920249966796875 0.255354349609375 0.911595546875
2 0.67998678515625 0.819521560546875 0.674189025390625 0.828003904296875 0.677942490234375 0.85099165625 0.690601685546875 0.857096572265625 0.6920156875 0.8439644140625 0.68995273046875 0.83251696875 0.67998678515625 0.819521560546875
2 0.85391784375 0.895098986328125 0.861444267578125 0.90155227734375 0.8663781953125 0.8863630234375 0.86204158203125 0.87055651171875 0.855502029296875 0.872890302734375 0.85391784375 0.895098986328125
2 0.54780498828125 0.379429390625 0.54256541015625 0.381592701171875 0.540129205078125 0.38533966796875 0.5421567734375 0.39282807421875 0.54502398046875 0.399821806640625 0.54933810546875 0.40102974609375 0.55360966796875 0.39843503125 0.552805076171875 0.3853197265625 0.54780498828125 0.379429390625
3 0.490476423828125 0.32703371484375 0.48837931640625 0.32510505859375 0.485971216796875 0.325959302734375 0.486319322265625 0.33089484375 0.48714885546875 0.333513615234375 0.488310693359375 0.33604858203125 0.489251162109375 0.337697828125 0.490193919921875 0.33652090625 0.491468703125 0.335261201171875 0.4918762109375 0.332647955078125 0.4910657734375 0.32939746484375 0.490476423828125 0.32703371484375