2 0.8916608359375 0.417562234375 0.90279776171875 0.425199755859375 0.91252569921875 0.420858255859375 0.91331475 0.406001400390625 0.912453287109375 0.387381076171875 0.89557475390625 0.38331019140625 0.890050619140625 0.397453732421875 0.8916608359375 0.417562234375
7 0.86409961328125 0.3494031484375 0.875112728515625 0.351345771484375 0.885895423828125 0.3500666875 0.893545318359375 0.344495400390625 0.89256283984375 0.329982896484375 0.8846309921875 0.315187494140625 0.864088888671875 0.31591303515625 0.842386748046875 0.32013150390625 0.782361703125 0.31872943359375 0.739843443359375 0.326994146484375 0.708115298828125 0.357667267578125 0.6909229609375 0.37326201953125 0.696793013671875 0.389275052734375 0.723576533203125 0.37099910546875 0.744264212890625 0.34737319140625 0.772561490234375 0.334521017578125 0.822230349609375 0.334668689453125 0.849907822265625 0.339907912109375 0.85937798828125 0.3413345390625 0.86409961328125 0.3494031484375
7 0.71475823046875 0.809340845703125 0.733536384765625 0.821052611328125 0.741135638671875 0.823764466796875 0.746146828125 0.817204427734375 0.717208783203125 0.797692578125 0.697452947265625 0.79105880859375 0.679425373046875 0.797355994140625 0.6522494609375 0.815207345703125 0.61801080078125 0.83512956640625 0.5777280546875 0.858320666015625 0.567127505859375 0.860381203125 0.551082390625 0.860707076171875 0.542429578125 0.87076795703125 0.543531064453125 0.884519703125 0.550820572265625 0.89776568359375 0.56959177734375 0.889228978515625 0.579352677734375 0.874763705078125 0.62075721484375 0.84925863671875 0.666181201171875 0.82017928125 0.693371171875 0.804420171875 0.71475823046875 0.809340845703125
7 0.601001716796875 0.804221064453125 0.632796083984375 0.816194775390625 0.6470794140625 0.816910310546875 0.64763726953125 0.80562994921875 0.63661671484375 0.8014872109375 0.5901051328125 0.780503359375 0.52306647265625 0.7509406796875 0.510462966796875 0.73663171875 0.494493041015625 0.729262041015625 0.484195125 0.7389446875 0.488483509765625 0.75696397265625 0.506780197265625 0.77226126171875 0.522928955078125 0.768423306640625 0.561944591796875 0.783184232421875 0.601001716796875 0.804221064453125
7 0.747432458984375 0.8061797109375 0.754290052734375 0.806544591796875 0.76298384375 0.802759716796875 0.7660606640625 0.790290765625 0.759253314453125 0.7734600703125 0.745348318359375 0.772670994140625 0.7296198984375 0.78271121484375 0.72537944140625 0.791216412109375 0.70446742578125 0.8008672578125 0.675418962890625 0.803022716796875 0.63914991796875 0.80239176953125 0.625231548828125 0.79951126171875 0.626539298828125 0.806239044921875 0.639858830078125 0.81412390625 0.667812931640625 0.818466087890625 0.69014955078125 0.8141242890625 0.7150063359375 0.808594609375 0.730397400390625 0.804903935546875 0.73581504296875 0.802454833984375 0.747432458984375 0.8061797109375
2 0.690304169921875 0.703748349609375 0.691928955078125 0.6817866796875 0.705151779296875 0.675026478515625 0.7186091640625 0.665427703125 0.717556123046875 0.639797548828125 0.699535150390625 0.6279386015625 0.685127681640625 0.608394333984375 0.66359651171875 0.6007096328125 0.646573205078125 0.6061136015625 0.63825097265625 0.62798016015625 0.628387119140625 0.645958322265625 0.627375228515625 0.665007875 0.630410728515625 0.68466671484375 0.64605684765625 0.700478279296875 0.6575729296875 0.703127734375 0.665950201171875 0.689629421875 0.676502484375 0.699448201171875 0.683503078125 0.7071653203125 0.69132283203125 0.704946361328125 0.690304169921875 0.703748349609375
7 0.457053943359375 0.261185501953125 0.464269203125 0.277385103515625 0.473904216796875 0.271435490234375 0.4730661171875 0.250344953125 0.469301162109375 0.2272473046875 0.480907125 0.219839267578125 0.480443669921875 0.202540427734375 0.465358408203125 0.1771344609375 0.447067044921875 0.178113908203125 0.441702244140625 0.195258103515625 0.44043237109375 0.214825658203125 0.44758140234375 0.23855399609375 0.457053943359375 0.261185501953125
7 0.521655271484375 0.26657561328125 0.537515498046875 0.27615968359375 0.546632615234375 0.280183806640625 0.5551084765625 0.27531598828125 0.5555719296875 0.25719273046875 0.54546436328125 0.244344544921875 0.5286649921875 0.241813703125 0.515287787109375 0.24570245703125 0.4770859921875 0.231874685546875 0.41392596484375 0.19778127734375 0.40025651953125 0.192709306640625 0.39931056640625 0.2083503203125 0.4251318359375 0.218144068359375 0.449328318359375 0.228897888671875 0.4742353125 0.24144538671875 0.497491560546875 0.251093482421875 0.513255990234375 0.25575728515625 0.5188558984375 0.256601505859375 0.521655271484375 0.26657561328125
7 0.3627992890625 0.342967142578125 0.40914679296875 0.337178376953125 0.4205245703125 0.33045799609375 0.418689279296875 0.317290333984375 0.378195478515625 0.327093318359375 0.3009730078125 0.334375748046875 0.24583212890625 0.332212943359375 0.231102466796875 0.32541526953125 0.2140745703125 0.32357309375 0.21029698046875 0.3339682109375 0.21493812109375 0.348523203125 0.220963220703125 0.360876451171875 0.237400763671875 0.361545837890625 0.250835099609375 0.348629392578125 0.272656484375 0.352760087890625 0.31016630078125 0.349977681640625 0.3627992890625 0.342967142578125
7 0.322962251953125 0.275983091796875 0.328224220703125 0.240829486328125 0.330530244140625 0.221700994140625 0.31950840234375 0.211606560546875 0.319876640625 0.2321441875 0.316562330078125 0.259837240234375 0.317502056640625 0.2963651640625 0.31176261328125 0.30971766015625 0.29237917578125 0.321857759765625 0.283731919921875 0.318386552734375 0.268005404296875 0.31951074609375 0.257085189453125 0.324853697265625 0.25846291796875 0.3393987890625 0.2705449765625 0.35121892578125 0.285992068359375 0.34306425 0.29339507421875 0.3345413984375 0.310937150390625 0.3259785546875 0.322397171875 0.314091064453125 0.32380017578125 0.297072720703125 0.322962251953125 0.275983091796875
2 0.246590337890625 0.20001818359375 0.27587186328125 0.25744253515625 0.288944369140625 0.278086732421875 0.296321927734375 0.30112640625 0.322340041015625 0.3231187578125 0.330701638671875 0.336306322265625 0.351018220703125 0.342017064453125 0.361348080078125 0.335501322265625 0.366351048828125 0.316495669921875 0.371315931640625 0.291701115234375 0.380388552734375 0.27126016015625 0.39347387109375 0.2584125 0.4001345078125 0.225560224609375 0.3966297578125 0.188886646484375 0.387061998046875 0.134071826171875 0.374160884765625 0.086344552734375 0.340351970703125 0.067154126953125 0.31919088671875 0.0570987734375 0.305204103515625 0.039208322265625 0.277674953125 0.035542861328125 0.250571349609375 0.04338824609375 0.233359248046875 0.066698900390625 0.223569021484375 0.102091296875 0.228146623046875 0.142419908203125 0.246590337890625 0.20001818359375
7 0.621175349609375 0.628433712890625 0.6170563671875 0.601642232421875 0.606519193359375 0.583843396484375 0.59649000390625 0.589664939453125 0.60040829296875 0.612623365234375 0.608523373046875 0.634765076171875 0.621187998046875 0.6565072734375 0.6356952421875 0.6919297890625 0.648590298828125 0.721856166015625 0.66465838671875 0.72889831640625 0.688916181640625 0.703852134765625 0.698203986328125 0.678810595703125 0.69252711328125 0.66781208984375 0.67749823046875 0.6983255390625 0.671079708984375 0.707319193359375 0.66094096875 0.70977385546875 0.651893328125 0.7052391328125 0.64505728125 0.6910777734375 0.62825060546875 0.65223015625 0.62156711328125 0.6346500234375 0.621175349609375 0.628433712890625
4 0.474742802734375 0.212141642578125 0.47477673828125 0.203398607421875 0.471428330078125 0.189145080078125 0.462167314453125 0.180152501953125 0.45454283984375 0.179579193359375 0.452531802734375 0.182656845703125 0.457358703125 0.183657576171875 0.463687294921875 0.184996849609375 0.46771229296875 0.189353330078125 0.469692751953125 0.193594095703125 0.471724314453125 0.20553321875 0.47131562890625 0.21383596875 0.4674380234375 0.217673203125 0.463261505859375 0.21848503515625 0.45884472265625 0.212867380859375 0.45905398046875 0.21467716796875 0.4586553828125 0.2126265625 0.455200263671875 0.2082320390625 0.45063003125 0.2006233984375 0.45167596484375 0.205481068359375 0.456441427734375 0.213129640625 0.456762001953125 0.21360734765625 0.4668159765625 0.22190576953125 0.4707791328125 0.217023755859375 0.474742802734375 0.212141642578125
4 0.462560515625 0.238664544921875 0.465100669921875 0.229434349609375 0.462543171875 0.222222244140625 0.456762001953125 0.21360734765625 0.45270460546875 0.21025842578125 0.45167596484375 0.205481068359375 0.449301142578125 0.2016694765625 0.446956400390625 0.192739658203125 0.4465510703125 0.19346665625 0.447812681640625 0.20144473046875 0.45196548828125 0.210916169921875 0.459930619140625 0.220674716796875 0.461663271484375 0.2295884375 0.454798697265625 0.231436849609375 0.449948341796875 0.228782083984375 0.447871595703125 0.2240459609375 0.446063439453125 0.217716345703125 0.445551169921875 0.210620763671875 0.4472011953125 0.20721652734375 0.443464373046875 0.204345310546875 0.442295787109375 0.21022633984375 0.442808056640625 0.217321921875 0.447194830078125 0.23394209765625 0.4524303359375 0.238578294921875 0.457452306640625 0.239143404296875 0.462560515625 0.238664544921875
4 0.449283798828125 0.185227177734375 0.446702078125 0.18829844140625 0.445962958984375 0.1889561875 0.446956400390625 0.192739658203125 0.448479224609375 0.19000835546875 0.4503116015625 0.18605459765625 0.452531802734375 0.182656845703125 0.4522397578125 0.182596298828125 0.449283798828125 0.185227177734375
4 0.467891380859375 0.2021675546875 0.468214515625 0.1949095859375 0.462786609375 0.189283580078125 0.462745744140625 0.1892844609375 0.463663072265625 0.19528022265625 0.459053962890625 0.211457029296875 0.4636156484375 0.215846765625 0.464601884765625 0.2105152578125 0.467891380859375 0.2021675546875