7 0.230054234375 0.26544816796875 0.2155978125 0.27838994921875 0.20599657421875 0.301745828125 0.17295612109375 0.348009759765625 0.12494215234375 0.401901982421875 0.087045263671875 0.42876791796875 0.06804583984375 0.44706005859375 0.053591544921875 0.477968654296875 0.05101333203125 0.50530644140625 0.059569306640625 0.502826775390625 0.07217821875 0.462613390625 0.091280876953125 0.440592849609375 0.12659666015625 0.420101958984375 0.1624266640625 0.3809678671875 0.195570333984375 0.333969484375 0.210129609375 0.314304365234375 0.22654830859375 0.30538220703125 0.238731767578125 0.2876300546875 0.239556388671875 0.2757673359375 0.230054234375 0.26544816796875
7 0.45375318359375 0.37624355859375 0.43815608984375 0.352341171875 0.426583404296875 0.30280122265625 0.400752595703125 0.19885205078125 0.377097908203125 0.1543518828125 0.3442542265625 0.127276689453125 0.344153521484375 0.14597894140625 0.35461484765625 0.15927071484375 0.37864994921875 0.179276185546875 0.392494333984375 0.224642603515625 0.40737315625 0.28662580859375 0.415123720703125 0.330387775390625 0.421529822265625 0.353747408203125 0.425249462890625 0.369243669921875 0.426078974609375 0.39631142578125 0.4351685078125 0.409566552734375 0.4467337890625 0.40220822265625 0.45375318359375 0.37624355859375
7 0.41220651171875 0.12634605859375 0.411174697265625 0.133687796875 0.374312126953125 0.174173748046875 0.347154640625 0.19656016796875 0.32846474609375 0.212649880859375 0.297898408203125 0.22632151171875 0.268363744140625 0.2356462734375 0.273632802734375 0.252108310546875 0.30461226953125 0.238494740234375 0.3284659921875 0.22462773046875 0.34696012109375 0.211237041015625 0.365537013671875 0.1976466640625 0.38660169921875 0.176649888671875 0.407149533203125 0.15333548046875 0.4143777421875 0.146864587890625 0.430177001953125 0.13935234765625 0.445251474609375 0.116017662109375 0.444216908203125 0.0994017890625 0.433889755859375 0.09795040234375 0.420362798828125 0.113267806640625 0.41220651171875 0.12634605859375
6 0.25393743359375 0.48216914453125 0.259100005859375 0.475407947265625 0.262298033203125 0.4496551796875 0.26663071875 0.412831287109375 0.268588623046875 0.377920505859375 0.267139671875 0.352262669921875 0.264759615234375 0.315244318359375 0.25897634765625 0.314431533203125 0.261871494140625 0.341789595703125 0.261567228515625 0.385917439453125 0.25930105078125 0.43201455078125 0.251973392578125 0.46617159765625 0.25393743359375 0.48216914453125
2 0.26548628125 0.346041462890625 0.271271185546875 0.35883308984375 0.274268294921875 0.37647280078125 0.28673792578125 0.387483916015625 0.3067995546875 0.3847876796875 0.3222855234375 0.3495322109375 0.328065158203125 0.32039842578125 0.324653662109375 0.29371675 0.314014224609375 0.270510181640625 0.29593962109375 0.255243330078125 0.273736904296875 0.25736282421875 0.258973466796875 0.29047483984375 0.25732458984375 0.320189166015625 0.26548628125 0.346041462890625
6 0.3185118828125 0 0.324782841796875 0.024771072265625 0.335475701171875 0.07505133203125 0.344318396484375 0.100204564453125 0.35841450390625 0.097524541015625 0.345936515625 0.04153004296875 0.33888412890625 0.009880341796875 0.33571313671875 0 0.3185118828125 0
7 0.30247109375 0.388439330078125 0.317685158203125 0.419164998046875 0.327265427734375 0.446375158203125 0.33562471484375 0.471371623046875 0.341261560546875 0.499388970703125 0.339667318359375 0.516181443359375 0.34061628515625 0.52518072265625 0.34746350390625 0.54246016796875 0.35647723046875 0.546449759765625 0.364925861328125 0.53538549609375 0.366238537109375 0.520596482421875 0.353748103515625 0.495018486328125 0.3467037421875 0.471567283203125 0.331676373046875 0.431339943359375 0.318714978515625 0.3954871484375 0.3080093046875 0.37900906640625 0.30247109375 0.388439330078125
7 0.308769716796875 0.42964377734375 0.30464915625 0.441718373046875 0.30286805859375 0.4566893359375 0.302552490234375 0.466984498046875 0.30446803515625 0.478117771484375 0.310842412109375 0.484203958984375 0.31872851953125 0.479866689453125 0.324265765625 0.464990703125 0.32135290234375 0.444842935546875 0.31937884375 0.426188509765625 0.31534035546875 0.41404999609375 0.314981943359375 0.3567526875 0.309001966796875 0.383150484375 0.3098372734375 0.411700134765625 0.308769716796875 0.42964377734375
5 0.641903384765625 0.828117349609375 0.65109534765625 0.837290525390625 0.66255841015625 0.830303994140625 0.66858454296875 0.813240498046875 0.6673965859375 0.7987452109375 0.658006837890625 0.788112712890625 0.64901291796875 0.780400765625 0.63972381640625 0.786259431640625 0.63700187109375 0.803097251953125 0.641903384765625 0.828117349609375
7 0.854569294921875 0.783498083984375 0.850417572265625 0.77575043359375 0.8306558359375 0.801629763671875 0.804073044921875 0.810073439453125 0.77748719921875 0.795590794921875 0.740523412109375 0.768903375 0.6951584375 0.73601976953125 0.686558625 0.719766583984375 0.67815719921875 0.710705447265625 0.663234158203125 0.70502606640625 0.65780041015625 0.71787450390625 0.6568140234375 0.73349666796875 0.666994201171875 0.741375333984375 0.677766251953125 0.74503887109375 0.684881740234375 0.74603888671875 0.69743405078125 0.75425 0.723427376953125 0.77294862109375 0.750606580078125 0.79181296875 0.77650143359375 0.814078896484375 0.805261001953125 0.8245687265625 0.827692802734375 0.814109208984375 0.845282404296875 0.80368539453125 0.854569294921875 0.783498083984375
7 0.7400153515625 0.66065232421875 0.736550236328125 0.677950455078125 0.756131724609375 0.7209478203125 0.768390548828125 0.757058119140625 0.772742013671875 0.7805955703125 0.772251 0.8070336015625 0.784011890625 0.812268568359375 0.79132226171875 0.788937626953125 0.78113793359375 0.749536794921875 0.767692982421875 0.713258859375 0.748318560546875 0.67328267578125 0.7400153515625 0.66065232421875
7 0.603153208984375 0.719485689453125 0.591396962890625 0.748639744140625 0.59564750390625 0.758550908203125 0.602862560546875 0.764579458984375 0.61076775 0.7570938359375 0.617781583984375 0.738735759765625 0.622253845703125 0.712048458984375 0.624299697265625 0.7038309921875 0.636847857421875 0.680519939453125 0.6534446015625 0.63700161328125 0.671030056640625 0.595055634765625 0.661443748046875 0.591558744140625 0.640597646484375 0.63949440625 0.620444232421875 0.6939753515625 0.610365708984375 0.70545478125 0.603153208984375 0.719485689453125
7 0.614203501953125 0.57775539453125 0.616381353515625 0.608151529296875 0.61204003515625 0.659123015625 0.60087821875 0.704121400390625 0.583394634765625 0.7711572109375 0.570550001953125 0.79084451171875 0.56353651171875 0.81493341015625 0.57075230078125 0.82669376953125 0.584784890625 0.8215017578125 0.59286287109375 0.801671900390625 0.594169029296875 0.78914847265625 0.593376662109375 0.77470878125 0.598315033203125 0.75104447265625 0.609970009765625 0.70253331640625 0.619451029296875 0.65515001953125 0.623101033203125 0.6033642109375 0.6232904140625 0.538913337890625 0.613605396484375 0.536118802734375 0.614203501953125 0.57775539453125
6 0.664990787109375 0.506087259765625 0.654225294921875 0.556873052734375 0.636836529296875 0.5916825078125 0.616779501953125 0.628266587890625 0.586741201171875 0.66416412109375 0.565299916015625 0.69339042578125 0.56085608203125 0.719272923828125 0.56935548828125 0.721899896484375 0.579927560546875 0.70690868359375 0.592524546875 0.68935770703125 0.598799810546875 0.67875471875 0.611940703125 0.6569594296875 0.636345279296875 0.615255587890625 0.65472090625 0.570553873046875 0.668848185546875 0.533136421875 0.6758591171875 0.4889880625 0.6665666171875 0.46618958984375 0.6599473671875 0.481736333984375 0.664990787109375 0.506087259765625
2 0.659757126953125 0.54045631640625 0.641872876953125 0.56158403515625 0.621419916015625 0.592381697265625 0.616480923828125 0.613180064453125 0.62271264453125 0.65775709765625 0.6303251015625 0.6810356875 0.64248338671875 0.703520689453125 0.657902943359375 0.722881951171875 0.684090876953125 0.72011448828125 0.700792564453125 0.72174552734375 0.7111070859375 0.706023396484375 0.733300224609375 0.676881251953125 0.74703401953125 0.650870978515625 0.741494361328125 0.6099732890625 0.731309197265625 0.56197478125 0.71766817578125 0.5356993125 0.7051126015625 0.498830142578125 0.69137444140625 0.487586515625 0.68001180859375 0.505332474609375 0.68169355078125 0.5191809296875 0.659757126953125 0.54045631640625
6 0.337739203125 0.304301095703125 0.32578436328125 0.297201546875 0.317378552734375 0.286536220703125 0.31149420703125 0.27961286328125 0.309813244140625 0.286150880859375 0.31158842578125 0.297916138671875 0.32531803125 0.30865178125 0.33288323828125 0.31716621875 0.343250611328125 0.324719625 0.3542713828125 0.33304275390625 0.361930943359375 0.349021673828125 0.36454662890625 0.3710669140625 0.367817001953125 0.39388019140625 0.372767728515625 0.407446595703125 0.384340021484375 0.411620919921875 0.390512146484375 0.40587585546875 0.387990138671875 0.39400563671875 0.38079827734375 0.390963076171875 0.375381734375 0.388846978515625 0.3721118671875 0.37687165234375 0.3722981171875 0.361995392578125 0.36912130078125 0.338516435546875 0.36034149609375 0.322380080078125 0.348479990234375 0.311906982421875 0.337739203125 0.304301095703125
7 0.65068029296875 0.784191 0.65740658203125 0.8110318515625 0.66322071484375 0.846776853515625 0.665297046875 0.865736447265625 0.669282359375 0.866296546875 0.6710254453125 0.85630392578125 0.667869865234375 0.840203435546875 0.66238828125 0.809322421875 0.653170271484375 0.76888394140625 0.646774474609375 0.72041097265625 0.64361729296875 0.680221193359375 0.639879333984375 0.6489840078125 0.633069658203125 0.617916345703125 0.623685083984375 0.57624920703125 0.6251792734375 0.57043763671875 0.624016091796875 0.55461716015625 0.61836966796875 0.54177954296875 0.614051736328125 0.533945884765625 0.608820998046875 0.53501722265625 0.603673451171875 0.537906720703125 0.60076805078125 0.54412305078125 0.599855248046875 0.553028044921875 0.60085185546875 0.562803546875 0.6032599921875 0.569765708984375 0.608823546875 0.578376583984375 0.613324599609375 0.58652770703125 0.61654560546875 0.5860855703125 0.6196181171875 0.595550666015625 0.62285675390625 0.613470232421875 0.629915642578125 0.637948265625 0.635728990234375 0.668874970703125 0.640795978515625 0.7147525625 0.642873095703125 0.738530453125 0.646278376953125 0.76490456640625 0.65068029296875 0.784191
7 0.21219476953125 0.372873810546875 0.221462623046875 0.37514126953125 0.22563098046875 0.375083796875 0.22740480859375 0.3688991796875 0.23112995703125 0.37457003125 0.25019852734375 0.389474466796875 0.277914271484375 0.414924806640625 0.305009515625 0.446077615234375 0.323768220703125 0.474773142578125 0.332592751953125 0.489202818359375 0.34270385546875 0.502206001953125 0.34971016015625 0.50512056640625 0.3548987265625 0.505528123046875 0.360574525390625 0.5024650859375 0.361993720703125 0.4988038203125 0.35999825390625 0.4988450234375 0.354410703125 0.50256376171875 0.34478800390625 0.50024643359375 0.33645067578125 0.491354193359375 0.3258968046875 0.473784763671875 0.313568359375 0.453393677734375 0.300308791015625 0.437053169921875 0.285098515625 0.41786437890625 0.272237796875 0.4051189921875 0.255475234375 0.389251115234375 0.233879255859375 0.37045240234375 0.22898067578125 0.366937369140625 0.2301540234375 0.3622074140625 0.22749330859375 0.355399564453125 0.22079722265625 0.347702931640625 0.212060931640625 0.341649458984375 0.207892787109375 0.34428015234375 0.20523225390625 0.3490535546875 0.204212423828125 0.35631001953125 0.204079216796875 0.36240355859375 0.20598630078125 0.369428076171875 0.21219476953125 0.372873810546875