2 0.0320641640625 0.5977760625 0.0220050234375 0.58674694140625 0.014421919921875 0.5929487578125 0.013263708984375 0.6074570703125 0.016495095703125 0.62362320703125 0.022225638671875 0.626750376953125 0.028176998046875 0.62688639453125 0.03453969140625 0.615007115234375 0.0320641640625 0.5977760625
7 0.066104056640625 0.55431408203125 0.0302475 0.59641559375 0.03680748046875 0.611813263671875 0.042916703125 0.60938698828125 0.07238348046875 0.57066598828125 0.10770402734375 0.534918271484375 0.133563298828125 0.510256150390625 0.1489497734375 0.5031431953125 0.17105443359375 0.488249181640625 0.162348462890625 0.463556203125 0.150972560546875 0.45550137109375 0.136110373046875 0.47139362109375 0.133245990234375 0.48718719921875 0.066104056640625 0.55431408203125
7 0.394569689453125 0.743481140625 0.384729892578125 0.73774101171875 0.372001537109375 0.743350826171875 0.367965861328125 0.754073287109375 0.373343240234375 0.779534732421875 0.38270731640625 0.785383740234375 0.398930234375 0.78312557421875 0.4091529375 0.79797032421875 0.41877246484375 0.7984197734375 0.4311601875 0.80001001171875 0.437768087890625 0.789584119140625 0.434426921875 0.770773037109375 0.431585865234375 0.756297611328125 0.419600076171875 0.741262173828125 0.405761935546875 0.735556623046875 0.394569689453125 0.743481140625
2 0.446414216796875 0.07570451171875 0.4609350546875 0.06701153125 0.465372875 0.042844771484375 0.459605162109375 0.015692611328125 0.449826578125 0.003709255859375 0.4263211484375 0.003858048828125 0.415615052734375 0.01605777734375 0.420260958984375 0.047028681640625 0.433442470703125 0.06665065625 0.446414216796875 0.07570451171875
6 0.402935470703125 0.030556669921875 0.396254755859375 0.062361701171875 0.405094591796875 0.0941451875 0.41864108203125 0.11594076953125 0.42890775390625 0.147393892578125 0.434041193359375 0.16312090625 0.439502693359375 0.152068318359375 0.43054126953125 0.132774896484375 0.422286423828125 0.10352759765625 0.410666375 0.0857374296875 0.40531358984375 0.064721423828125 0.41165325390625 0.040114638671875 0.422686951171875 0.02065609765625 0.43754893359375 0.004762947265625 0.43012525 0.002979802734375 0.41567584765625 0.009812748046875 0.402935470703125 0.030556669921875
7 0.725371248046875 0.227596748046875 0.71914221484375 0.289561119140625 0.704243828125 0.31614383984375 0.678713884765625 0.3487408046875 0.66021837109375 0.3619121171875 0.657853681640625 0.382039552734375 0.66449905078125 0.395637630859375 0.67820302734375 0.3942536953125 0.686907935546875 0.38423313671875 0.68887612890625 0.368815609375 0.696796388671875 0.352330880859375 0.717911904296875 0.325449357421875 0.72973787109375 0.294236328125 0.736125453125 0.243805982421875 0.7439521484375 0.21262584375 0.757192634765625 0.19621758203125 0.77222539453125 0.176725248046875 0.762446599609375 0.164740990234375 0.73898928125 0.193298748046875 0.725371248046875 0.227596748046875
7 0.878482126953125 0 0.884269376953125 0.015562466796875 0.888963712890625 0.020709689453125 0.89297534765625 0.040255447265625 0.902120423828125 0.075528216796875 0.914313236328125 0.11098777734375 0.92959580078125 0.140393427734375 0.924913486328125 0.120112095703125 0.905680080078125 0.064915654296875 0.897632212890625 0.02137869921875 0.89720972265625 0.000113908203125 0.89718342578125 0 0.878482126953125 0
2 0.767333013671875 0.231210203125 0.77661395703125 0.231065970703125 0.784135857421875 0.22190865234375 0.78810776953125 0.211287390625 0.785272041015625 0.196874404296875 0.783125275390625 0.1848899765625 0.77522551953125 0.184008328125 0.768567490234375 0.189255353515625 0.76153392578125 0.1817460234375 0.754715599609375 0.1744720859375 0.755244095703125 0.187194078125 0.756675001953125 0.203132548828125 0.754540921875 0.225886537109375 0.763443318359375 0.2289694296875 0.767333013671875 0.231210203125
7 0.888745330078125 0.1559994296875 0.8842012109375 0.1472102578125 0.871608865234375 0.1612974921875 0.85883358984375 0.1767687578125 0.8453589375 0.187034296875 0.834742541015625 0.186802638671875 0.82304712109375 0.181899537109375 0.814494376953125 0.18297987890625 0.80630337109375 0.188896314453125 0.79959986328125 0.195810181640625 0.79417066015625 0.20824367578125 0.78808582421875 0.214568076171875 0.77952773046875 0.22325190625 0.771195595703125 0.229647556640625 0.762428943359375 0.235249306640625 0.761848455078125 0.242537994140625 0.767083517578125 0.246695623046875 0.77615683203125 0.244600884765625 0.787562990234375 0.24062671875 0.7963045234375 0.230558740234375 0.8034802265625 0.23113811328125 0.8130992265625 0.232495203125 0.821828203125 0.220194111328125 0.821384947265625 0.20923516796875 0.81919939453125 0.20335955078125 0.81614298046875 0.1955687109375 0.822069494140625 0.19509468359375 0.830690890625 0.197576302734375 0.841516052734375 0.20089094140625 0.852823392578125 0.1964910546875 0.865991380859375 0.18271850390625 0.878204078125 0.16916555078125 0.888745330078125 0.1559994296875
2 0.534906765625 0.812533833984375 0.538679537109375 0.805310189453125 0.536107208984375 0.7924062578125 0.52616116015625 0.7856548515625 0.519442021484375 0.7892016796875 0.518359166015625 0.805103763671875 0.521964625 0.814816654296875 0.52912826171875 0.81607541015625 0.534906765625 0.812533833984375
1 0.411188796875 0.737113716796875 0.400134328125 0.735086435546875 0.3994911171875 0.765763677734375 0.40048078515625 0.767570697265625 0.404812810546875 0.76402666796875 0.403094279296875 0.777652291015625 0.406557150390625 0.783976134765625 0.412178998046875 0.78725763671875 0.418426638671875 0.78581525390625 0.4231905390625 0.781662166015625 0.430510630859375 0.777428287109375 0.429303591796875 0.766004236328125 0.42289271875 0.748149875 0.411188796875 0.737113716796875
4 0.431212333984375 0.77692988671875 0.43155840625 0.785242876953125 0.421767951171875 0.791499115234375 0.41454121484375 0.790369908203125 0.410678818359375 0.7872656796875 0.407909890625 0.781111373046875 0.4079096640625 0.781110587890625 0.407609056640625 0.7807807578125 0.405666474609375 0.777233306640625 0.4063131953125 0.775549271484375 0.40193670703125 0.760303736328125 0.40181210546875 0.7605381953125 0.4001037109375 0.76083353515625 0.40347205859375 0.774542228515625 0.40652682421875 0.78582668359375 0.409159060546875 0.790414171875 0.420762169921875 0.794929015625 0.43234677734375 0.788657681640625 0.433855298828125 0.78351333984375 0.431753048828125 0.7744074921875 0.4287488828125 0.769690765625 0.4288696953125 0.7706771640625 0.42851658203125 0.77227742578125 0.42858009765625 0.772342396484375 0.431212333984375 0.77692988671875
4 0.410189501953125 0.74621530078125 0.4121095703125 0.745772017578125 0.41876834765625 0.75222753515625 0.423457294921875 0.757939521484375 0.42465926171875 0.764911205078125 0.425761455078125 0.765000314453125 0.4287488828125 0.769690765625 0.4281080625 0.764458556640625 0.425240419921875 0.75592948046875 0.42127858984375 0.750449697265625 0.416414470703125 0.743978966796875 0.409390357421875 0.740805490234375 0.405812875 0.742829720703125 0.401492978515625 0.749422306640625 0.401077314453125 0.7518122734375 0.401919265625 0.749323890625 0.408986333984375 0.744894701171875 0.40941262109375 0.74479628515625 0.410189501953125 0.74621530078125
4 0.427661796875 0.77615121875 0.42851658203125 0.77227742578125 0.42537523046875 0.769063990234375 0.4254451171875 0.76946934765625 0.42260700390625 0.77372139453125 0.41262984375 0.77722405859375 0.4094948671875 0.774351009765625 0.413983173828125 0.7597267265625 0.413736025390625 0.75378940625 0.41244440625 0.75208916015625 0.411743724609375 0.74905417578125 0.410189501953125 0.74621530078125 0.409549818359375 0.746362982421875 0.403008974609375 0.7530691953125 0.401023734375 0.757123388671875 0.40193670703125 0.760303736328125 0.4071379921875 0.75051661328125 0.4090583125 0.7500732734375 0.410497857421875 0.755336185546875 0.40903457421875 0.768462900390625 0.4063131953125 0.775549271484375 0.4079096640625 0.781110587890625 0.4091138203125 0.782431798828125 0.4113342578125 0.7823182890625 0.413467720703125 0.781825740234375 0.417094205078125 0.7809885 0.42422171875 0.779743052734375 0.427661796875 0.77615121875
4 0.424755673828125 0.768430212890625 0.42537523046875 0.769063990234375 0.42465926171875 0.764911205078125 0.41935033203125 0.76448199609375 0.415510197265625 0.765368560546875 0.414969693359375 0.767891857421875 0.420264365234375 0.767468671875 0.424755673828125 0.768430212890625
8 0.68035762109375 0.357851779296875 0.680938619140625 0.364026564453125 0.6821928125 0.36433758984375 0.684305779296875 0.3632491953125 0.686900138671875 0.3620487109375 0.689013611328125 0.36096019921875 0.68950598828125 0.357242107421875 0.6884323125 0.354786435546875 0.686623138671875 0.3528008515625 0.68566094921875 0.3530229921875 0.683235318359375 0.35568596484375 0.68035762109375 0.357851779296875
4 0.81453392578125 0.188011041015625 0.8210931328125 0.188550287109375 0.828609369140625 0.191804005859375 0.8335378203125 0.1924270546875 0.840354470703125 0.1940814140625 0.846472046875 0.194136294921875 0.852074943359375 0.19196185546875 0.864512365234375 0.17793984375 0.881696794921875 0.160180119140625 0.87952356640625 0.15862733984375 0.862439439453125 0.17695118359375 0.85099776171875 0.189569708984375 0.843653955078125 0.19126516015625 0.833354916015625 0.1895348125 0.826778541015625 0.186064111328125 0.81915075 0.18518429296875 0.810655220703125 0.186264728515625 0.802338990234375 0.19669540234375 0.7954652421875 0.21266104296875 0.782686818359375 0.22735000390625 0.772778337890625 0.233745625 0.764668767578125 0.236497826171875 0.76447323828125 0.240651984375 0.765116431640625 0.243437962890625 0.766771259765625 0.24539170703125 0.795798037109375 0.22424131640625 0.793801533203125 0.221849501953125 0.768592013671875 0.240581052734375 0.766418279296875 0.239028390625 0.77026241015625 0.23638098046875 0.782648552734375 0.229999669921875 0.788660388671875 0.222449154296875 0.79846262109375 0.208448251953125 0.8070031875 0.19327044140625 0.81453392578125 0.188011041015625