5 0.7691301796875 0.31997645703125 0.777726064453125 0.340099287109375 0.793260345703125 0.33781692578125 0.7946758671875 0.318378560546875 0.788884646484375 0.302326853515625 0.772334916015625 0.2825963671875 0.7612035 0.27741979296875 0.756332111328125 0.286586314453125 0.7608121484375 0.30455475390625 0.7691301796875 0.31997645703125
2 0.66381501953125 0.543450025390625 0.723033755859375 0.562084654296875 0.75465745703125 0.56692423828125 0.760007099609375 0.541733626953125 0.75282701953125 0.502171404296875 0.73396010546875 0.448029326171875 0.71049914453125 0.4077550234375 0.65886084375 0.387230380859375 0.626385701171875 0.39691811328125 0.603253041015625 0.429723119140625 0.5991100234375 0.470517736328125 0.606845525390625 0.519483240234375 0.63377084765625 0.555712240234375 0.66381501953125 0.543450025390625
2 0.399393220703125 0.97200109765625 0.390615609375 0.943971630859375 0.37574153125 0.938137435546875 0.367683125 0.956050515625 0.373847533203125 0.97359899609375 0.3823570234375 0.982610830078125 0.3936796171875 0.9813785625 0.399393220703125 0.97200109765625
7 0.3723047265625 0.842881017578125 0.359295302734375 0.8333326171875 0.358862357421875 0.832670466796875 0.34629060546875 0.827409271484375 0.33804519140625 0.83075716796875 0.31172415234375 0.819882330078125 0.259608669921875 0.8089812109375 0.213979771484375 0.813900216796875 0.192637236328125 0.801139009765625 0.16655993359375 0.765017302734375 0.160330353515625 0.763341255859375 0.1584271171875 0.770274298828125 0.183284712890625 0.813157669921875 0.203753009765625 0.826782890625 0.22024094140625 0.8259012421875 0.246568494140625 0.825148560546875 0.2716408515625 0.826646962890625 0.304497158203125 0.834600291015625 0.3273984140625 0.84632777734375 0.342095474609375 0.854287375 0.35530519140625 0.87230557421875 0.367460546875 0.87444133203125 0.37278741796875 0.86084316796875 0.3723047265625 0.842881017578125
7 0.10395705078125 0.610484048828125 0.089379609375 0.621282333984375 0.081182640625 0.634583611328125 0.08346180078125 0.648342791015625 0.087545578125 0.664721923828125 0.0946466640625 0.670115142578125 0.110240904296875 0.670320888671875 0.11934894921875 0.644511927734375 0.1259868671875 0.620341818359375 0.147750640625 0.57602701171875 0.18366076171875 0.535348845703125 0.203479125 0.520173005859375 0.221018046875 0.49123901171875 0.23674126171875 0.478108142578125 0.247463177734375 0.470318060546875 0.250720619140625 0.4602952578125 0.233500630859375 0.460494857421875 0.199641419921875 0.495544869140625 0.174397609375 0.521284056640625 0.1447009765625 0.543015697265625 0.10395705078125 0.610484048828125
7 0.6609835078125 0.36721586328125 0.669710345703125 0.37220373828125 0.688070169921875 0.3788836640625 0.702820537109375 0.380322791015625 0.7046305859375 0.373730755859375 0.696395607421875 0.352245896484375 0.684718380859375 0.34697065625 0.6640680234375 0.344955650390625 0.61512396875 0.3356676171875 0.578583916015625 0.32533383203125 0.548301078125 0.321626646484375 0.539210345703125 0.319799392578125 0.547087876953125 0.335232634765625 0.642685455078125 0.358473623046875 0.6609835078125 0.36721586328125
7 0.93580961328125 0.7971264453125 0.942094015625 0.7900620078125 0.9365304765625 0.766251603515625 0.925779779296875 0.74108162890625 0.915329958984375 0.735067125 0.8770367421875 0.651782171875 0.835309005859375 0.57266868359375 0.817952021484375 0.50604615234375 0.81615234375 0.44946852734375 0.807182654296875 0.446400126953125 0.808359607421875 0.50048013671875 0.81913246875 0.5541572734375 0.85006316015625 0.62137481640625 0.908420271484375 0.744747576171875 0.910476046875 0.763464544921875 0.917444494140625 0.786924666015625 0.9247307890625 0.799695943359375 0.93580961328125 0.7971264453125
2 0.827181357421875 0.646703537109375 0.83894360546875 0.66250514453125 0.8441517578125 0.66546456640625 0.849731306640625 0.66095105078125 0.853107876953125 0.65528342578125 0.851310142578125 0.645513306640625 0.848178375 0.632952470703125 0.840987041015625 0.6239593359375 0.833044515625 0.6151525390625 0.823730314453125 0.609811072265625 0.81716535546875 0.61485465234375 0.819810259765625 0.63122609375 0.827181357421875 0.646703537109375
2 0.876426068359375 0.641237998046875 0.87187959765625 0.621082708984375 0.86520880859375 0.607133080078125 0.855208158203125 0.604801724609375 0.849995828125 0.609507099609375 0.848617025390625 0.625747134765625 0.85173003125 0.64143407421875 0.8582645859375 0.659959048828125 0.867564421875 0.66076271875 0.875635787109375 0.65023437890625 0.876426068359375 0.641237998046875
2 0.391801767578125 0.77563815234375 0.405109921875 0.76478035546875 0.408172248046875 0.750612173828125 0.400100833984375 0.733354990234375 0.388620845703125 0.734541572265625 0.377479580078125 0.746535759765625 0.372593349609375 0.7628334375 0.381057609375 0.781668375 0.391801767578125 0.77563815234375
2 0.262418990234375 0.26706331640625 0.26695063671875 0.254118607421875 0.266857505859375 0.242300267578125 0.2607429609375 0.234943388671875 0.2501235390625 0.233361775390625 0.24380224609375 0.240435408203125 0.2405880625 0.251387384765625 0.2453087578125 0.260783716796875 0.252396767578125 0.26155388671875 0.257317888671875 0.267939140625 0.26206791015625 0.2688694921875 0.262418990234375 0.26706331640625
7 0.63478674609375 0.50246155078125 0.63449706640625 0.48521755859375 0.6312406875 0.468712291015625 0.633433833984375 0.45797958203125 0.640503435546875 0.404775953125 0.648099390625 0.3743598359375 0.661413724609375 0.349649240234375 0.67478647265625 0.327470078125 0.697330068359375 0.298421 0.691675228515625 0.2860788984375 0.662596646484375 0.323379025390625 0.644782255859375 0.35990804296875 0.632208060546875 0.400222529296875 0.6247160078125 0.458625390625 0.620065763671875 0.47098893359375 0.613584513671875 0.49094122265625 0.61732074609375 0.504778943359375 0.624593755859375 0.51671758984375 0.63304428125 0.51155505859375 0.63478674609375 0.50246155078125
7 0.849486705078125 0.57040296875 0.83699360546875 0.5665659765625 0.82945094140625 0.567231787109375 0.8255856796875 0.566640041015625 0.7947153984375 0.549835935546875 0.76030033203125 0.531970837890625 0.72842375 0.51463990234375 0.69629683984375 0.495426572265625 0.6660929609375 0.47340058203125 0.638398640625 0.46319450390625 0.63690900390625 0.468621642578125 0.64859408203125 0.4742642265625 0.68346544140625 0.49395941015625 0.7177854140625 0.518459412109375 0.7622835078125 0.544310380859375 0.79244644140625 0.557401236328125 0.83024503125 0.5783113828125 0.8344488203125 0.588153412109375 0.84188016796875 0.592522421875 0.856539224609375 0.5978128515625 0.861185181640625 0.592764873046875 0.857580251953125 0.5765516796875 0.849486705078125 0.57040296875
7 0.051056943359375 0.468108126953125 0.04376691796875 0.45493221484375 0.031204267578125 0.446818341796875 0.0250711015625 0.454345109375 0.026340107421875 0.47127144921875 0.031647875 0.481569197265625 0.0452701796875 0.4871686953125 0.05382391015625 0.487660259765625 0.0898803359375 0.51053256640625 0.13612550390625 0.52861531640625 0.16178540625 0.533462724609375 0.188357390625 0.5242133359375 0.203840794921875 0.5136061875 0.20906996875 0.506679837890625 0.2346831953125 0.476678376953125 0.244014599609375 0.467604140625 0.24701530078125 0.46273257421875 0.244814029296875 0.4572838125 0.222823009765625 0.47476198828125 0.20466433984375 0.499156439453125 0.194803388671875 0.50948683984375 0.1818798984375 0.516832435546875 0.161725642578125 0.522232484375 0.153325212890625 0.523201861328125 0.1244503125 0.5105341953125 0.093769 0.495693626953125 0.079729806640625 0.487573822265625 0.059298345703125 0.47579929296875 0.051056943359375 0.468108126953125
7 0.7569958515625 0.220161912109375 0.760414296875 0.211047509765625 0.75874665234375 0.20552582421875 0.757297205078125 0.197649935546875 0.749500451171875 0.189068265625 0.74334144140625 0.190146783203125 0.736800634765625 0.204133501953125 0.732922361328125 0.217455421875 0.73399519140625 0.22588326171875 0.720995615234375 0.251089849609375 0.695160947265625 0.291852498046875 0.6605825703125 0.339828982421875 0.641823875 0.3728784609375 0.63167313671875 0.403323685546875 0.640552875 0.39149924609375 0.651021279296875 0.374702974609375 0.6705299609375 0.348788630859375 0.696688451171875 0.3051998046875 0.727690298828125 0.256284755859375 0.74052637109375 0.2366098125 0.745745087890625 0.23485154296875 0.7569958515625 0.220161912109375
1 0.836135607421875 0.593058638671875 0.829876490234375 0.5892619296875 0.825264794921875 0.58852038671875 0.823244521484375 0.592490966796875 0.825963734375 0.60126791796875 0.83159060546875 0.612470912109375 0.839235060546875 0.62537619140625 0.846846251953125 0.628205970703125 0.849921013671875 0.627754255859375 0.851110130859375 0.61831871484375 0.849373669921875 0.6070914140625 0.842209251953125 0.597532365234375 0.836135607421875 0.593058638671875
1 0.8428778828125 0.60165224609375 0.832635802734375 0.591095142578125 0.827135267578125 0.589630484375 0.823411291015625 0.59244938671875 0.824409443359375 0.59787366796875 0.828166681640625 0.60513026171875 0.834795345703125 0.6104112890625 0.8357946171875 0.61299823828125 0.8387913125 0.623596416015625 0.84336453515625 0.628444240234375 0.847902083984375 0.628888404296875 0.850218265625 0.626104640625 0.849276169921875 0.61877597265625 0.848314529296875 0.614919046875 0.847243802734375 0.606361857421875 0.8428778828125 0.60165224609375
7 0.76540632421875 0.419790384765625 0.7596643359375 0.3841294765625 0.74624552734375 0.37767765234375 0.7371862265625 0.379235953125 0.74046397265625 0.40501332421875 0.752923388671875 0.43130127734375 0.76147742578125 0.44666413671875 0.787419873046875 0.50808190625 0.80530826953125 0.543513255859375 0.82027784765625 0.571974236328125 0.83516328125 0.60325603125 0.850006166015625 0.6359473984375 0.86201078125 0.665147626953125 0.870565546875 0.680511259765625 0.8756740546875 0.67573825 0.8337769296875 0.58190631640625 0.7968919296875 0.50502077734375 0.76461881640625 0.427684845703125 0.765035892578125 0.419882744140625 0.76540632421875 0.419790384765625