2 0.346224302734375 0.73719581640625 0.353872029296875 0.7298503515625 0.357754849609375 0.7209453984375 0.366295599609375 0.72067928515625 0.370459787109375 0.70598312890625 0.36703631640625 0.698055927734375 0.3570366484375 0.693512640625 0.34989423046875 0.699164607421875 0.346011408203125 0.7080695625 0.343648419921875 0.721209357421875 0.345655439453125 0.73015146875 0.346224302734375 0.73719581640625
7 0.65742767578125 0.698309625 0.655278490234375 0.68760596875 0.647990220703125 0.68218387890625 0.636819748046875 0.685665876953125 0.625912423828125 0.689758357421875 0.62196911328125 0.69923884375 0.603552744140625 0.70312398046875 0.5869370546875 0.705452703125 0.569026509765625 0.7076443984375 0.541115779296875 0.705292755859375 0.524820759765625 0.698342126953125 0.510042181640625 0.68631106640625 0.493210013671875 0.6502001015625 0.486989787109375 0.631502111328125 0.482068611328125 0.622253712890625 0.478449037109375 0.631768224609375 0.4931990625 0.6752277265625 0.507394337890625 0.695927712890625 0.5193404375 0.7099895625 0.539279283203125 0.719651669921875 0.559196845703125 0.726402083984375 0.589513453125 0.721439216796875 0.620922259765625 0.715427359375 0.632562837890625 0.7230535 0.6546835234375 0.721304306640625 0.65742767578125 0.698309625
2 0.80304620703125 0.0834403671875 0.8115698671875 0.0785136015625 0.80877401171875 0.060105701171875 0.801864447265625 0.049675390625 0.79408009765625 0.047563095703125 0.787649150390625 0.053356876953125 0.785584126953125 0.0660783046875 0.78808374609375 0.073457791015625 0.79281008984375 0.08042425 0.80304620703125 0.0834403671875
2 0.312037685546875 0.09904593359375 0.320995958984375 0.089396134765625 0.324780037109375 0.07768865234375 0.32335549609375 0.06694664453125 0.315390560546875 0.059048591796875 0.302325216796875 0.059188287109375 0.2959106484375 0.07162759375 0.29409126953125 0.0835415703125 0.29593476171875 0.090292544921875 0.301550375 0.098952904296875 0.312037685546875 0.09904593359375
7 0.487753302734375 0.06304191015625 0.46594859765625 0.049148625 0.446793453125 0.037047671875 0.423887521484375 0.033631857421875 0.387672705078125 0.035373513671875 0.3536006796875 0.046419751953125 0.336097943359375 0.04558844140625 0.324642150390625 0.035810568359375 0.314503396484375 0.029700642578125 0.304542732421875 0.03268880078125 0.3012676875 0.044954400390625 0.301378162109375 0.060097046875 0.308183951171875 0.062829900390625 0.3192513046875 0.06550604296875 0.327265822265625 0.064835484375 0.33217514453125 0.061316408203125 0.339418435546875 0.06258232421875 0.349240375 0.06361465234375 0.3562186953125 0.059304734375 0.36600301171875 0.05528880859375 0.379540798828125 0.0506590859375 0.391061427734375 0.04632196875 0.40686217578125 0.0444522421875 0.420032951171875 0.043314396484375 0.4331693046875 0.045199697265625 0.45162197265625 0.05319175390625 0.473740904296875 0.0640903671875 0.487229015625 0.06803017578125 0.487753302734375 0.06304191015625
7 0.59837450390625 0.04440566015625 0.587939748046875 0.043812609375 0.582573755859375 0.04627538671875 0.576979994140625 0.048209607421875 0.572826125 0.055338537109375 0.54976621484375 0.06148959375 0.526949943359375 0.062621958984375 0.505940576171875 0.065457154296875 0.493979046875 0.063191646484375 0.483858845703125 0.059605818359375 0.48296744921875 0.0680868828125 0.492684052734375 0.070116439453125 0.501805259765625 0.07511018359375 0.51706358984375 0.07570559765625 0.539247359375 0.072489220703125 0.56255420703125 0.069389953125 0.574145845703125 0.06707783203125 0.579813400390625 0.07523903515625 0.59336922265625 0.073133357421875 0.6037149296875 0.0691773671875 0.607252685546875 0.054417232421875 0.605056919921875 0.045611697265625 0.59837450390625 0.04440566015625
5 0.593823015625 0.066120150390625 0.5921604921875 0.076536767578125 0.59365552734375 0.089303720703125 0.596131521484375 0.09813870703125 0.600377830078125 0.1036283828125 0.606270888671875 0.10424776953125 0.6113899453125 0.098733201171875 0.614960990234375 0.080950728515625 0.6106753125 0.062342484375 0.605988201171875 0.05024926171875 0.60154802734375 0.041207830078125 0.59299387109375 0.052413955078125 0.593823015625 0.066120150390625
2 0.695442794921875 0.550208083984375 0.7031845 0.55481383984375 0.70845630078125 0.551034931640625 0.712821228515625 0.538494716796875 0.7122318046875 0.523808205078125 0.706165697265625 0.51775485546875 0.700516189453125 0.519327564453125 0.692135138671875 0.51790482421875 0.68758182421875 0.529342455078125 0.692783888671875 0.540721703125 0.695442794921875 0.550208083984375
2 0.636522087890625 0.571638814453125 0.63714792578125 0.583078939453125 0.64641644921875 0.59055259375 0.652065439453125 0.588979830078125 0.658052826171875 0.584192419921875 0.664095927734375 0.5788699375 0.66503373828125 0.567052302734375 0.657986994140625 0.558729380859375 0.64822871875 0.550120537109375 0.63944994921875 0.543782072265625 0.63435003515625 0.554620396484375 0.636522087890625 0.571638814453125
6 0.7844488515625 0.138176822265625 0.7914845703125 0.1697891328125 0.796670232421875 0.187124294921875 0.800821919921875 0.2113921328125 0.80137451171875 0.229324052734375 0.799986775390625 0.245427396484375 0.797470041015625 0.263577642578125 0.799920033203125 0.269251857421875 0.806500328125 0.238528791015625 0.807259650390625 0.202319990234375 0.802091005859375 0.17902805078125 0.795714029296875 0.1469431171875 0.789280720703125 0.11539412109375 0.789761068359375 0.090529416015625 0.790678869140625 0.076002251953125 0.8006668828125 0.0418462109375 0.805031294921875 0.02930594140625 0.798402185546875 0.028609193359375 0.79200428515625 0.043102234375 0.78303270703125 0.076282322265625 0.781406345703125 0.1091507109375 0.7844488515625 0.138176822265625
2 0.815791048828125 0.64412274609375 0.84087145703125 0.631593318359375 0.861846611328125 0.617548697265625 0.87659223828125 0.61639016796875 0.8902620078125 0.608078142578125 0.90217993359375 0.599039205078125 0.917164189453125 0.581115630859375 0.92623440234375 0.561486755859375 0.928486603515625 0.540058490234375 0.935599994140625 0.524557869140625 0.950955548828125 0.491506904296875 0.95712223828125 0.461824078125 0.94340655078125 0.447383515625 0.9289165703125 0.425820216796875 0.92084687890625 0.40114058203125 0.90790301171875 0.385156498046875 0.8909919375 0.386628353515625 0.86493388671875 0.405554521484375 0.84514467578125 0.417015435546875 0.827186642578125 0.4400431640625 0.8089665546875 0.468459126953125 0.7902396953125 0.501696677734375 0.782278662109375 0.516567283203125 0.774205583984375 0.532508892578125 0.765830427734375 0.548419685546875 0.75738263671875 0.570821408203125 0.754603751953125 0.5943608125 0.762577185546875 0.61415641015625 0.7729813125 0.63691490625 0.795756701171875 0.6550160390625 0.815791048828125 0.64412274609375
7 0.2885021953125 0.539902716796875 0.280919484375 0.534531609375 0.2702884453125 0.529602623046875 0.250499904296875 0.48940655078125 0.23876958203125 0.450057431640625 0.2346970625 0.403127427734375 0.233602564453125 0.380904244140625 0.230050740234375 0.382055955078125 0.22616760546875 0.41900151953125 0.22960191015625 0.459766224609375 0.240455796875 0.495211603515625 0.258310150390625 0.537491916015625 0.27565683984375 0.568284005859375 0.285099158203125 0.584522919921875 0.298191078125 0.57827569140625 0.300013841796875 0.560933255859375 0.300354111328125 0.549534158203125 0.2885021953125 0.539902716796875
2 0.256177818359375 0.431303984375 0.26027962890625 0.41267699609375 0.25614097265625 0.4030937421875 0.240183072265625 0.399891478515625 0.231308560546875 0.4149677265625 0.2299613046875 0.4277860078125 0.233172244140625 0.438034263671875 0.240675783203125 0.444158630859375 0.250165115234375 0.443631908203125 0.256177818359375 0.431303984375
7 0.463844958984375 0.46685214453125 0.44910924609375 0.39898077734375 0.4388571484375 0.341491431640625 0.432420314453125 0.353773845703125 0.43961564453125 0.38731060546875 0.44965375390625 0.438679240234375 0.45472847265625 0.471993115234375 0.4599617265625 0.5037986328125 0.459351595703125 0.501446974609375 0.460664771484375 0.54198873828125 0.460552037109375 0.596102095703125 0.458122796875 0.623290630859375 0.457231921875 0.652165876953125 0.451941388671875 0.6821027890625 0.46042851953125 0.695192197265625 0.46760612890625 0.67993759765625 0.47013366796875 0.6314146875 0.471533513671875 0.544656109375 0.463844958984375 0.46685214453125
6 0.504794322265625 0.456672123046875 0.48901815625 0.4435791171875 0.4692897578125 0.423209982421875 0.44908594921875 0.407364080078125 0.425409583984375 0.3919157109375 0.41586001171875 0.372616416015625 0.39209176953125 0.32132970703125 0.378557904296875 0.278740986328125 0.3584565625 0.2537585234375 0.350817880859375 0.240758291015625 0.343798806640625 0.25450453125 0.347699240234375 0.26634934765625 0.358227716796875 0.280415818359375 0.368625220703125 0.299804236328125 0.380323291015625 0.32314190234375 0.391335712890625 0.357078923828125 0.402558275390625 0.3849407421875 0.42539045703125 0.412496828125 0.4505766875 0.425817291015625 0.48260921484375 0.459677015625 0.498651166015625 0.474322044921875 0.504794322265625 0.456672123046875
6 0.275449673828125 0.101039775390625 0.2417214140625 0.130056501953125 0.203026103515625 0.160585462890625 0.183546697265625 0.1825520546875 0.174961005859375 0.196709009765625 0.177228189453125 0.203459828125 0.184118396484375 0.19889206640625 0.182448689453125 0.199531220703125 0.19479890234375 0.1865836484375 0.2157093515625 0.1684310546875 0.23594030859375 0.15020611328125 0.2534839296875 0.13577009765625 0.27730858984375 0.113852423828125 0.296352640625 0.100387826171875 0.30686396484375 0.089689060546875 0.304908248046875 0.08215726171875 0.2939839296875 0.085893232421875 0.275449673828125 0.101039775390625
8 0.334260625 0.05847531640625 0.339314396484375 0.058290533203125 0.34207669140625 0.054999203125 0.339062990234375 0.05110079296875 0.33475582421875 0.0499321328125 0.33091203515625 0.051898525390625 0.329281283203125 0.057951966796875 0.334260625 0.05847531640625
7 0.2619685078125 0.2268978515625 0.265165423828125 0.231743751953125 0.270063025390625 0.237115673828125 0.28029044140625 0.243742328125 0.283148392578125 0.244389052734375 0.2842808046875 0.241039072265625 0.287900138671875 0.24558302734375 0.288491619140625 0.2473796953125 0.290530751953125 0.25210483984375 0.2925324296875 0.251620677734375 0.29768244921875 0.254591015625 0.311469470703125 0.268183462890625 0.333192873046875 0.2860790625 0.348995822265625 0.3064759921875 0.371469658203125 0.341357900390625 0.3786011484375 0.357026212890625 0.385959880859375 0.366820361328125 0.39135148828125 0.371204248046875 0.400084318359375 0.37906104296875 0.413144509765625 0.382861841796875 0.4210427265625 0.3819574765625 0.419859767578125 0.378364138671875 0.4132640625 0.3780172421875 0.401059626953125 0.37534727734375 0.388841458984375 0.365388724609375 0.380577458984375 0.353071314453125 0.375279615234375 0.340371115234375 0.364469578125 0.32258073828125 0.35616957421875 0.3106058828125 0.345505203125 0.296995296875 0.327652193359375 0.27568928515625 0.298269162109375 0.24900880078125 0.29650719921875 0.24535367578125 0.29509555078125 0.242082642578125 0.29131953125 0.237175876953125 0.287029291015625 0.236386455078125 0.288328205078125 0.233831916015625 0.289195404296875 0.2311467421875 0.28668527734375 0.225332140625 0.28272749609375 0.2165890625 0.27468145703125 0.2077635625 0.26690548828125 0.205905390625 0.26275853515625 0.208244916015625 0.26236171484375 0.212020416015625 0.2617846796875 0.217510544921875 0.261423958984375 0.22094256640625 0.2619685078125 0.2268978515625
8 0.29428920703125 0.247895943359375 0.294470248046875 0.246407640625 0.29362407421875 0.24123437109375 0.290161845703125 0.23705419921875 0.287774369140625 0.23749687890625 0.2862796875 0.238727943359375 0.285533169921875 0.242118484375 0.287788716796875 0.24478459765625 0.28934519140625 0.246682693359375 0.290636259765625 0.249247435546875 0.29307221484375 0.25019708203125 0.29428920703125 0.247895943359375
7 0.14069916796875 0.2479528359375 0.147556736328125 0.252699353515625 0.15335256640625 0.254986228515625 0.154646330078125 0.2534445 0.15492536328125 0.250789677734375 0.160314759765625 0.25873730078125 0.171419685546875 0.273323357421875 0.183375546875 0.286993341796875 0.1918775625 0.292247865234375 0.198909537109375 0.29533500390625 0.205765654296875 0.29471400390625 0.20998494921875 0.29046044140625 0.224254728515625 0.283908740234375 0.22993055078125 0.2747760703125 0.234652064453125 0.272924271484375 0.243898521484375 0.27288967578125 0.2431158203125 0.26777521484375 0.238416564453125 0.26761647265625 0.23242406640625 0.268999513671875 0.226129240234375 0.275047806640625 0.22094221875 0.27953482421875 0.2075006953125 0.287180017578125 0.198873244140625 0.290298994140625 0.187911205078125 0.285121080078125 0.17999138671875 0.2779148671875 0.16794151171875 0.261551783203125 0.157664939453125 0.248058302734375 0.156125115234375 0.2465548515625 0.157989009765625 0.24138245703125 0.158094853515625 0.238741087890625 0.15161827734375 0.22662271484375 0.149086501953125 0.221995689453125 0.145564224609375 0.219612603515625 0.138987658203125 0.21757883984375 0.135350041015625 0.21988066015625 0.13354386328125 0.222710140625 0.13156276171875 0.227198943359375 0.130865228515625 0.23383553515625 0.131170359375 0.239906244140625 0.14069916796875 0.2479528359375
7 0.14843705078125 0.30714053125 0.1500204609375 0.299255439453125 0.1534115 0.293908384765625 0.15686067578125 0.28621939453125 0.15842130859375 0.280344787109375 0.1762062109375 0.25470409375 0.191707365234375 0.232849126953125 0.20508794921875 0.2168099140625 0.21331770703125 0.21029465234375 0.2267351015625 0.19929150390625 0.2403636171875 0.191665966796875 0.2490729140625 0.18956203125 0.25915782421875 0.186931412109375 0.278513837890625 0.187624201171875 0.29585390625 0.1931373046875 0.31323078515625 0.20368647265625 0.319971662109375 0.207749453125 0.322245212890625 0.207653244140625 0.320308314453125 0.202752640625 0.301998552734375 0.192105423828125 0.2837604453125 0.186162763671875 0.270141193359375 0.184731322265625 0.256113634765625 0.183592134765625 0.224879953125 0.195406865234375 0.20205582421875 0.215149615234375 0.188266935546875 0.231481083984375 0.177777556640625 0.245140025390625 0.158967310546875 0.273356169921875 0.15612301171875 0.277083908203125 0.155061375 0.27462334765625 0.151354494140625 0.27758915625 0.14650505859375 0.282446826171875 0.14419656640625 0.28287546484375 0.13947505078125 0.284727259765625 0.134580484375 0.293606876953125 0.1327409140625 0.3021353828125 0.133431572265625 0.309924318359375 0.13647576171875 0.31326359375 0.1407667109375 0.313714591796875 0.14843705078125 0.30714053125
7 0.274346615234375 0.3285010859375 0.273031587890625 0.3410127265625 0.2731040390625 0.34469323828125 0.2746669765625 0.35383446484375 0.276965787109375 0.358156767578125 0.27900818359375 0.358371431640625 0.27813644140625 0.381947423828125 0.278250353515625 0.42888683984375 0.2864170390625 0.466879173828125 0.292944935546875 0.4811750234375 0.308948603515625 0.499178896484375 0.330553068359375 0.51410040234375 0.34855664453125 0.532723193359375 0.35867907421875 0.565207376953125 0.362536318359375 0.580901169921875 0.36636666015625 0.583751421875 0.354568833984375 0.545378373046875 0.350337697265625 0.531059509765625 0.3440094375 0.52141649609375 0.33013501171875 0.50934826171875 0.305196349609375 0.49122086328125 0.292015400390625 0.474737037109375 0.285241890625 0.447501107421875 0.2834645078125 0.433847935546875 0.280888244140625 0.4037889765625 0.28252155859375 0.358233291015625 0.286948505859375 0.352676705078125 0.291010388671875 0.324947533203125 0.291531818359375 0.315616662109375 0.2892330078125 0.311294361328125 0.28608380859375 0.308515697265625 0.281871841796875 0.30929637109375 0.279490017578125 0.312311140625 0.277477162109375 0.31618026953125 0.275522033203125 0.321687552734375 0.274346615234375 0.3285010859375
7 0.463784599609375 0.465547951171875 0.462244056640625 0.461694513671875 0.4571425703125 0.454699796875 0.450075798828125 0.445421400390625 0.447004361328125 0.442560603515625 0.4448162265625 0.44486859765625 0.4386401953125 0.43822180078125 0.428758904296875 0.426109609375 0.420561458984375 0.41648241015625 0.40049385546875 0.39268869140625 0.3764804140625 0.365708580078125 0.36467934375 0.343475458984375 0.357419541015625 0.33233148046875 0.346294943359375 0.319840962890625 0.34556579296875 0.321840513671875 0.356032412109375 0.333321541015625 0.3655385859375 0.35023843359375 0.374107732421875 0.3686712421875 0.381126080078125 0.37840540625 0.3881123984375 0.387213556640625 0.394881685546875 0.394384498046875 0.408347828125 0.409410517578125 0.4307959765625 0.434008404296875 0.435737564453125 0.443755185546875 0.439948732421875 0.448119279296875 0.443005611328125 0.449753318359375 0.44251740234375 0.45316262890625 0.443963228515625 0.461619345703125 0.44893787890625 0.472292251953125 0.456406173828125 0.483919 0.45953295703125 0.483786779296875 0.46136013671875 0.4812108828125 0.4628830078125 0.479063861328125 0.46459719140625 0.47509165234375 0.4649809453125 0.47144046875 0.463784599609375 0.465547951171875
7 0.389062955078125 0.402659568359375 0.380228408203125 0.39812236328125 0.373689228515625 0.39446230078125 0.372375830078125 0.39559790234375 0.371985064453125 0.3970436796875 0.3650826953125 0.388886759765625 0.34142955078125 0.358374033203125 0.30711131640625 0.321432580078125 0.291721033203125 0.3077125859375 0.2816835234375 0.303260287109375 0.28147715625 0.30408769140625 0.282939091796875 0.307214115234375 0.292142142578125 0.31051733984375 0.301996482421875 0.3189845234375 0.320259357421875 0.33831421875 0.331716505859375 0.353106740234375 0.342332466796875 0.365688109375 0.370967529296875 0.399908568359375 0.370582708984375 0.402224548828125 0.373258419921875 0.40991674609375 0.376167380859375 0.4140443515625 0.37877342578125 0.41877694140625 0.38225858203125 0.42423875390625 0.387424798828125 0.427329033203125 0.390731064453125 0.42767653515625 0.39311460546875 0.42771478125 0.396315947265625 0.423380296875 0.3970353671875 0.411991255859375 0.389062955078125 0.402659568359375
7 0.134232591796875 0.441096064453125 0.137753587890625 0.425374279296875 0.1390991015625 0.412572572265625 0.13864842578125 0.409376474609375 0.143688947265625 0.382680255859375 0.15229649609375 0.34195690234375 0.16555871484375 0.29437232421875 0.171317455078125 0.281685330078125 0.17684110546875 0.271235091796875 0.184297427734375 0.262048423828125 0.191529685546875 0.256862099609375 0.19527976171875 0.25428255078125 0.21084819140625 0.253995359375 0.219474783203125 0.256126349609375 0.2196673203125 0.254922287109375 0.2195271484375 0.25438245703125 0.19527685546875 0.25025928125 0.1871627109375 0.254478681640625 0.1757445234375 0.269545470703125 0.168392861328125 0.282415107421875 0.163843140625 0.292956537109375 0.157127107421875 0.31568830859375 0.148893509765625 0.34630650390625 0.143163310546875 0.373689951171875 0.1356490546875 0.40949229296875 0.133931263671875 0.410280013671875 0.13041341015625 0.415682634765625 0.126198888671875 0.42958212890625 0.12373325 0.438068109375 0.122289671875 0.44806084375 0.121835068359375 0.452386091796875 0.12232333984375 0.458034740234375 0.1248222265625 0.459521685546875 0.131542818359375 0.45078278515625 0.134232591796875 0.441096064453125
7 0.125884 0.4153080546875 0.125260376953125 0.407583888671875 0.12821159375 0.40096537890625 0.130639466796875 0.38371540234375 0.13955264453125 0.349640974609375 0.1499223203125 0.315356533203125 0.160967197265625 0.290258734375 0.171596998046875 0.274964771484375 0.184495583984375 0.25954523828125 0.205216568359375 0.2496877265625 0.204519134765625 0.24852046875 0.1839363671875 0.255109708984375 0.163816162109375 0.280711638671875 0.15425194921875 0.297576515625 0.14284098828125 0.3281056171875 0.127546501953125 0.38193140234375 0.1223728828125 0.40688937109375 0.119405083984375 0.410616232421875 0.113489623046875 0.422028939453125 0.108021107421875 0.444795001953125 0.1091906015625 0.455128482421875 0.11265172265625 0.457316142578125 0.118811701171875 0.457234587890625 0.122155052734375 0.448833412109375 0.124914791015625 0.43818205078125 0.126165841796875 0.426279099609375 0.125884 0.4153080546875
7 0.8201778125 0.598399328125 0.805845935546875 0.582038466796875 0.805055740234375 0.5833482265625 0.805201904296875 0.585684638671875 0.84545215234375 0.629835650390625 0.8559181875 0.6395234609375 0.869295767578125 0.648819947265625 0.884059177734375 0.653620927734375 0.92712773046875 0.656059322265625 0.9293789921875 0.65699234765625 0.929218484375 0.659760177734375 0.934108748046875 0.661564564453125 0.943394388671875 0.66893016015625 0.955652810546875 0.665107236328125 0.9561178671875 0.66068253515625 0.956735775390625 0.647967283203125 0.950448861328125 0.6428338515625 0.93172792578125 0.64661715234375 0.928998076171875 0.652081181640625 0.89423056640625 0.651208876953125 0.876684169921875 0.64681180078125 0.871302904296875 0.64462156640625 0.869051638671875 0.643688541015625 0.858426033203125 0.63676958984375 0.84815445703125 0.628958685546875 0.841344171875 0.62174433203125 0.83004622265625 0.607559744140625 0.8201778125 0.598399328125
7 0.93036362109375 0.662158755859375 0.9540203203125 0.655202708984375 0.987577271484375 0.639415546875 0.9876078203125 0.6364143359375 0.9279012734375 0.658037123046875 0.885850421875 0.66091385546875 0.884775669921875 0.65736726953125 0.87682325 0.652668607421875 0.865366564453125 0.6514644609375 0.859684796875 0.65730533203125 0.858915025390625 0.676109359375 0.867434259765625 0.6800091875 0.881902451171875 0.675521013671875 0.88495805859375 0.669404125 0.901485595703125 0.66599080078125 0.93036362109375 0.662158755859375
7 0.76685623046875 0.6143668828125 0.778319404296875 0.63617252734375 0.808211943359375 0.680088650390625 0.822256044921875 0.7025956953125 0.83415021875 0.71800859375 0.83534364453125 0.71813402734375 0.83493960546875 0.715087140625 0.80637425 0.670023830078125 0.787719220703125 0.643169330078125 0.775004875 0.6263816875 0.764987140625 0.60000673046875 0.760385515625 0.577204521484375 0.759883890625 0.547536787109375 0.76080355859375 0.48368312109375 0.7650084921875 0.478116234375 0.768570595703125 0.46947736328125 0.7703421015625 0.4572166640625 0.7703690625 0.44777703125 0.768129287109375 0.441532779296875 0.76311679296875 0.441005943359375 0.758581876953125 0.4405293046875 0.755987630859375 0.444548669921875 0.753319849609375 0.4515647265625 0.752773166015625 0.4682461875 0.75477415234375 0.47446534375 0.75727950390625 0.48391789453125 0.756957529296875 0.492721353515625 0.755677341796875 0.50031245703125 0.755351275390625 0.50800383984375 0.75721840625 0.515496537109375 0.7579162578125 0.55248041796875 0.7581168203125 0.573532447265625 0.758612052734375 0.58259776171875 0.759120509765625 0.586943234375 0.76685623046875 0.6143668828125
7 0.755718890625 0.425286353515625 0.756444751953125 0.434280015625 0.7586195078125 0.4349992421875 0.759480193359375 0.450527978515625 0.76000915625 0.460214109375 0.763077529296875 0.48743954296875 0.76745640234375 0.523457533203125 0.778354212890625 0.559601142578125 0.785095861328125 0.575595306640625 0.80047141015625 0.604293962890625 0.822104392578125 0.63277606640625 0.8287801640625 0.64203757421875 0.835114630859375 0.652912056640625 0.83596463671875 0.653001396484375 0.835102451171875 0.648937154296875 0.818970701171875 0.624159638671875 0.805694240234375 0.606561578125 0.7993850390625 0.5962688515625 0.78799376953125 0.5762704375 0.7757282109375 0.5433291796875 0.76968633203125 0.52312863671875 0.766214861328125 0.4956476328125 0.762569603515625 0.45591840234375 0.760236400390625 0.435306044921875 0.7622791171875 0.433539517578125 0.764189578125 0.41359383984375 0.765459888671875 0.40150763671875 0.76453837890625 0.390842703125 0.763263162109375 0.38707580859375 0.762214466796875 0.384686435546875 0.758437970703125 0.38528012109375 0.7560506015625 0.38502919921875 0.753896271484375 0.39669197265625 0.755718890625 0.425286353515625
7 0.760993595703125 0.52950958203125 0.7605118984375 0.533116025390625 0.7622178203125 0.5413403203125 0.7672267109375 0.54552384765625 0.77412315234375 0.549357390625 0.780644017578125 0.551871294921875 0.784170607421875 0.550595900390625 0.787571119140625 0.55150168359375 0.796553138671875 0.55994235546875 0.811168224609375 0.57446069140625 0.822984994140625 0.584296986328125 0.842162439453125 0.597466310546875 0.855973396484375 0.60202659765625 0.87792430078125 0.60543048046875 0.8882209609375 0.60765134765625 0.893096298828125 0.61017571484375 0.901435216796875 0.613977453125 0.913530306640625 0.62457385546875 0.92170465625 0.631650408203125 0.927622435546875 0.635014263671875 0.936049818359375 0.636997697265625 0.94637040234375 0.638866359375 0.9465795546875 0.63687639453125 0.94657307421875 0.6359614453125 0.9285238203125 0.63260175 0.901024544921875 0.6095985 0.8906520390625 0.6055830234375 0.87586232421875 0.600553970703125 0.856485693359375 0.599065779296875 0.84072909375 0.592473392578125 0.82180025 0.579878572265625 0.80621889453125 0.56379603515625 0.787093029296875 0.54724598828125 0.787428685546875 0.54307582421875 0.78689358984375 0.53936251171875 0.784381908203125 0.534893078125 0.780865921875 0.529221337890625 0.776148640625 0.52323992578125 0.772492671875 0.517918435546875 0.770090505859375 0.51730006640625 0.767649783203125 0.51704353515625 0.762922791015625 0.520935564453125 0.760993595703125 0.52950958203125
7 0.81690550390625 0.155723923828125 0.830920111328125 0.096516357421875 0.837920548828125 0.035028857421875 0.830980546875 0.032033318359375 0.82493357421875 0.089566408203125 0.81564793359375 0.134459314453125 0.808368423828125 0.170484640625 0.795190662109375 0.249847501953125 0.785562296875 0.3133379453125 0.782857775390625 0.321176890625 0.778487982421875 0.326962 0.774017322265625 0.34138015625 0.769439869140625 0.3619216171875 0.7706894453125 0.37304278515625 0.77628753515625 0.376020181640625 0.780323044921875 0.37596671484375 0.78398911328125 0.361540337890625 0.789164615234375 0.342972201171875 0.79048583984375 0.32017709765625 0.80210358203125 0.245427365234375 0.81690550390625 0.155723923828125
7 0.239532642578125 0.244187193359375 0.23820053515625 0.21218653515625 0.242454263671875 0.174505306640625 0.247818962890625 0.154176931640625 0.251622228515625 0.1263721640625 0.247681380859375 0.11081109765625 0.237739423828125 0.10767693359375 0.23315346484375 0.123386404296875 0.232196685546875 0.143655765625 0.23491647265625 0.159035423828125 0.23548597265625 0.165416017578125 0.2341285546875 0.178330990234375 0.22947366796875 0.20865777734375 0.230878658203125 0.242755318359375 0.239139912109375 0.27026119921875 0.252985029296875 0.283729412109375 0.254198662109375 0.274977771484375 0.244761462890625 0.261450546875 0.239532642578125 0.244187193359375