2 0.001078125 0.511689814453125 0.005958333984375 0.51602592578125 0.0117265625 0.51749722265625 0.0205984375 0.507353703125 0.0220625 0.490007408203125 0.0147421875 0.4769981484375 0.005958333984375 0.481335185546875 0.001566146484375 0.495211111328125 0.001078125 0.511689814453125
7 0.179200521484375 0.388535185546875 0.169928125 0.37812777734375 0.151871875 0.3902694453125 0.145528125 0.405013888671875 0.065006771484375 0.455316666015625 0.0205984375 0.4882731484375 0.0235265625 0.5047518515625 0.030025 0.503762037109375 0.067446875 0.472662037109375 0.109903646484375 0.44577592578125 0.140647916015625 0.427562962890625 0.157240103515625 0.424093517578125 0.182128646484375 0.414553703125 0.179200521484375 0.388535185546875
7 0.375196875 0.749082408203125 0.375684896484375 0.734338888671875 0.367388541015625 0.716992591796875 0.355188541015625 0.70832037109375 0.342500521484375 0.71352407421875 0.334204166015625 0.705717591796875 0.320540103515625 0.70832037109375 0.314195833984375 0.717860185546875 0.3137078125 0.743878703125 0.321516146484375 0.751684259765625 0.33783125 0.753133333984375 0.344452603515625 0.76989722265625 0.353724478515625 0.77249907421875 0.365436978515625 0.776835185546875 0.374220833984375 0.768162962890625 0.375196875 0.749082408203125
2 0.124533853515625 0.99907407421875 0.132341666015625 0.99907407421875 0.1410375 0.99389722265625 0.1445421875 0.9827055546875 0.139661978515625 0.9662268515625 0.1299015625 0.9662268515625 0.124045833984375 0.97750092578125 0.1235578125 0.990511111328125 0.124533853515625 0.99907407421875
2 0.5398171875 0 0.526641146484375 0.009478703125 0.524201041015625 0.04070092578125 0.532630728515625 0.062785185546875 0.543233333984375 0.074525 0.5593375 0.069321296875 0.569097916015625 0.04677222265625 0.5695859375 0.019018517578125 0.562753646484375 0.005142591796875 0.5398171875 0
6 0.532497396484375 0.01555 0.550553646484375 0.003407408203125 0.543721353515625 0 0.528105208984375 0.003407408203125 0.511025 0.020753703125 0.4973609375 0.050240740234375 0.498824478515625 0.0831981484375 0.507120833984375 0.107482408203125 0.510048958984375 0.140438888671875 0.511513021484375 0.156917591796875 0.519320833984375 0.1473768515625 0.514929166015625 0.126562037109375 0.513465103515625 0.096207408203125 0.506144791015625 0.076259259765625 0.505656771484375 0.05457777734375 0.517369271484375 0.03202777734375 0.532497396484375 0.01555
7 0.818936978515625 0.261859259765625 0.837969271484375 0.2462481484375 0.831136978515625 0.232371296875 0.801856771484375 0.25492037109375 0.780872396484375 0.28527592578125 0.7608640625 0.34425092578125 0.740367708984375 0.36680092578125 0.708159375 0.3928194453125 0.687175 0.401492591796875 0.680343228515625 0.42057222265625 0.683759375 0.435316666015625 0.6974234375 0.43705092578125 0.708159375 0.42924537109375 0.7135453125 0.414665740234375 0.724970833984375 0.400385185546875 0.7515921875 0.378942591796875 0.770136458984375 0.351189814453125 0.7877046875 0.303488888671875 0.802344791015625 0.274868517578125 0.818936978515625 0.261859259765625
7 0.999479166015625 0.2462481484375 0.999479166015625 0.225433333984375 0.993155208984375 0.167325 0.995107291015625 0.123093517578125 0.999479166015625 0.102278703125 0.999479166015625 0.0823305546875 0.996083333984375 0.05457777734375 0.988763021484375 0.052842591796875 0.9804671875 0.064985185546875 0.9804671875 0.091871296875 0.9833953125 0.11442037109375 0.986811458984375 0.120491666015625 0.9863234375 0.140438888671875 0.987299478515625 0.176864814453125 0.991203125 0.214158333984375 0.999479166015625 0.2462481484375
2 0.819068228515625 0.252628703125 0.816877083984375 0.2684805546875 0.809679166015625 0.290171296875 0.817659896484375 0.29517777734375 0.820945833984375 0.298236111328125 0.830021353515625 0.300183333984375 0.839410416015625 0.29295277734375 0.845669791015625 0.28349722265625 0.846148958984375 0.268815740234375 0.846753125 0.2566555546875 0.839254166015625 0.2540194453125 0.831586458984375 0.257634259765625 0.826422396484375 0.248735185546875 0.821415103515625 0.240113888671875 0.819068228515625 0.252628703125
7 0.900047916015625 0.285381482421875 0.912055208984375 0.283637962890625 0.927983853515625 0.2731805546875 0.942932291015625 0.26272222265625 0.956165103515625 0.252264814453125 0.953714583984375 0.242678703125 0.938276041015625 0.25357222265625 0.922347916015625 0.2657731484375 0.906909375 0.2727444453125 0.8966171875 0.2701305546875 0.886324478515625 0.26272222265625 0.877747916015625 0.26185092578125 0.8684359375 0.2657731484375 0.860348958984375 0.2710018515625 0.852261978515625 0.28189537109375 0.844910416015625 0.286688888671875 0.834618228515625 0.293225 0.8250609375 0.297582408203125 0.815258853515625 0.301068517578125 0.813053646484375 0.308039814453125 0.817219271484375 0.313268517578125 0.82653125 0.313268517578125 0.8385390625 0.311962037109375 0.849321353515625 0.304118517578125 0.8561828125 0.30629722265625 0.86525 0.309783333984375 0.876522396484375 0.299761111328125 0.878555728515625 0.288983333984375 0.877747916015625 0.282766666015625 0.876522396484375 0.274487962890625 0.882403646484375 0.275359259765625 0.890245833984375 0.279716666015625 0.900047916015625 0.285381482421875
2 0.4538875 0.786162962890625 0.449255208984375 0.801413888671875 0.450583333984375 0.811688888671875 0.457280208984375 0.8145268515625 0.463707291015625 0.81237592578125 0.469008333984375 0.806186111328125 0.4694046875 0.793034259765625 0.461232291015625 0.784218517578125 0.4538875 0.786162962890625
1 0.361798958984375 0.757164814453125 0.369883853515625 0.754686111328125 0.371277603515625 0.743283333984375 0.369047396484375 0.7244444453125 0.360126041015625 0.711058333984375 0.3498109375 0.706596296875 0.342283333984375 0.736342591796875 0.342841146484375 0.73832592578125 0.347859375 0.73584722265625 0.343119791015625 0.748737037109375 0.345071353515625 0.75567777734375 0.3498109375 0.760139814453125 0.356222916015625 0.760139814453125 0.361798958984375 0.757164814453125
4 0.369907822265625 0.746750595703125 0.369803646484375 0.747738888671875 0.369099603515625 0.749218703125 0.369146875 0.749296296875 0.3706796875 0.754358333984375 0.369146875 0.762536111328125 0.3582 0.76642962890625 0.3514125 0.763703703125 0.348347396484375 0.759810185546875 0.347033853515625 0.753190740234375 0.347033810546875 0.753189923828125 0.346815103515625 0.75280092578125 0.3457203125 0.748907408203125 0.346729283203125 0.747412015625 0.345894462890625 0.7315727265625 0.3457203125 0.7317731484375 0.343989267578125 0.73167661328125 0.3441875 0.745791666015625 0.344625521484375 0.75747407421875 0.346158333984375 0.762536111328125 0.3564484375 0.76954537109375 0.369146875 0.766040740234375 0.371773958984375 0.761367591796875 0.371773958984375 0.75202222265625 0.369907822265625 0.746750595703125
4 0.346967259765625 0.723105578125 0.348347396484375 0.72087037109375 0.3562296875 0.7181444453125 0.3566671875 0.7181444453125 0.357104947265625 0.7197018515625 0.359075521484375 0.7197018515625 0.364111458984375 0.727489814453125 0.3673953125 0.734110185546875 0.366998185546875 0.7411735703125 0.368052083984375 0.741508333984375 0.369907822265625 0.746750595703125 0.370460416015625 0.741508333984375 0.369584896484375 0.73255277734375 0.366957291015625 0.72632222265625 0.3636734375 0.7189231484375 0.357543228515625 0.71425092578125 0.353602083984375 0.715418517578125 0.347909896484375 0.72087037109375 0.346967259765625 0.723105578125
4 0.350098958984375 0.755137037109375 0.352288541015625 0.755137037109375 0.356010416015625 0.755137037109375 0.363235416015625 0.7555268515625 0.3673953125 0.75280092578125 0.369099603515625 0.749218703125 0.366761630859375 0.7453809765625 0.366738541015625 0.745791666015625 0.363016666015625 0.749296296875 0.352507291015625 0.750464814453125 0.350098958984375 0.746960185546875 0.357761978515625 0.73372037109375 0.358856771484375 0.72787962890625 0.357980728515625 0.725932408203125 0.357980728515625 0.722817591796875 0.357104947265625 0.7197018515625 0.3564484375 0.7197018515625 0.348566666015625 0.724764814453125 0.3457203125 0.728268517578125 0.345894462890625 0.7315727265625 0.3531640625 0.723206482421875 0.355134896484375 0.723206482421875 0.355353646484375 0.728658333984375 0.350975 0.7411194453125 0.346729283203125 0.747412015625 0.347033810546875 0.753189923828125 0.347909896484375 0.7547481484375 0.350098958984375 0.755137037109375
4 0.361921875 0.739561111328125 0.357980728515625 0.739561111328125 0.356886458984375 0.7418981484375 0.362140625 0.7426768515625 0.366300521484375 0.74462407421875 0.366761630859375 0.7453809765625 0.366998185546875 0.7411735703125 0.361921875 0.739561111328125
8 0.71626875 0.400896296875 0.714952603515625 0.39855462890625 0.713965103515625 0.39855462890625 0.711002603515625 0.400603703125 0.707711458984375 0.402066666015625 0.706888541015625 0.408213888671875 0.708040625 0.40879907421875 0.710344271484375 0.408213888671875 0.7131421875 0.40762777734375 0.715446353515625 0.407042591796875 0.7167625 0.4035305546875 0.71626875 0.400896296875
4 0.836141146484375 0.3005018515625 0.843697396484375 0.29449722265625 0.856397916015625 0.283060185546875 0.868133853515625 0.270192591796875 0.8766546875 0.266762037109375 0.882924478515625 0.268762962890625 0.889516146484375 0.27362407421875 0.894178125 0.275339814453125 0.900447916015625 0.278485185546875 0.906396353515625 0.279914814453125 0.912344791015625 0.279056482421875 0.927617708984375 0.268191666015625 0.948356771484375 0.25475277734375 0.946588541015625 0.25275092578125 0.9258203125 0.266762037109375 0.911833333984375 0.276483333984375 0.904296353515625 0.276483333984375 0.894650521484375 0.2724805546875 0.8890234375 0.2676194453125 0.8817890625 0.265046296875 0.873268228515625 0.264187962890625 0.86281875 0.2724805546875 0.8525296875 0.286490740234375 0.836774478515625 0.297928703125 0.82568125 0.301931482421875 0.817160416015625 0.302788888671875 0.816035416015625 0.306792591796875 0.816035416015625 0.3096518515625 0.817208333984375 0.31192777734375 0.850248958984375 0.29784907421875 0.848841666015625 0.2950694453125 0.820064583984375 0.30765 0.818295833984375 0.3056481484375 0.822636978515625 0.303933333984375 0.836141146484375 0.3005018515625