7 0.241438703125 1 0.2441586796875 0.998055587890625 0.25218662109375 0.983660869140625 0.31554665625 0.891438666015625 0.352015146484375 0.863755880859375 0.376862005859375 0.83139758984375 0.3785271484375 0.824097353515625 0.3728592890625 0.820002451171875 0.338695078125 0.85537280078125 0.30652255078125 0.878541470703125 0.24620286328125 0.965874587890625 0.220514009765625 0.983983681640625 0.223161376953125 0.984567037109375 0.225141556640625 1 0.241438703125 1
2 0.76598186328125 0.81790271484375 0.75051838671875 0.774638154296875 0.72375978125 0.737654748046875 0.69896428515625 0.68978891015625 0.65487741015625 0.6598971328125 0.597327916015625 0.64408225390625 0.584188095703125 0.6454126171875 0.579464484375 0.666810412109375 0.5847461015625 0.709042708984375 0.590434935546875 0.75817210546875 0.6057689765625 0.819673580078125 0.6253298359375 0.8490138359375 0.65474710546875 0.842457021484375 0.670019931640625 0.851091828125 0.690427822265625 0.854063349609375 0.710252876953125 0.897626046875 0.745310287109375 0.894428619140625 0.783702359375 0.857651064453125 0.76598186328125 0.81790271484375
7 0.708705921875 0.53951088671875 0.67114281640625 0.524335412109375 0.617430513671875 0.51577055078125 0.583280232421875 0.5113681484375 0.53134437109375 0.51721361328125 0.50421345703125 0.5204730703125 0.501703166015625 0.53235363671875 0.50750961328125 0.542530869140625 0.519742857421875 0.5420639921875 0.534640982421875 0.5318909609375 0.57947274609375 0.525234486328125 0.62346265234375 0.529765853515625 0.6554835546875 0.5372814296875 0.7034954921875 0.549205677734375 0.710979763671875 0.54863076953125 0.708705921875 0.53951088671875
7 0.41223746484375 0.19112625390625 0.402787201171875 0.179701828125 0.39891389453125 0.1791359453125 0.397952568359375 0.17984226953125 0.39524461328125 0.189748111328125 0.4015361484375 0.2126784765625 0.4118838203125 0.230003669921875 0.4190501796875 0.246080865234375 0.426129505859375 0.2560542890625 0.434983916015625 0.2604816875 0.43892641796875 0.2452084921875 0.431523505859375 0.22357533984375 0.4246805078125 0.21915697265625 0.41223746484375 0.19112625390625
7 0.577974734375 0.3933764375 0.563269869140625 0.382752548828125 0.516815912109375 0.343806125 0.4430468671875 0.294316685546875 0.43113310546875 0.284527548828125 0.408863345703125 0.271194982421875 0.404330189453125 0.2702840390625 0.404176810546875 0.2754257265625 0.406154689453125 0.2865556171875 0.413741943359375 0.296518822265625 0.4264109140625 0.29897502734375 0.43271580078125 0.2989336953125 0.523140759765625 0.36111325 0.57031303125 0.4029428359375 0.61224741015625 0.418007515625 0.62002660546875 0.413515267578125 0.6123142578125 0.4067619296875 0.577974734375 0.3933764375
7 0.282293150390625 0.51896090234375 0.2437826171875 0.5015119140625 0.236301626953125 0.509501650390625 0.2402578828125 0.520764279296875 0.246857203125 0.529475595703125 0.27120396875 0.53550638671875 0.271622240234375 0.5394854296875 0.27338849609375 0.54772129296875 0.277913044921875 0.5624150234375 0.289347669921875 0.57028243359375 0.299380810546875 0.562166908203125 0.29872833203125 0.548038416015625 0.294866984375 0.529095998046875 0.282293150390625 0.51896090234375
7 0.964616546875 0.458825087890625 0.9777102265625 0.536913099609375 0.982621025390625 0.58970144140625 0.982534322265625 0.669075537109375 0.991284814453125 0.663559568359375 0.992492970703125 0.611245751953125 0.987320052734375 0.537851326171875 0.9671423203125 0.43285560546875 0.9620208984375 0.4047924765625 0.953039552734375 0.378792009765625 0.946553775390625 0.35930441796875 0.943535646484375 0.354721587890625 0.937810259765625 0.35281581640625 0.934985283203125 0.353520162109375 0.936077640625 0.36391656640625 0.943477859375 0.3860771484375 0.950135734375 0.40375547265625 0.9534264765625 0.410936568359375 0.964616546875 0.458825087890625
7 0.497250916015625 0.764497701171875 0.4690651484375 0.800411966796875 0.421737197265625 0.852653240234375 0.387685443359375 0.874349462890625 0.371315162109375 0.885033638671875 0.3641045859375 0.92314625390625 0.39474492578125 0.921283921875 0.409619876953125 0.8952910234375 0.448002966796875 0.859310615234375 0.48138847265625 0.81632179296875 0.4976737890625 0.786676423828125 0.53688131640625 0.7521403984375 0.531883955078125 0.7451328828125 0.497250916015625 0.764497701171875
7 0.165686900390625 0.37595312109375 0.171016451171875 0.37462431640625 0.180706537109375 0.366456908203125 0.205171806640625 0.3315971875 0.239624736328125 0.28490016796875 0.286636767578125 0.241542728515625 0.32200907421875 0.2147487578125 0.331651765625 0.21450121875 0.339308521484375 0.211154087890625 0.352251861328125 0.207926951171875 0.3547946328125 0.19866539453125 0.352895138671875 0.19266807421875 0.349350759765625 0.17845234375 0.3413601328125 0.173973712890625 0.33349151171875 0.178092234375 0.324394556640625 0.185394146484375 0.31934364453125 0.192751275390625 0.31842122265625 0.201981955078125 0.304163388671875 0.211289181640625 0.266166078125 0.243770470703125 0.235994421875 0.273582037109375 0.20882090625 0.31055508984375 0.1937116328125 0.329420744140625 0.170561080078125 0.3582012734375 0.1642543828125 0.3669631953125 0.165686900390625 0.37595312109375
7 0.221591873046875 0.31312328125 0.24161437109375 0.281527919921875 0.27505509375 0.230769009765625 0.277041251953125 0.2338695 0.282539478515625 0.23321720703125 0.29108671484375 0.2253337890625 0.297605560546875 0.215799453125 0.298837537109375 0.2061461484375 0.295756435546875 0.19540965234375 0.290771857421875 0.18514869921875 0.283201541015625 0.185598103515625 0.273468708984375 0.195215208984375 0.269504826171875 0.2045295390625 0.266813056640625 0.22203975390625 0.24903160546875 0.2545134921875 0.220504103515625 0.292542697265625 0.198409234375 0.32393619140625 0.1741598125 0.35155166015625 0.165227828125 0.366001919921875 0.1667033125 0.373543046875 0.179226849609375 0.36538775 0.221591873046875 0.31312328125
7 0.480000505859375 0.159475123046875 0.489929892578125 0.17497411328125 0.495381673828125 0.182243359375 0.503124869140625 0.1759985 0.4983126640625 0.15994221875 0.486020283203125 0.134965775390625 0.475835560546875 0.121687099609375 0.464508943359375 0.108694087890625 0.43256522265625 0.05841933984375 0.395797916015625 0.01150485546875 0.38606906640625 0.01464909375 0.397733478515625 0.0289969296875 0.426470388671875 0.066409869140625 0.468724537109375 0.132088603515625 0.4737913515625 0.145923794921875 0.480000505859375 0.159475123046875
7 0.345868103515625 0.838369453125 0.34824795703125 0.83104656640625 0.36052460546875 0.82125517578125 0.37341434375 0.81729420703125 0.392369662109375 0.820792984375 0.41193291796875 0.836852994140625 0.4307416796875 0.865064830078125 0.43912970703125 0.886900875 0.44153425 0.911725064453125 0.443677666015625 0.932128330078125 0.445473990234375 0.9443923125 0.441462228515625 0.96034790625 0.4487156328125 0.967512447265625 0.45342549609375 0.96110396484375 0.45268634765625 0.94633290625 0.449706564453125 0.92763446875 0.447428298828125 0.911751810546875 0.44739531640625 0.893065849609375 0.44406037890625 0.879690142578125 0.43435359765625 0.855938455078125 0.419414693359375 0.8297533984375 0.404071294921875 0.817128244140625 0.380634765625 0.80577278515625 0.363789658203125 0.803990412109375 0.348741099609375 0.81447291796875 0.341570154296875 0.81966949609375 0.3347494921875 0.82244744921875 0.326566201171875 0.826731265625 0.317586861328125 0.8379430859375 0.314415609375 0.84546329296875 0.31726883203125 0.85522122265625 0.322848548828125 0.86579375 0.33010559375 0.866227857421875 0.337146478515625 0.86073353125 0.34317879296875 0.849508337890625 0.345868103515625 0.838369453125
2 0.535168513671875 0.48748694140625 0.542903353515625 0.49827028515625 0.549805748046875 0.504027 0.55222955859375 0.4951968515625 0.553164095703125 0.47701780859375 0.544551619140625 0.462714447265625 0.535445494140625 0.464984859375 0.534812130859375 0.473269353515625 0.535168513671875 0.48748694140625
2 0.31414139453125 0.3351555703125 0.319786599609375 0.32358983984375 0.32146392578125 0.313451421875 0.317075732421875 0.2958513359375 0.31026321875 0.287081521484375 0.301022525390625 0.29387151953125 0.2987249921875 0.311643201171875 0.29832100390625 0.325202974609375 0.303109546875 0.33597371875 0.31414139453125 0.3351555703125
7 0.3379055546875 0.838229576171875 0.335849859375 0.749356427734375 0.3290796015625 0.6669568671875 0.317270525390625 0.613621107421875 0.31050832421875 0.58948547265625 0.30556173046875 0.59204237109375 0.3153958046875 0.62402058984375 0.322572185546875 0.675200087890625 0.327636578125 0.744783490234375 0.327221216796875 0.798240392578125 0.329692046875 0.8336557421875 0.3222093203125 0.84545345703125 0.31748833984375 0.863845595703125 0.31907878125 0.874704689453125 0.327134130859375 0.88461416796875 0.33663684765625 0.880920345703125 0.3431437578125 0.872677251953125 0.343424546875 0.85737897265625 0.3379055546875 0.838229576171875
6 0.5847465546875 0.993222853515625 0.5949546171875 0.98753337109375 0.5976352421875 0.93927166015625 0.598578607421875 0.85681448046875 0.589505197265625 0.79023937890625 0.589484482421875 0.723319548828125 0.581166763671875 0.7158325390625 0.5809241875 0.749355517578125 0.58107354296875 0.786605498046875 0.58566255859375 0.82657231640625 0.590238107421875 0.8923565 0.5847465546875 0.993222853515625
5 0 0.537586521484375 0.015401470703125 0.545020443359375 0.02406891015625 0.540867841796875 0.0256790703125 0.521882892578125 0.0185824375 0.508386794921875 0.00230857421875 0.50447997265625 0 0.504274828125 0 0.537586521484375
7 0.5324479375 0.28223529296875 0.560644833984375 0.295830650390625 0.56953778125 0.30048796484375 0.569374646484375 0.29078933984375 0.54754806640625 0.275606638671875 0.523125921875 0.2616436484375 0.50066108203125 0.242609279296875 0.468598732421875 0.21221869140625 0.450818068359375 0.19258898828125 0.444403873046875 0.182691158203125 0.435160658203125 0.172430853515625 0.42424675 0.164839177734375 0.419731671875 0.1648188359375 0.416861845703125 0.1752746171875 0.422753435546875 0.18469105859375 0.43154071484375 0.197968888671875 0.443870275390625 0.203488001953125 0.468149244140625 0.232381919921875 0.495936525390625 0.254672623046875 0.5324479375 0.28223529296875
7 0.435695615234375 0.179745564453125 0.4035877109375 0.17113613671875 0.37379987890625 0.170542423828125 0.380498322265625 0.18319498046875 0.420627314453125 0.19037708984375 0.443907560546875 0.1971766953125 0.47988114453125 0.22258225390625 0.502646615234375 0.246697599609375 0.530934439453125 0.277456720703125 0.536619927734375 0.293799125 0.545373017578125 0.308231560546875 0.5504919453125 0.31325728125 0.5594198125 0.316760759765625 0.563196927734375 0.311235654296875 0.561826380859375 0.29152525390625 0.544583771484375 0.274053560546875 0.53444871484375 0.260539203125 0.4997656640625 0.217051923828125 0.4636918671875 0.189952705078125 0.435695615234375 0.179745564453125
7 0.45346137109375 0.36290778515625 0.42191003125 0.3583412109375 0.384027451171875 0.36343491796875 0.3728748359375 0.36497216015625 0.347421583984375 0.3750486171875 0.32504161328125 0.380628572265625 0.320247408203125 0.38804002734375 0.318303779296875 0.39847100390625 0.32348912890625 0.410854775390625 0.32963062890625 0.41305377734375 0.337050748046875 0.4161764453125 0.348685205078125 0.403951458984375 0.37289987109375 0.3861020859375 0.395316455078125 0.379269587890625 0.419705576171875 0.377541130859375 0.449285388671875 0.3770034140625 0.4768873203125 0.3825546875 0.515859287109375 0.390243802734375 0.52164046484375 0.382586267578125 0.482451365234375 0.3712210390625 0.45346137109375 0.36290778515625
7 0.411211119140625 0.429611353515625 0.4527580546875 0.439974552734375 0.485309998046875 0.4609980859375 0.5006142734375 0.472723576171875 0.51644865234375 0.4894966796875 0.54483544140625 0.536166513671875 0.561381201171875 0.57477921484375 0.583922783203125 0.65204511328125 0.58908810546875 0.67860290625 0.59684677734375 0.698037462890625 0.61017798046875 0.69600856640625 0.60885866015625 0.67173065625 0.593755142578125 0.641823947265625 0.581248548828125 0.598965375 0.56238401171875 0.552512224609375 0.5270377578125 0.488151466796875 0.48223425 0.4442807890625 0.449756568359375 0.42647658203125 0.4198271484375 0.414511755859375 0.4048916171875 0.42471129296875 0.411211119140625 0.429611353515625
7 0.544253755859375 0.72661912109375 0.527713892578125 0.744989296875 0.529683392578125 0.764572310546875 0.5463366875 0.74811675 0.575755263671875 0.720059861328125 0.587463173828125 0.692533896484375 0.598864046875 0.66961727734375 0.6174643125 0.644905646484375 0.6312193359375 0.63435249609375 0.641575765625 0.631710228515625 0.653658453125 0.623578005859375 0.66920550390625 0.60998815625 0.652691767578125 0.58172800390625 0.64149500390625 0.580633876953125 0.635395439453125 0.591221205078125 0.6308185703125 0.60207492578125 0.609889533203125 0.636432765625 0.58530648828125 0.667816814453125 0.558626939453125 0.7010185234375 0.544253755859375 0.72661912109375
7 0.625801482421875 0.78823031640625 0.601819765625 0.772862568359375 0.578416751953125 0.7649742109375 0.519771359375 0.7498619921875 0.48497859765625 0.741001103515625 0.47780488671875 0.739740810546875 0.46767565234375 0.730066900390625 0.451808587890625 0.71801318359375 0.440544599609375 0.7330200703125 0.444839609375 0.750246412109375 0.44559751171875 0.75844454296875 0.46438194140625 0.766721978515625 0.483714529296875 0.756564580078125 0.50133343359375 0.7636076875 0.546391908203125 0.777533681640625 0.6023447421875 0.795603666015625 0.625338865234375 0.813886748046875 0.63389701171875 0.8258580546875 0.649813966796875 0.829513189453125 0.64811940625 0.812399990234375 0.625801482421875 0.78823031640625
7 0.74486644140625 0.667461701171875 0.750232689453125 0.70113120703125 0.7404454921875 0.73678486328125 0.719723322265625 0.783242826171875 0.699225248046875 0.80630628515625 0.67354912890625 0.836944658203125 0.6523250703125 0.8368505 0.64651012109375 0.849970119140625 0.646075236328125 0.87251920703125 0.6512984375 0.879295783203125 0.662488400390625 0.88368670703125 0.666985990234375 0.88552930078125 0.680130443359375 0.86941419921875 0.681775900390625 0.853744181640625 0.708138349609375 0.82383265625 0.738835419921875 0.782965583984375 0.754536640625 0.746736322265625 0.76417151953125 0.70034882421875 0.7544295390625 0.655202546875 0.743683501953125 0.61210255078125 0.73201299609375 0.615909349609375 0.74486644140625 0.667461701171875
7 0.577460869140625 0.463301912109375 0.521079416015625 0.4117274296875 0.50816504296875 0.38646519140625 0.487269560546875 0.372480794921875 0.476520240234375 0.3838295078125 0.48535498828125 0.409489587890625 0.500316384765625 0.42061921484375 0.5122222890625 0.425080701171875 0.522198548828125 0.42878465625 0.55652194921875 0.461711931640625 0.58462274609375 0.48504478125 0.6388581953125 0.53220165234375 0.69701496875 0.60067070703125 0.712165177734375 0.59998899609375 0.69033243359375 0.56828175 0.636971986328125 0.51904970703125 0.577460869140625 0.463301912109375
1 0.282400341796875 0.541212609375 0.283812763671875 0.543006609375 0.285651646484375 0.54941315625 0.28388331640625 0.552000208984375 0.281435640625 0.550893748046875 0.2825177421875 0.556202623046875 0.285851140625 0.554084201171875 0.287848990234375 0.547577984375 0.287144056640625 0.544750650390625 0.28406809375 0.538222166015625 0.279046357421875 0.5364711328125 0.275410779296875 0.537377583984375 0.272808349609375 0.54145895703125 0.276083076171875 0.55265771484375 0.279889783203125 0.56114825390625 0.28544083203125 0.56405558203125 0.2887481953125 0.562801541015625 0.292334537109375 0.559762162109375 0.29382672265625 0.5550987578125 0.29342607421875 0.549620931640625 0.291840416015625 0.542292404296875 0.290277453125 0.5379613125 0.2859908984375 0.530448302734375 0.28157590234375 0.527257724609375 0.276504423828125 0.523373888671875 0.27181067578125 0.521969546875 0.27236346484375 0.526122126953125 0.284070201171875 0.534359701171875 0.28760258984375 0.53691244921875 0.288961337890625 0.54429755078125 0.29074887890625 0.552433634765625 0.28569638671875 0.55927203515625 0.2795897109375 0.556073818359375 0.277448650390625 0.548455298828125 0.276265748046875 0.542742134765625 0.27833648046875 0.541367953125 0.282400341796875 0.541212609375
8 0.338530162109375 0.8239076796875 0.336235517578125 0.826995259765625 0.3364927265625 0.82944563671875 0.337144015625 0.8334744140625 0.3382031484375 0.834886998046875 0.339978486328125 0.834444357421875 0.34221173828125 0.8315820234375 0.34424780859375 0.82793100390625 0.341921107421875 0.82285323828125 0.338530162109375 0.8239076796875
7 0.21436950390625 0.32159915234375 0.221201228515625 0.29919669921875 0.23643926171875 0.268489826171875 0.254709388671875 0.2234848984375 0.2637784921875 0.192936234375 0.2733440078125 0.145704322265625 0.29614630859375 0.0955309140625 0.291765490234375 0.0904127734375 0.274166115234375 0.1334383046875 0.263549361328125 0.17334299609375 0.252767232421875 0.218808427734375 0.235329810546875 0.26248351953125 0.21883391796875 0.29281502734375 0.21192295703125 0.311786587890625 0.203711279296875 0.36289405859375 0.201195111328125 0.362141533203125 0.19119626171875 0.387402498046875 0.191877912109375 0.40103226953125 0.19601361328125 0.40828038671875 0.200194208984375 0.407927986328125 0.202954765625 0.406549763671875 0.20718418359375 0.392386419921875 0.207601580078125 0.37227317578125 0.206106458984375 0.361606935546875 0.21436950390625 0.32159915234375
7 0.61032176953125 0.378701171875 0.5901848515625 0.36166005859375 0.56465110546875 0.348287224609375 0.541935318359375 0.3427267578125 0.494882314453125 0.341686416015625 0.459737205078125 0.336902232421875 0.428873556640625 0.328342337890625 0.411091326171875 0.334711208984375 0.413979091796875 0.340183478515625 0.42971071484375 0.337809927734375 0.44730551171875 0.341163150390625 0.469087369140625 0.347343904296875 0.488049173828125 0.349195900390625 0.511085451171875 0.3508059296875 0.536489876953125 0.351438078125 0.55966152734375 0.3553370546875 0.580325978515625 0.36489206640625 0.5952995703125 0.374318140625 0.608678697265625 0.386077021484375 0.608606798828125 0.39190073828125 0.612572751953125 0.397331302734375 0.62223293359375 0.409016388671875 0.63142471875 0.417948765625 0.636499193359375 0.42171543359375 0.639232255859375 0.418711306640625 0.64000962109375 0.413099130859375 0.641834638671875 0.40645087890625 0.63772100390625 0.394318068359375 0.6218832890625 0.383172181640625 0.61278086328125 0.37808805078125 0.61032176953125 0.378701171875
7 0.40093797265625 0.14651908203125 0.3915867109375 0.131069666015625 0.38231535546875 0.112933138671875 0.370068662109375 0.08486968359375 0.36284257421875 0.056888525390625 0.35811216796875 0.0409235 0.35129146875 0.034622521484375 0.352276966796875 0.048601185546875 0.35887994921875 0.070070203125 0.3726380625 0.106202125 0.388674181640625 0.1364326484375 0.405156822265625 0.1634399609375 0.419916296875 0.18554253125 0.437104703125 0.212372921875 0.440550533203125 0.2221825390625 0.4450177578125 0.2290703046875 0.447994841796875 0.234995533203125 0.448054201171875 0.235233615234375 0.458138408203125 0.249611861328125 0.4627891953125 0.254230404296875 0.466423537109375 0.253768953125 0.46911914453125 0.249540291015625 0.46881043359375 0.240282572265625 0.46152396875 0.226096154296875 0.450496525390625 0.215954345703125 0.44239518359375 0.209528931640625 0.422697486328125 0.180656029296875 0.40093797265625 0.14651908203125
7 0.556590935546875 0.4972337265625 0.549363515625 0.459998369140625 0.543608087890625 0.416296298828125 0.5368547265625 0.35759473046875 0.536503931640625 0.336943001953125 0.534507841796875 0.306943109375 0.527520255859375 0.29953575 0.520207732421875 0.2976993359375 0.5191267109375 0.31260834765625 0.523500375 0.333562505859375 0.5291150859375 0.348544587890625 0.52914496875 0.36378640234375 0.535111859375 0.416584353515625 0.5473443828125 0.49038958984375 0.55610434765625 0.551640708984375 0.560865365234375 0.56936255078125 0.567284931640625 0.5634925625 0.56364058203125 0.5296332578125 0.556590935546875 0.4972337265625
1 0.423843685546875 0.223802982421875 0.4211071484375 0.22448527734375 0.419876994140625 0.222466427734375 0.418295552734375 0.22311837890625 0.419297462890625 0.225969958984375 0.4179136796875 0.226831236328125 0.416360439453125 0.23109475390625 0.421233001953125 0.243059337890625 0.426745353515625 0.251762064453125 0.4321551171875 0.2548067265625 0.434773076171875 0.24898566015625 0.436462763671875 0.24468812109375 0.435540154296875 0.236907994140625 0.430696072265625 0.228553955078125 0.42688351953125 0.224337150390625 0.423843685546875 0.223802982421875