5 0.73497669140625 0.167391375 0.72738503515625 0.1691388125 0.713545734375 0.17504367578125 0.705487505859375 0.18851848046875 0.707149021484375 0.20173387109375 0.715640509765625 0.21090503125 0.73080245703125 0.210629109375 0.7426930234375 0.205419818359375 0.75157755078125 0.18458505078125 0.747967814453125 0.17206533203125 0.73497669140625 0.167391375
5 0.16889221484375 0.241074654296875 0.166489875 0.22234341796875 0.165706310546875 0.2232654765625 0.15390139453125 0.215598044921875 0.145620388671875 0.233327962890625 0.142940255859375 0.256443111328125 0.142812044921875 0.275756828125 0.1505194609375 0.285849947265625 0.1612453671875 0.280414271484375 0.16800180859375 0.2580914765625 0.16889221484375 0.241074654296875
5 0.081841048828125 0.1790291875 0.08467967578125 0.16131669140625 0.080243638671875 0.1561569375 0.068374439453125 0.1581472734375 0.0587490859375 0.173466197265625 0.054703060546875 0.1973902109375 0.05495576953125 0.217853283203125 0.065596203125 0.22529341796875 0.075782517578125 0.213306640625 0.081841048828125 0.1790291875
5 0.262803587890625 0.675114623046875 0.256218095703125 0.671685794921875 0.24994959375 0.679062271484375 0.235866833984375 0.692440390625 0.228930017578125 0.712579388671875 0.229765744140625 0.73315484375 0.245488650390625 0.736211068359375 0.261498265625 0.7253562265625 0.268297443359375 0.69659552734375 0.262803587890625 0.675114623046875
5 0.441780140625 0.5627137265625 0.438222056640625 0.571691423828125 0.438295078125 0.58996988671875 0.441904814453125 0.60248960546875 0.445874615234375 0.619377732421875 0.455975455078125 0.620266767578125 0.4616618046875 0.612776189453125 0.468195642578125 0.594707599609375 0.462659052734375 0.579664599609375 0.456741365234375 0.563473154296875 0.441780140625 0.5627137265625
5 0.593081111328125 0.608239185546875 0.58179373046875 0.6103426171875 0.57588495703125 0.622086494140625 0.57304615234375 0.6397998984375 0.58738230859375 0.646884041015625 0.598489490234375 0.64259590234375 0.60594401953125 0.632226859375 0.610572375 0.608416037109375 0.593081111328125 0.608239185546875
7 0.2863741328125 0.36304705078125 0.288949646484375 0.3721171640625 0.29229353125 0.38219405078125 0.29719154296875 0.391716552734375 0.30877030859375 0.399108927734375 0.31841559765625 0.3941281953125 0.32561187890625 0.384386212890625 0.324784841796875 0.368799439453125 0.31588403515625 0.355071080078125 0.308663861328125 0.3450971953125 0.297388724609375 0.33862126171875 0.268295271484375 0.307255732421875 0.2280119140625 0.25657519921875 0.158187908203125 0.171872779296875 0.1791562890625 0.212798810546875 0.2863741328125 0.36304705078125
7 0.462055365234375 0.47603998046875 0.457038548828125 0.4844917109375 0.44975669921875 0.5070717578125 0.44544007421875 0.526800392578125 0.443049048828125 0.5366199453125 0.4517785390625 0.541119201171875 0.463274751953125 0.538378162109375 0.4719487578125 0.520157740234375 0.477132728515625 0.485086794921875 0.4870207109375 0.453417583984375 0.497771681640625 0.41611037890625 0.505813646484375 0.368738390625 0.5069400703125 0.32333958984375 0.5029862421875 0.286077404296875 0.493523669921875 0.242352775390625 0.472416978515625 0.200926345703125 0.4700060859375 0.202530994140625 0.4688489921875 0.2072826953125 0.489501193359375 0.260647298828125 0.499244703125 0.318526328125 0.499622466796875 0.363387451171875 0.4944130625 0.402186859375 0.4798 0.444964123046875 0.470177876953125 0.47046423828125 0.462055365234375 0.47603998046875
7 0.479605201171875 0.485567396484375 0.47891785546875 0.498703517578125 0.48773731640625 0.50373622265625 0.4944521328125 0.497991552734375 0.500441876953125 0.46597869140625 0.5042081640625 0.429802111328125 0.517045765625 0.349356970703125 0.5196267109375 0.31087670703125 0.514740921875 0.27840904296875 0.50602077734375 0.2584667265625 0.485398556640625 0.245750033203125 0.4578483203125 0.248273828125 0.4414185625 0.259595033203125 0.434576181640625 0.27319392578125 0.445026373046875 0.26983452734375 0.463696080078125 0.26019287890625 0.4940744765625 0.261121220703125 0.5026721484375 0.276892234375 0.507449140625 0.291920580078125 0.510205875 0.317339533203125 0.511046208984375 0.3490198984375 0.508241716796875 0.3646487734375 0.500629498046875 0.40381024609375 0.489465451171875 0.446842896484375 0.482426359375 0.46745344921875 0.479605201171875 0.485567396484375
5 0.864154326171875 0.841494244140625 0.84690102734375 0.843745369140625 0.842757201171875 0.856953849609375 0.83349356640625 0.877574380859375 0.84080285546875 0.8967444140625 0.853249681640625 0.905703427734375 0.870945876953125 0.887656787109375 0.88122181640625 0.86723302734375 0.878313953125 0.847049009765625 0.864154326171875 0.841494244140625
7 0.675748818359375 0.6834239140625 0.667858888671875 0.675350671875 0.661276361328125 0.674071158203125 0.6541500078125 0.67829170703125 0.651313251953125 0.69829290625 0.666880525390625 0.7209376640625 0.6937440703125 0.74764583984375 0.728229044921875 0.797322849609375 0.75876402734375 0.8565088359375 0.78705414453125 0.89750732421875 0.7829133671875 0.859334400390625 0.749183783203125 0.797658857421875 0.709708892578125 0.735801306640625 0.691766328125 0.714564375 0.691215337890625 0.695772310546875 0.675748818359375 0.6834239140625
7 0.29541604296875 0.744955734375 0.302643150390625 0.751031544921875 0.321028431640625 0.756473873046875 0.332537109375 0.7540399296875 0.34261921484375 0.737315673828125 0.33955468359375 0.715232611328125 0.3237011796875 0.7102824140625 0.302046966796875 0.713547623046875 0.28051158984375 0.72430840625 0.2463996484375 0.7457046875 0.22918333984375 0.74235817578125 0.222012146484375 0.727885046875 0.219941501953125 0.708798537109375 0.213083314453125 0.698122486328125 0.19740471875 0.692272462890625 0.18307803515625 0.711908837890625 0.18859234375 0.721388896484375 0.196049763671875 0.718167466796875 0.2038017734375 0.72154289453125 0.2026960546875 0.73534098046875 0.2066538984375 0.7501233203125 0.21876948046875 0.758084123046875 0.2449251875 0.7641021015625 0.265410763671875 0.758742083984375 0.29541604296875 0.744955734375
7 0.403363978515625 0.046015373046875 0.403824171875 0.034451837890625 0.39794662890625 0.024834201171875 0.388185064453125 0.02293674609375 0.379571794921875 0.02126249609375 0.3724402578125 0.02729214453125 0.368357830078125 0.03603303515625 0.365005640625 0.050213197265625 0.3708621171875 0.063004568359375 0.377731177734375 0.067518552734375 0.3855508203125 0.073275642578125 0.392441640625 0.07461508203125 0.40101259375 0.082637708984375 0.41391598046875 0.102096189453125 0.42737226953125 0.124840912109375 0.43946078515625 0.151556876953125 0.448678041015625 0.17771472265625 0.4595336328125 0.21690423828125 0.463123349609375 0.253621189453125 0.47506385546875 0.3025560234375 0.47904161328125 0.309685826171875 0.48257113671875 0.2976586875 0.478521740234375 0.27250537109375 0.471748578125 0.224574966796875 0.461395494140625 0.1674735390625 0.44885908203125 0.121601646484375 0.428418751953125 0.082667599609375 0.403363978515625 0.046015373046875
6 0.239739615234375 0.249706189453125 0.245497103515625 0.26581555859375 0.254315748046875 0.282641638671875 0.26239864453125 0.313005689453125 0.270823515625 0.34539912890625 0.27991315625 0.36679796875 0.28741280078125 0.36040314453125 0.277866970703125 0.31862996484375 0.263054009765625 0.26798034765625 0.24633697265625 0.236592611328125 0.233333544921875 0.216395923828125 0.208451404296875 0.202398423828125 0.195001880859375 0.19585732421875 0.183460185546875 0.1870704765625 0.171958396484375 0.17240075390625 0.1670376875 0.182569029296875 0.180396111328125 0.2028337734375 0.205509765625 0.217531841796875 0.22447216015625 0.231687900390625 0.239739615234375 0.249706189453125
7 0.560092357421875 0.96266948046875 0.56544725 0.949071974609375 0.568747583984375 0.924657779296875 0.568566208984375 0.89956680859375 0.570374296875 0.854946640625 0.58194412109375 0.8102959453125 0.5937466015625 0.783036955078125 0.61059987109375 0.765112271484375 0.623787060546875 0.756753638671875 0.63402937109375 0.7542480390625 0.635245658203125 0.746131927734375 0.621977169921875 0.749334955078125 0.60459915625 0.758806046875 0.5911200546875 0.77610188671875 0.578564974609375 0.794220640625 0.571206904296875 0.817203732421875 0.561378111328125 0.86219190625 0.559311640625 0.89327045703125 0.55769590234375 0.909018158203125 0.55095236328125 0.926980900390625 0.545429912109375 0.95353258984375 0.5490881953125 0.962595275390625 0.560092357421875 0.96266948046875
6 0.64193182421875 0.667124642578125 0.6444112734375 0.685704853515625 0.643243810546875 0.714279306640625 0.63427866796875 0.734379642578125 0.622325341796875 0.7494026328125 0.62180557421875 0.75765319140625 0.63615690234375 0.7488794296875 0.648079697265625 0.72100146875 0.65378669921875 0.684206046875 0.64914384765625 0.64861060546875 0.6353965859375 0.61895562109375 0.620166853515625 0.6025038671875 0.61498759375 0.6124190859375 0.63355796875 0.6507208203125 0.64193182421875 0.667124642578125
6 0.2301122578125 0.440559984375 0.22674498046875 0.434752443359375 0.218779779296875 0.438866533203125 0.2171888203125 0.447051302734375 0.231549814453125 0.52062096875 0.24439918359375 0.57124828125 0.266838513671875 0.62373875 0.295730732421875 0.6491735859375 0.327184724609375 0.65528762109375 0.329012712890625 0.649980578125 0.32583958203125 0.6458246875 0.298368533203125 0.637653203125 0.27369508984375 0.613039357421875 0.252511318359375 0.564331099609375 0.23690058203125 0.505382337890625 0.2301122578125 0.440559984375
7 0.195138951171875 0.60076065625 0.192081591796875 0.583226427734375 0.187033505859375 0.568934890625 0.17258984375 0.55221146875 0.15431534765625 0.502678357421875 0.11567075390625 0.43889948828125 0.106521470703125 0.415945892578125 0.096673912109375 0.333563474609375 0.08902394921875 0.348412728515625 0.092813724609375 0.370930115234375 0.097053861328125 0.42439083984375 0.13353278125 0.5010580859375 0.148268578125 0.523282767578125 0.1653442421875 0.57197916796875 0.179566525390625 0.60559949609375 0.18818069921875 0.6102989453125 0.195138951171875 0.60076065625
7 0.526194048828125 0.869267734375 0.528957537109375 0.885417677734375 0.528923736328125 0.886396810546875 0.533646033203125 0.88850889453125 0.54196425390625 0.885043529296875 0.54752524609375 0.8636108359375 0.556213490234375 0.83368359765625 0.566862630859375 0.80526376953125 0.5810603671875 0.76585148828125 0.577262208984375 0.759763052734375 0.570183984375 0.774315951171875 0.559518892578125 0.80130836328125 0.5468452265625 0.826828435546875 0.5320384765625 0.85207630859375 0.526194048828125 0.869267734375
2 0.52863375390625 0.709656294921875 0.5402990546875 0.700902794921875 0.54646248828125 0.6863475234375 0.544072005859375 0.668426017578125 0.5341363984375 0.657941283203125 0.52096503515625 0.6621677578125 0.51544607421875 0.679325294921875 0.516872294921875 0.693617423828125 0.519576708984375 0.7048113359375 0.52863375390625 0.709656294921875
7 0.716466328125 0.846225037109375 0.708357236328125 0.835564287109375 0.698500611328125 0.837832638671875 0.687496263671875 0.84876242578125 0.682185251953125 0.847730068359375 0.663130654296875 0.840214533203125 0.6432931796875 0.8320016171875 0.62311290625 0.816099615234375 0.612100974609375 0.798713263671875 0.605070671875 0.77502078125 0.600513642578125 0.749632015625 0.59302469140625 0.750354291015625 0.593403419921875 0.767308421875 0.59719939453125 0.788737552734375 0.609394939453125 0.820512251953125 0.642105970703125 0.847561900390625 0.684152609375 0.862814076171875 0.704103205078125 0.86887005859375 0.714553662109375 0.86708972265625 0.717489376953125 0.85513675390625 0.716466328125 0.846225037109375
7 0.6677661328125 0.81715592578125 0.680360173828125 0.843730568359375 0.690344828125 0.849860388671875 0.699181728515625 0.83905355078125 0.701152328125 0.824190748046875 0.693952076171875 0.812989787109375 0.682185056640625 0.803623373046875 0.676123994140625 0.796999802734375 0.66700600390625 0.776169896484375 0.644021173828125 0.752643607421875 0.621495009765625 0.748810166015625 0.59943937890625 0.7630362734375 0.581641984375 0.788435736328125 0.5531713515625 0.834086458984375 0.520253212890625 0.88214011328125 0.51861044140625 0.892166427734375 0.527065015625 0.89435408984375 0.541551580078125 0.878112443359375 0.56147998046875 0.843324890625 0.573139982421875 0.8227221171875 0.59042766796875 0.799944873046875 0.599002220703125 0.78418776953125 0.6065461796875 0.77530758984375 0.616235408203125 0.76956853125 0.6292724375 0.76393407421875 0.64772603125 0.7729665078125 0.658974162109375 0.7844100390625 0.666241529296875 0.802157984375 0.6677661328125 0.81715592578125
7 0.63024955078125 0.76716978125 0.635212984375 0.785396162109375 0.636891244140625 0.793595744140625 0.6447285234375 0.792326173828125 0.647518220703125 0.777974421875 0.645204296875 0.758905705078125 0.639854927734375 0.740644865234375 0.634281115234375 0.718150455078125 0.6272190234375 0.71677772265625 0.617647740234375 0.725622267578125 0.615480978515625 0.74754305859375 0.628384177734375 0.756567201171875 0.63024955078125 0.76716978125
7 0.653839068359375 0.827593056640625 0.66156745703125 0.8174583515625 0.669434220703125 0.807351486328125 0.683573650390625 0.795204953125 0.70929271875 0.776001224609375 0.724830267578125 0.768781427734375 0.744278580078125 0.768372796875 0.760529279296875 0.780374638671875 0.772918771484375 0.79069588671875 0.796670693359375 0.81393078515625 0.820110712890625 0.833382021484375 0.827396916015625 0.83898731640625 0.832468990234375 0.835784228515625 0.83187451171875 0.824031720703125 0.78671732421875 0.783603091796875 0.758425888671875 0.759485802734375 0.73095322265625 0.75135267578125 0.702313423828125 0.766731609375 0.68132709765625 0.78313226171875 0.66670208203125 0.792391421875 0.65794284375 0.7930158125 0.645780734375 0.799029740234375 0.637426923828125 0.808344865234375 0.636436658203125 0.82421037109375 0.6424430546875 0.832359876953125 0.653839068359375 0.827593056640625
4 0.66973303125 0.699206763671875 0.6613749765625 0.684381251953125 0.657353693359375 0.690389150390625 0.66580475390625 0.70146066015625 0.703892349609375 0.747712146484375 0.7338217109375 0.790114958984375 0.751590779296875 0.825251005859375 0.7778592421875 0.874485431640625 0.7806092890625 0.87124790625 0.737191798828125 0.789638130859375 0.7001792421875 0.73567508984375 0.66973303125 0.699206763671875