5 0.309691146484375 0.690110185546875 0.320116146484375 0.673756482421875 0.321955728515625 0.657403703125 0.3182765625 0.650862037109375 0.302331771484375 0.650862037109375 0.289453646484375 0.6639444453125 0.279028646484375 0.6802981484375 0.275348958984375 0.6912 0.2900671875 0.6933805546875 0.309691146484375 0.690110185546875
5 0.4642296875 0.731537962890625 0.476494791015625 0.715185185546875 0.475268228515625 0.692290740234375 0.472202083984375 0.6770268515625 0.4642296875 0.6639444453125 0.447671875 0.666125 0.443379166015625 0.675937037109375 0.44521875 0.7053731484375 0.451964583984375 0.72717777734375 0.4642296875 0.731537962890625
5 0.447058853515625 0.525486111328125 0.459323958984375 0.523306482421875 0.467295833984375 0.512403703125 0.4691359375 0.49277962890625 0.463616666015625 0.482967591796875 0.456870833984375 0.478607408203125 0.4513515625 0.466614814453125 0.4335671875 0.474246296875 0.424981771484375 0.49605092578125 0.427434896484375 0.514584259765625 0.447058853515625 0.525486111328125
5 0.5077703125 0.530937962890625 0.513289583984375 0.5134944453125 0.504704166015625 0.4851481484375 0.497958333984375 0.472065740234375 0.4795609375 0.475336111328125 0.481400521484375 0.505862962890625 0.489372916015625 0.52984722265625 0.499184896484375 0.536388888671875 0.5077703125 0.530937962890625
5 0.496731771484375 0.436087962890625 0.502864583984375 0.458983333984375 0.516969271484375 0.464434259765625 0.529847396484375 0.45462222265625 0.539659375 0.441539814453125 0.537819791015625 0.4262768515625 0.527394271484375 0.411012962890625 0.508996875 0.419735185546875 0.496731771484375 0.436087962890625
5 0.458097396484375 0.301991666015625 0.463616666015625 0.287818517578125 0.467295833984375 0.278006482421875 0.464843228515625 0.260562962890625 0.4617765625 0.254021296875 0.447058853515625 0.251840740234375 0.431727603515625 0.266013888671875 0.430501041015625 0.2812768515625 0.437246875 0.2976305546875 0.445832291015625 0.301991666015625 0.458097396484375 0.301991666015625
5 0.672734375 0.228946296875 0.683159896484375 0.21150277734375 0.6856125 0.1896981484375 0.669668228515625 0.17552592578125 0.6457515625 0.174435185546875 0.639005728515625 0.1896981484375 0.639005728515625 0.208232408203125 0.646364583984375 0.219134259765625 0.672734375 0.228946296875
7 0.166900521484375 0.795609259765625 0.1644390625 0.77460277734375 0.167393228515625 0.752721296875 0.171823958984375 0.740467591796875 0.176255208984375 0.723837962890625 0.182655208984375 0.708958333984375 0.193486458984375 0.700206482421875 0.20185625 0.68970277734375 0.192994271484375 0.68795277734375 0.182655208984375 0.692328703125 0.168869791015625 0.707208333984375 0.151145833984375 0.75009537109375 0.155577083984375 0.814864814453125 0.161977603515625 0.863003703125 0.170346875 0.905016666015625 0.1861015625 0.94527777734375 0.189547916015625 0.962783333984375 0.194963541015625 0.976787037109375 0.199394791015625 0.990791666015625 0.204810416015625 0.99907407421875 0.211210416015625 0.99907407421875 0.219580208984375 0.996043517578125 0.222534375 0.985539814453125 0.221057291015625 0.972411111328125 0.21711875 0.958407408203125 0.211703125 0.9549055546875 0.205794791015625 0.94877962890625 0.197425521484375 0.93127407421875 0.185609375 0.889262037109375 0.177239583984375 0.86387962890625 0.171331771484375 0.8314944453125 0.166900521484375 0.795609259765625
7 0.533195833984375 0.792108333984375 0.575536458984375 0.804362037109375 0.623784896484375 0.800861111328125 0.6316625 0.785106482421875 0.597691666015625 0.786856482421875 0.5681515625 0.7842305546875 0.539596353515625 0.7693518515625 0.518918228515625 0.743968517578125 0.502671353515625 0.708958333984375 0.4943015625 0.67132222265625 0.48839375 0.652066666015625 0.484455208984375 0.625809259765625 0.479531771484375 0.6004268515625 0.476085416015625 0.58642222265625 0.468700521484375 0.574168517578125 0.455407291015625 0.5881731484375 0.4519609375 0.60305277734375 0.459346353515625 0.623183333984375 0.46673125 0.630185185546875 0.4726390625 0.648565740234375 0.4839625 0.69495462890625 0.4997171875 0.739592591796875 0.533195833984375 0.792108333984375
7 0.65775625 0.92427222265625 0.662679166015625 0.9540305546875 0.672526041015625 0.92602222265625 0.677941666015625 0.903265740234375 0.704035416015625 0.849 0.719297396484375 0.817490740234375 0.73800625 0.794734259765625 0.752776041015625 0.790357408203125 0.772469271484375 0.76672592578125 0.762622916015625 0.741343517578125 0.752776041015625 0.736966666015625 0.743421875 0.743968517578125 0.732590625 0.76147407421875 0.713881771484375 0.790357408203125 0.6951734375 0.813989814453125 0.670064583984375 0.85250092578125 0.662679166015625 0.885761111328125 0.65775625 0.92427222265625
7 0.8601046875 0.59692592578125 0.888659896484375 0.571543517578125 0.890136978515625 0.561039814453125 0.885213541015625 0.556663888671875 0.8763515625 0.562790740234375 0.8546890625 0.582046296875 0.8285953125 0.6021768515625 0.794624478515625 0.635437037109375 0.762130728515625 0.6616944453125 0.746376041015625 0.6739481484375 0.730621353515625 0.67132222265625 0.720282291015625 0.67569907421875 0.7114203125 0.6862018515625 0.717820833984375 0.706332408203125 0.7320984375 0.706332408203125 0.738991146484375 0.702831482421875 0.7439140625 0.6984555546875 0.7488375 0.692328703125 0.75966875 0.68095 0.7852703125 0.655567591796875 0.8123484375 0.631936111328125 0.834995833984375 0.615306482421875 0.8601046875 0.59692592578125
6 0.065384375 0.190836111328125 0.076374478515625 0.168210185546875 0.09661875 0.1486694453125 0.113970833984375 0.12912962890625 0.12206875 0.102389814453125 0.117441146484375 0.0921055546875 0.09661875 0.122958333984375 0.07116875 0.14352777734375 0.057865103515625 0.17335277734375 0.052659375 0.215518517578125 0.067119791015625 0.250486111328125 0.080422916015625 0.26282777734375 0.1064515625 0.266940740234375 0.12206875 0.26077037109375 0.134751041015625 0.25112407421875 0.134215103515625 0.2340305546875 0.111657291015625 0.244315740234375 0.08389375 0.245343517578125 0.0682765625 0.222717591796875 0.065384375 0.190836111328125
6 0.095461978515625 0.475715740234375 0.104138021484375 0.48497222265625 0.103559375 0.378012962890625 0.118019791015625 0.310136111328125 0.121490103515625 0.243287037109375 0.121490103515625 0.189807408203125 0.113392708984375 0.144556482421875 0.104716146484375 0.1496981484375 0.110500521484375 0.192893517578125 0.113280728515625 0.22914722265625 0.113970833984375 0.265912962890625 0.1064515625 0.311164814453125 0.098353646484375 0.35950092578125 0.097196875 0.430463888671875 0.095461978515625 0.475715740234375
7 0.725611978515625 0.3067018515625 0.7758296875 0.278437037109375 0.8491703125 0.243107408203125 0.8639828125 0.23925277734375 0.878433853515625 0.237968517578125 0.8889109375 0.228333333984375 0.89035625 0.212915740234375 0.887466146484375 0.201996296875 0.883130728515625 0.202637962890625 0.865066666015625 0.205207408203125 0.854950521484375 0.212915740234375 0.849778646484375 0.22114907421875 0.7545140625 0.270087037109375 0.7053796875 0.3067018515625 0.675032291015625 0.331753703125 0.683703125 0.34267407421875 0.725611978515625 0.3067018515625
5 0.827131771484375 0.092359259765625 0.823519271484375 0.0891481484375 0.815570833984375 0.0885055546875 0.805455208984375 0.0885055546875 0.797506771484375 0.091717591796875 0.796061458984375 0.10327962890625 0.799313021484375 0.109703703125 0.8038578125 0.11350462890625 0.815570833984375 0.119338888671875 0.825325521484375 0.119338888671875 0.8314671875 0.108418517578125 0.83110625 0.098783333984375 0.827131771484375 0.092359259765625
6 0.134685416015625 0.128009259765625 0.116666666015625 0.163182408203125 0.121940625 0.17647037109375 0.14215625 0.134262037109375 0.154901041015625 0.086582408203125 0.170722396484375 0.03890277734375 0.187861978515625 0.013890740234375 0.202296875 0.00214907421875 0.1953328125 0 0.183027603515625 0.001384259765625 0.168085416015625 0.0185805546875 0.153143228515625 0.057662037109375 0.134685416015625 0.128009259765625
7 0.2263546875 0.469137037109375 0.235253125 0.43195 0.234808333984375 0.3987194453125 0.218346353515625 0.3283018515625 0.207222916015625 0.282411111328125 0.200549478515625 0.279246296875 0.205888541015625 0.342543517578125 0.215231771484375 0.381312962890625 0.220126041015625 0.40504907421875 0.223240625 0.42324722265625 0.221905728515625 0.449356482421875 0.218791146484375 0.461225 0.210782291015625 0.477840740234375 0.198324478515625 0.477840740234375 0.177858333984375 0.468346296875 0.1658453125 0.453312962890625 0.150717708984375 0.433532408203125 0.134255728515625 0.4295768515625 0.12980625 0.444609259765625 0.132476041015625 0.452521296875 0.141819271484375 0.463906482421875 0.157836458984375 0.462807408203125 0.167180208984375 0.475466666015625 0.1765234375 0.483378703125 0.209447916015625 0.492082408203125 0.2263546875 0.469137037109375
8 0.161427603515625 0.45132037109375 0.158358853515625 0.450036111328125 0.157275521484375 0.453888888671875 0.156914583984375 0.46062962890625 0.158178125 0.4628768515625 0.161969271484375 0.4628768515625 0.165759896484375 0.46095092578125 0.164857291015625 0.4548518515625 0.161427603515625 0.45132037109375
7 0.202766146484375 0.534142591796875 0.196989583984375 0.5132768515625 0.1931984375 0.497867591796875 0.189588021484375 0.472828703125 0.177673958984375 0.437837962890625 0.167384375 0.41247777734375 0.1500546875 0.381660185546875 0.1408484375 0.36817777734375 0.131461458984375 0.355078703125 0.1292953125 0.363425 0.1439171875 0.3894268515625 0.159441666015625 0.416392591796875 0.169550521484375 0.440789814453125 0.1789375 0.457803703125 0.184353125 0.48059537109375 0.187241666015625 0.50435092578125 0.187511978515625 0.515557408203125 0.188324478515625 0.53157407421875 0.189046353515625 0.544414814453125 0.191934896484375 0.553082408203125 0.202585416015625 0.552761111328125 0.205654166015625 0.548267591796875 0.202766146484375 0.534142591796875
7 0.194958333984375 0.345266666015625 0.181961458984375 0.337883333984375 0.167339583984375 0.333389814453125 0.1397203125 0.31637592578125 0.1258203125 0.30257222265625 0.119502603515625 0.273359259765625 0.122209896484375 0.25409907421875 0.121488021484375 0.24960462890625 0.113003646484375 0.245110185546875 0.1142671875 0.279459259765625 0.119141146484375 0.307708333984375 0.133221875 0.3266481484375 0.1519953125 0.33659907421875 0.1727546875 0.345587962890625 0.1767265625 0.34687222265625 0.177358333984375 0.351487037109375 0.181600521484375 0.3626018515625 0.190986978515625 0.37319537109375 0.1982078125 0.37319537109375 0.2016375 0.363243517578125 0.200915625 0.35489722265625 0.194958333984375 0.345266666015625
7 0.0828125 0.44309537109375 0.1135 0.441811111328125 0.126136458984375 0.439243517578125 0.145993228515625 0.428007408203125 0.163683853515625 0.41292037109375 0.175778646484375 0.395906482421875 0.1916640625 0.355458333984375 0.199606771484375 0.320467591796875 0.201051041015625 0.29189722265625 0.1997875 0.268784259765625 0.19671875 0.266215740234375 0.194552603515625 0.270068517578125 0.196898958984375 0.289971296875 0.194191146484375 0.322393517578125 0.187151041015625 0.351285185546875 0.178847396484375 0.37247222265625 0.166752603515625 0.39430092578125 0.154116666015625 0.409710185546875 0.137869791015625 0.4241555546875 0.116749478515625 0.43089722265625 0.086603125 0.43025462890625 0.0777578125 0.42897037109375 0.065663021484375 0.422088888671875 0.0566375 0.42255092578125 0.054109896484375 0.433786111328125 0.056817708984375 0.445342591796875 0.064038541015625 0.4508 0.078840625 0.445984259765625 0.0828125 0.44309537109375
7 0.2812109375 0.001086111328125 0.274452083984375 0 0.268658853515625 0.016110185546875 0.263107291015625 0.038860185546875 0.260210416015625 0.051737962890625 0.260210416015625 0.064615740234375 0.271796875 0.03757222265625 0.275900521484375 0.023836111328125 0.269866146484375 0.07019537109375 0.267452083984375 0.114837962890625 0.266003646484375 0.126857408203125 0.259969271484375 0.152183333984375 0.259244791015625 0.17450462890625 0.2662453125 0.188240740234375 0.2727625 0.176221296875 0.275658853515625 0.14874907421875 0.275900521484375 0.137159259765625 0.2812109375 0.001086111328125
7 0.149988541015625 0.198337037109375 0.140166666015625 0.269657408203125 0.148624478515625 0.279361111328125 0.154899478515625 0.25607222265625 0.160628646484375 0.2061 0.158991666015625 0.1585518515625 0.152716666015625 0.115856482421875 0.143713541015625 0.07607222265625 0.132527083984375 0.030465740234375 0.128980728515625 0.00717777734375 0.124888021484375 0.000385185546875 0.111519271484375 0.003296296875 0.116703125 0.015910185546875 0.122705208984375 0.035317591796875 0.126252083984375 0.041625 0.1341640625 0.07122037109375 0.1448046875 0.117312037109375 0.148896875 0.157096296875 0.149988541015625 0.198337037109375
7 0.940989583984375 0.582892591796875 0.969840625 0.5645 0.9937921875 0.564015740234375 0.998146875 0.564015740234375 0.997058333984375 0.554335185546875 0.986170833984375 0.54949537109375 0.959497396484375 0.5567555546875 0.938811978515625 0.575632408203125 0.9170375 0.606125 0.903156771484375 0.63032592578125 0.8985296875 0.6279055546875 0.893902603515625 0.630810185546875 0.8832875 0.6424268515625 0.878388541015625 0.655011111328125 0.878388541015625 0.66759537109375 0.8873703125 0.67049907421875 0.9001625 0.6627555546875 0.903156771484375 0.653075 0.917309896484375 0.625486111328125 0.940989583984375 0.582892591796875
4 0.2743703125 0.004890740234375 0.261898958984375 0.052407408203125 0.262344791015625 0.052803703125 0.270584375 0.022709259765625 0.275929166015625 0.008058333984375 0.277042708984375 0.005287037109375 0.275929166015625 0.019937962890625 0.2734796875 0.0603268515625 0.271252603515625 0.073393517578125 0.267689583984375 0.1316018515625 0.2710296875 0.127809259765625 0.273702083984375 0.0894 0.275706771484375 0.056534259765625 0.278378646484375 0.02112592578125 0.279938021484375 0.00370277734375 0.277488021484375 0 0.2743703125 0.004890740234375
4 0.761994271484375 0.67054722265625 0.785573958984375 0.652540740234375 0.8085484375 0.632114814453125 0.825477603515625 0.617064814453125 0.84074375 0.605239814453125 0.857067708984375 0.590458333984375 0.869461978515625 0.579171296875 0.883065625 0.568689814453125 0.884728125 0.566539814453125 0.880949478515625 0.566808333984375 0.874086978515625 0.57057037109375 0.86018125 0.584546296875 0.83659375 0.60470277734375 0.827373958984375 0.611958333984375 0.811926041015625 0.625934259765625 0.797113021484375 0.638564814453125 0.776390103515625 0.655496296875 0.762484375 0.667590740234375 0.753113021484375 0.67242777734375 0.743590625 0.67995277734375 0.735428646484375 0.688284259765625 0.724847916015625 0.691778703125 0.716586978515625 0.69495 0.717405208984375 0.69957222265625 0.734031771484375 0.693659259765625 0.74053125 0.689359259765625 0.741740103515625 0.685865740234375 0.761994271484375 0.67054722265625
1 0.751944271484375 0.76992592578125 0.756544791015625 0.7710944453125 0.760882291015625 0.76992592578125 0.762722396484375 0.765017591796875 0.763773958984375 0.758941666015625 0.762196353515625 0.753332408203125 0.758253125 0.749593517578125 0.753915625 0.750060185546875 0.746817708984375 0.75707222265625 0.742217708984375 0.76244722265625 0.733936978515625 0.77389907421875 0.721186978515625 0.790959259765625 0.711460416015625 0.8068518515625 0.6925328125 0.840739814453125 0.682543228515625 0.858267591796875 0.667558853515625 0.89332407421875 0.664141666015625 0.908281482421875 0.663090103515625 0.923238888671875 0.663615625 0.924407408203125 0.665061458984375 0.921836111328125 0.665061458984375 0.91225462890625 0.6687421875 0.893791666015625 0.684028646484375 0.859641666015625 0.714411978515625 0.806387037109375 0.724006771484375 0.790728703125 0.734390625 0.77600462890625 0.747271875 0.75964537109375 0.7569984375 0.75427037109375 0.7591015625 0.756840740234375 0.760153125 0.759878703125 0.760416146484375 0.763618517578125 0.759364583984375 0.76525462890625 0.756209896484375 0.766188888671875 0.75358125 0.76502037109375 0.749900521484375 0.7643194453125 0.743197396484375 0.7659555546875 0.738816146484375 0.770825 0.736959896484375 0.77389907421875 0.7397203125 0.7806768515625 0.741691666015625 0.774366666015625 0.747606771484375 0.769691666015625 0.751944271484375 0.76992592578125