5 0.4993816953125 0.941202400390625 0.488632638671875 0.94388244140625 0.48700938671875 0.956227013671875 0.4872830390625 0.9680976796875 0.49907461328125 0.983067484375 0.513689181640625 0.97703607421875 0.527670814453125 0.971161521484375 0.52711721484375 0.958165904296875 0.519608541015625 0.946905337890625 0.507810109375 0.942683296875 0.4993816953125 0.941202400390625
5 0.444207787109375 0.7710906484375 0.442023859375 0.78118647265625 0.438359962890625 0.798815009765625 0.448743328125 0.81891205078125 0.4553395703125 0.829206318359375 0.46756173828125 0.829741326171875 0.474660328125 0.823195318359375 0.474882955078125 0.805230990234375 0.46927753515625 0.78274887890625 0.45650834375 0.758471515625 0.444207787109375 0.7710906484375
5 0.39737637890625 0.626359005859375 0.405674708984375 0.611156357421875 0.409403787109375 0.601869080078125 0.409410865234375 0.59112221484375 0.40422210546875 0.575699935546875 0.3943208046875 0.571004888671875 0.385044857421875 0.576899978515625 0.375905626953125 0.588729953125 0.373154896484375 0.6073255625 0.375957380859375 0.61856571875 0.38353803515625 0.627421705078125 0.39737637890625 0.626359005859375
5 0.23236284765625 0.86689183984375 0.21866071484375 0.873889546875 0.2147888515625 0.8879885546875 0.22137823828125 0.9090305859375 0.2343624765625 0.9260906171875 0.24686487109375 0.927749548828125 0.257476990234375 0.9191337265625 0.2559457734375 0.89683055078125 0.24661835546875 0.872888849609375 0.23236284765625 0.86689183984375
5 0.770275470703125 0.6647193515625 0.7665668984375 0.641765255859375 0.764820642578125 0.626679416015625 0.75956034765625 0.613663515625 0.75563016015625 0.608673498046875 0.749659048828125 0.608968466796875 0.743120912109375 0.617762328125 0.74311383203125 0.6285091953125 0.744716802734375 0.648406892578125 0.753483546875 0.67009984375 0.7621204296875 0.675110146484375 0.770275470703125 0.6647193515625
5 0.915244220703125 0.465003794921875 0.910387158203125 0.480542232421875 0.90834016796875 0.496573837890625 0.911071123046875 0.510220373046875 0.91633091015625 0.5232363984375 0.932620484375 0.53469618359375 0.943304359375 0.523674880859375 0.94001980859375 0.49703273046875 0.93217235546875 0.4655583125 0.915244220703125 0.465003794921875
5 0.64123499609375 0.22528205078125 0.628093537109375 0.2345285078125 0.626613572265625 0.24206122265625 0.631730072265625 0.25988910546875 0.63811834765625 0.26665384375 0.65181340234375 0.270403001953125 0.65989618359375 0.262417814453125 0.66516990625 0.253939208984375 0.667425365234375 0.241437009765625 0.66069269140625 0.225206833984375 0.64123499609375 0.22528205078125
5 0.60278463671875 0.1572616875 0.59687870703125 0.165897919921875 0.59567211328125 0.185302326171875 0.5964341796875 0.20182734765625 0.600990732421875 0.217407251953125 0.609978869140625 0.221135228515625 0.62199284765625 0.218139806640625 0.62981591015625 0.176789322265625 0.61802455859375 0.1618204140625 0.60278463671875 0.1572616875
5 0.51337141796875 0.146124853515625 0.52608913671875 0.14056542578125 0.539582576171875 0.130037416015625 0.53846801953125 0.114794072265625 0.52836510546875 0.09582185546875 0.51986516015625 0.096747337890625 0.51164544140625 0.098796744140625 0.504690140625 0.10053089453125 0.499553357421875 0.11494528125 0.50206876171875 0.13580927734375 0.51337141796875 0.146124853515625
5 0.311523291015625 0.096159177734375 0.2993076953125 0.084877431640625 0.290039109375 0.080024626953125 0.281043390625 0.08704364453125 0.2808930234375 0.1026023671875 0.28853863671875 0.119798716796875 0.29941777734375 0.133802220703125 0.310374798828125 0.1346517109375 0.321899576171875 0.1270030859375 0.32085705859375 0.10935323828125 0.311523291015625 0.096159177734375
5 0.625048013671875 0.052613484375 0.611697861328125 0.058329640625 0.6074017578125 0.0761158046875 0.60788359765625 0.09151690234375 0.621155138671875 0.098953990234375 0.629583328125 0.10043398828125 0.637803048828125 0.09838458203125 0.647919390625 0.095862294921875 0.64967980859375 0.089454404296875 0.64631664453125 0.07596549609375 0.63831882421875 0.06004980078125 0.625048013671875 0.052613484375
5 0.73202129296875 0.064148234375 0.72064002734375 0.06698590234375 0.717823888671875 0.0772393515625 0.719218388671875 0.09360764453125 0.73108149609375 0.106171072265625 0.74231925 0.10814436328125 0.754900255859375 0.096650052734375 0.756106568359375 0.077246669921875 0.74859766796875 0.065985203125 0.736167029296875 0.061920791015625 0.73202129296875 0.064148234375
7 0.7684833984375 0.388169666015625 0.7601267421875 0.384283291015625 0.7481850234375 0.384873107421875 0.737788453125 0.38627146875 0.73132184765625 0.392658951171875 0.732859634765625 0.404215388671875 0.73566234375 0.415456443359375 0.74808641015625 0.43026759765625 0.763821884765625 0.428731890625 0.77148772265625 0.413687892578125 0.78483765234375 0.40797083984375 0.7976988828125 0.397600455078125 0.812026146484375 0.401191986328125 0.83653544140625 0.410602365234375 0.866454384765625 0.417470171875 0.89671946484375 0.433803939453125 0.915466119140625 0.447038693359375 0.9426406796875 0.46175447265625 0.96251554296875 0.468738962890625 0.958168189453125 0.456689234375 0.93429795703125 0.43637346484375 0.89813425 0.417929962890625 0.86379569140625 0.401418033203125 0.83226641796875 0.38540041796875 0.809230513671875 0.379204064453125 0.7831695 0.379731880859375 0.7684833984375 0.388169666015625
7 0.521335302734375 0.215776423828125 0.531725298828125 0.225124802734375 0.55328808984375 0.228106107421875 0.5629162421875 0.22093036328125 0.560328576171875 0.202471970703125 0.551978998046875 0.18783873046875 0.527463130859375 0.189175091796875 0.519452103515625 0.19475480078125 0.50540506640625 0.1922871953125 0.4754070078125 0.1985727578125 0.459715705078125 0.24069122265625 0.4562539296875 0.272596802734375 0.460731140625 0.3013291796875 0.478897060546875 0.344558353515625 0.515320205078125 0.39636817578125 0.54031156640625 0.421180548828125 0.5414458984375 0.40418174609375 0.52010523046875 0.383236240234375 0.501085205078125 0.358129796875 0.48544227734375 0.325017625 0.47352719140625 0.28261753515625 0.472067732421875 0.257908876953125 0.477420064453125 0.236277029296875 0.488247732421875 0.220443744140625 0.509113134765625 0.215241416015625 0.521335302734375 0.215776423828125
7 0.381322224609375 0.354559052734375 0.385755267578125 0.342708669921875 0.387378521484375 0.33036409765625 0.404046935546875 0.297553318359375 0.430610078125 0.280184328125 0.45393328515625 0.2767577421875 0.481036091796875 0.293878998046875 0.5065161484375 0.323344701171875 0.5557289921875 0.36719051953125 0.523307568359375 0.317964337890625 0.491160017578125 0.28060971875 0.4611036328125 0.26780625390625 0.437363259765625 0.2641731328125 0.4086953046875 0.278484576171875 0.385990595703125 0.303249064453125 0.37221035546875 0.323399890625 0.359492634765625 0.32895931640625 0.350777646484375 0.337102130859375 0.35554194140625 0.356210669921875 0.36213840625 0.3665058359375 0.37225475 0.363983548828125 0.381322224609375 0.354559052734375
7 0.07703210546875 0.332783140625 0.083413021484375 0.350295767578125 0.09372440625 0.372797388671875 0.10986383984375 0.399816794921875 0.125729173828125 0.41496373828125 0.13205883984375 0.402640474609375 0.121401822265625 0.370672765625 0.108567953125 0.33805401171875 0.095101875 0.305592888671875 0.084359896484375 0.2975260625 0.071297048828125 0.29361927734375 0.0606849296875 0.302235099609375 0.05898284375 0.32773201953125 0.047177556640625 0.334257744140625 0.03420017578125 0.30644994921875 0.023385935546875 0.300788728515625 0.0257580546875 0.32646458203125 0.03382083203125 0.350720638671875 0.044836181640625 0.370659154296875 0.064645859375 0.369302384765625 0.07041535546875 0.354730244140625 0.06958810546875 0.329863958984375 0.07703210546875 0.332783140625
7 0.363317638671875 0.390090564453125 0.377005837890625 0.40458748828125 0.381633416015625 0.417761140625 0.37383086328125 0.426870255859375 0.35388424609375 0.422291244140625 0.31511287109375 0.417630595703125 0.290108306640625 0.414313626953125 0.270794626953125 0.409577759765625 0.257314615234375 0.398611267578125 0.24447366796875 0.376739380859375 0.232545376953125 0.355834693359375 0.254282927734375 0.41608217578125 0.2730298046875 0.42931783203125 0.31018478125 0.43557528515625 0.355487216796875 0.44218894140625 0.3915212890625 0.443950693359375 0.398763671875 0.432592703125 0.387474669921875 0.400783521484375 0.37568966796875 0.375066974609375 0.369445689453125 0.363490130859375 0.363265884765625 0.360254798828125 0.356239048828125 0.364395328125 0.354126876953125 0.372085671875 0.363317638671875 0.390090564453125
7 0.256278671875 0.370214681640625 0.26421158984375 0.37778808984375 0.279588224609375 0.388281701171875 0.291041248046875 0.3830385546875 0.293785630859375 0.375190583984375 0.293303787109375 0.35978948828125 0.28397001953125 0.34659542578125 0.2648643046875 0.345389091796875 0.255027681640625 0.3490354296875 0.22757289453125 0.3331957265625 0.186200423828125 0.331571193359375 0.17459675390625 0.3523740859375 0.167419330078125 0.372072439453125 0.169022806640625 0.39197001171875 0.1767333203125 0.41750864453125 0.187116462890625 0.4376047890625 0.202565134765625 0.4456918984375 0.218437265625 0.450092998046875 0.236773833984375 0.4455211796875 0.25174016015625 0.438207318359375 0.227022677734375 0.425266509765625 0.20622903125 0.428063359375 0.19492587109375 0.41774791015625 0.183350068359375 0.39556154296875 0.18167534375 0.37806932421875 0.188005009765625 0.36574605859375 0.2022024140625 0.35265494140625 0.21948303515625 0.35192778125 0.242374921875 0.362935220703125 0.256278671875 0.370214681640625
7 0.424787501953125 0.601615826171875 0.415302861328125 0.60398061328125 0.407500306640625 0.6130897265625 0.408262375 0.62961475 0.419630212890625 0.6482715859375 0.435365685546875 0.64673587890625 0.44913249609375 0.64807955859375 0.4539890546875 0.63254124609375 0.44943323046875 0.616962111328125 0.437921880859375 0.603116234375 0.424787501953125 0.601615826171875
7 0.298130517578125 0.50305422265625 0.30093300390625 0.514294380859375 0.306192791015625 0.52731040625 0.315807515625 0.54162916796875 0.3275988671875 0.55659807421875 0.33484096875 0.54524110546875 0.337311978515625 0.5255214453125 0.33191525390625 0.506569638671875 0.3194916953125 0.491758359375 0.304531716796875 0.48832458203125 0.298352416015625 0.485089123046875 0.27764395703125 0.46398598828125 0.239381783203125 0.431737298828125 0.216567498046875 0.407576869140625 0.194881701171875 0.377165150390625 0.17553655078125 0.310351248046875 0.16770303125 0.257382201171875 0.15975668359375 0.271303298828125 0.164651060546875 0.3070953828125 0.17158585546875 0.3376026015625 0.183787515625 0.37037898046875 0.196484671875 0.39706284765625 0.231018046875 0.4385977890625 0.281071794921875 0.485816283203125 0.298130517578125 0.50305422265625
6 0.460259259765625 0.456656291015625 0.471072369140625 0.458067466796875 0.482643849609375 0.45620153515625 0.489848365234375 0.4391178125 0.4795058515625 0.39073837109375 0.4635991953125 0.322343818359375 0.4563828984375 0.258915697265625 0.471147373046875 0.230774603515625 0.466657890625 0.219664009765625 0.452315921875 0.24260394921875 0.445818005859375 0.28091390625 0.45699544140625 0.3372384765625 0.4692525546875 0.3932948046875 0.477681197265625 0.43399812890625 0.46730588671875 0.4406616328125 0.452857796875 0.440187296875 0.450932826171875 0.45085887109375 0.460259259765625 0.456656291015625
6 0.404371654296875 0.06769895703125 0.386343251953125 0.015294529296875 0.37670276171875 0.015434638671875 0.386808111328125 0.048307126953125 0.409310462890625 0.106651009765625 0.43335015234375 0.153293923828125 0.455269837890625 0.18122061328125 0.47020779296875 0.193909640625 0.4731077578125 0.18639504296875 0.45052119140625 0.160898158203125 0.43026901953125 0.126894970703125 0.404371654296875 0.06769895703125
6 0.366557068359375 0.074296822265625 0.364124923828125 0.018726193359375 0.351236541015625 0.02178408203125 0.350932140625 0.03970676953125 0.35042524609375 0.11680567578125 0.3502625234375 0.172311392578125 0.351713435546875 0.198550923828125 0.36718770703125 0.203181955078125 0.369484189453125 0.140918564453125 0.366557068359375 0.074296822265625
6 0.313247388671875 0.051932048828125 0.312228478515625 0.032372544921875 0.305997515625 0.0330634375 0.3027901484375 0.063595373046875 0.308257513671875 0.109774029296875 0.328982828125 0.1928987265625 0.33995044921875 0.22412291015625 0.344545947265625 0.219580869140625 0.322820283203125 0.14010184375 0.314788912109375 0.095127392578125 0.313247388671875 0.051932048828125
7 0.499488947265625 0.24881037890625 0.51148246875 0.25072978515625 0.518462544921875 0.24577737890625 0.519366568359375 0.235364173828125 0.50922270703125 0.22148080078125 0.497079681640625 0.2097925703125 0.48646657421875 0.201685025390625 0.47737688671875 0.207347591796875 0.47910144921875 0.21936894921875 0.48618171875 0.236280650390625 0.499488947265625 0.24881037890625
7 0.249001546875 0.7215655 0.25947661328125 0.731601693359375 0.27495719140625 0.737005068359375 0.27545623046875 0.7259256015625 0.283268283203125 0.719466041015625 0.298000173828125 0.742215802734375 0.3083035 0.7544696015625 0.319497763671875 0.79936733984375 0.32349500390625 0.835748591796875 0.329690890625 0.872226744140625 0.341042853515625 0.906129171875 0.34498909375 0.89870106640625 0.337663859375 0.848971958984375 0.32784034765625 0.792131369140625 0.310891029296875 0.73577917578125 0.281494685546875 0.7050865 0.260879267578125 0.697982236328125 0.248142609375 0.69922448828125 0.22824142578125 0.7022530546875 0.228459841796875 0.7176654375 0.2391812734375 0.727236544921875 0.249001546875 0.7215655
7 0.18890940625 0.46888252734375 0.208892396484375 0.486165279296875 0.223244689453125 0.4963417265625 0.244057244140625 0.5314600625 0.260937572265625 0.562413380859375 0.285309609375 0.636951728515625 0.3165259609375 0.738943283203125 0.32896896484375 0.76757234375 0.332507021484375 0.754683556640625 0.314581373046875 0.6982627421875 0.2852843671875 0.59236298828125 0.262364220703125 0.53718744140625 0.23974022265625 0.494801642578125 0.217260982421875 0.46267157421875 0.205520921875 0.440728466796875 0.194675359375 0.4417167890625 0.18890940625 0.46888252734375
4 0.383091673828125 0.4020356875 0.391765765625 0.428280712890625 0.389422455078125 0.434546701171875 0.372005802734375 0.434469927734375 0.335060833984375 0.427267865234375 0.311779111328125 0.423603412109375 0.289132650390625 0.421873287109375 0.277432431640625 0.420109775390625 0.2679508828125 0.415989513671875 0.25928645703125 0.4078331640625 0.243578107421875 0.3787385703125 0.24217370703125 0.3790887265625 0.250554943359375 0.39674675 0.261242970703125 0.412356232421875 0.27243844140625 0.42135491796875 0.28226746875 0.424210017578125 0.30669442578125 0.428435373046875 0.3297878203125 0.43063616796875 0.37475828515625 0.439466345703125 0.388611099609375 0.439843853515625 0.391682853515625 0.435541447265625 0.3952915625 0.431399078125 0.393891580078125 0.4237904609375 0.38923534375 0.411098224609375 0.384837521484375 0.400109826171875 0.383091673828125 0.4020356875
4 0.08338466015625 0.31303375 0.09024865625 0.317807595703125 0.094651572265625 0.3257162421875 0.104089875 0.348942267578125 0.10959441015625 0.36544403515625 0.10999519921875 0.365313833984375 0.1116282890625 0.36779912109375 0.110864650390625 0.364736341796875 0.097558013671875 0.325181486328125 0.08881422265625 0.31042895703125 0.07834716796875 0.30583298046875 0.067455763671875 0.302783755859375 0.064633830078125 0.308531625 0.063335927734375 0.317141171875 0.062923283203125 0.334177609375 0.061580134765625 0.347482001953125 0.058675466796875 0.34964716796875 0.053123296875 0.348509337890625 0.0450559921875 0.336470044921875 0.0300049140625 0.30779844921875 0.03040105859375 0.315075248046875 0.042340576171875 0.336957173828125 0.051741615234375 0.351906546875 0.0602809609375 0.354461015625 0.06509337109375 0.351820197265625 0.06494952734375 0.343929876953125 0.065635935546875 0.330428513671875 0.0660268984375 0.31411891015625 0.069336958984375 0.307889578125 0.075461197265625 0.308884775390625 0.08338466015625 0.31303375
4 0.112217845703125 0.370163708984375 0.12233429296875 0.392860892578125 0.124855755859375 0.394032931640625 0.122403384765625 0.3841970078125 0.1116282890625 0.36779912109375 0.112217845703125 0.370163708984375
4 0.245483740234375 0.701111748046875 0.232591265625 0.703894875 0.23083696484375 0.7095091953125 0.231493853515625 0.7140900546875 0.23659226953125 0.71799580078125 0.242583138671875 0.71477678515625 0.247939861328125 0.709989603515625 0.244946880859375 0.70771651953125 0.240503630859375 0.712274994140625 0.236392001953125 0.713300138671875 0.23347434375 0.712302267578125 0.23525233984375 0.709702310546875 0.24063326171875 0.707929365234375 0.2516230234375 0.7043266484375 0.269538365234375 0.70417316015625 0.287599890625 0.714337076171875 0.29566262109375 0.72526864453125 0.303876275390625 0.738749619140625 0.312848517578125 0.75721933203125 0.31796275390625 0.775787341796875 0.322946361328125 0.802585111328125 0.327899875 0.84775344140625 0.3373171328125 0.885523998046875 0.33825653125 0.8844261640625 0.33365272265625 0.860122638671875 0.3303394453125 0.84196826171875 0.326979005859375 0.817786060546875 0.325897611328125 0.8008005390625 0.322558408203125 0.7835152890625 0.315974109375 0.760999546875 0.310501818359375 0.74683412109375 0.302744787109375 0.733238345703125 0.299273720703125 0.72418221484375 0.28940901953125 0.712837263671875 0.28180090625 0.705675275390625 0.272414294921875 0.701113375 0.26026117578125 0.698103900390625 0.245483740234375 0.701111748046875
1 0.441553755859375 0.620309427734375 0.436418427734375 0.621685234375 0.4291347578125 0.617191611328125 0.423551251953125 0.611277830078125 0.41718494140625 0.60821591796875 0.41436969921875 0.611906615234375 0.413584501953125 0.617747861328125 0.417018197265625 0.62552599609375 0.420569263671875 0.632278609375 0.43051088671875 0.63544535546875 0.439203376953125 0.63659894140625 0.443033388671875 0.633983578125 0.440849330078125 0.628218478515625 0.43522212109375 0.6296215 0.42690132421875 0.627711068359375 0.421178595703125 0.6264812109375 0.41838658984375 0.623524384765625 0.41704143359375 0.61887846875 0.418216396484375 0.61460048046875 0.4197007734375 0.614562470703125 0.4263014453125 0.618562208984375 0.4332714140625 0.62479448046875 0.441650201171875 0.627686712890625 0.44264740625 0.626441822265625 0.441553755859375 0.620309427734375
1 0.512252341796875 0.233345671875 0.504860212890625 0.236649728515625 0.49913234765625 0.23564254296875 0.489688421875 0.2219291484375 0.482301724609375 0.21646686328125 0.484415138671875 0.227139263671875 0.48994100390625 0.230630205078125 0.495807208984375 0.239880251953125 0.503279119140625 0.246782283203125 0.513477583984375 0.24375188671875 0.512252341796875 0.233345671875