5 0.343483333984375 0.17507037109375 0.35356875 0.167687962890625 0.357721353515625 0.155032408203125 0.352382291015625 0.140267591796875 0.339923958984375 0.1318305546875 0.332805208984375 0.128666666015625 0.3191609375 0.13077592578125 0.313228646484375 0.1423768515625 0.317974478515625 0.16452407421875 0.328652603515625 0.171906482421875 0.343483333984375 0.17507037109375
5 0.896972396484375 0.3290481484375 0.898752083984375 0.305846296875 0.89400625 0.286862037109375 0.880955208984375 0.292136111328125 0.880361978515625 0.291081482421875 0.8744296875 0.309010185546875 0.872056771484375 0.325884259765625 0.8744296875 0.349086111328125 0.883921353515625 0.356468517578125 0.893413021484375 0.348031482421875 0.896972396484375 0.3290481484375
5 0.995449478515625 0.263660185546875 0.988923958984375 0.246786111328125 0.977652603515625 0.242567591796875 0.972313541015625 0.246786111328125 0.9717203125 0.264714814453125 0.971127083984375 0.299518517578125 0.9788390625 0.313228703125 0.990703646484375 0.3079555546875 0.99485625 0.287916666015625 0.995449478515625 0.263660185546875
5 0.725527603515625 0.760396296875 0.7225609375 0.739303703125 0.711289583984375 0.723484259765625 0.70654375 0.71504722265625 0.699425 0.717156482421875 0.689933333984375 0.7371944453125 0.691119791015625 0.76672407421875 0.7047640625 0.780434259765625 0.72078125 0.780434259765625 0.725527603515625 0.760396296875
5 0.520267708984375 0.626457408203125 0.530352603515625 0.627512037109375 0.537471875 0.611691666015625 0.543404166015625 0.600090740234375 0.546963541015625 0.582162037109375 0.545183853515625 0.57267037109375 0.530352603515625 0.570561111328125 0.521454166015625 0.58532592578125 0.513148958984375 0.599036111328125 0.516115103515625 0.6180194453125 0.520267708984375 0.626457408203125
5 0.401620833984375 0.623293517578125 0.4022140625 0.605363888671875 0.3986546875 0.592708333984375 0.387976041015625 0.588489814453125 0.370772396484375 0.58532592578125 0.370772396484375 0.609582408203125 0.376111458984375 0.621183333984375 0.386196353515625 0.627512037109375 0.401620833984375 0.623293517578125
7 0.72968125 0.380246296875 0.717377603515625 0.3844518515625 0.708386978515625 0.392864814453125 0.697030208984375 0.404642591796875 0.693244271484375 0.419785185546875 0.698449478515625 0.430721296875 0.7069671875 0.43745092578125 0.71974375 0.432403703125 0.72636875 0.423990740234375 0.731573958984375 0.414737037109375 0.7358328125 0.406325 0.869749478515625 0.27929537109375 0.898141666015625 0.24312222265625 0.813438541015625 0.31294537109375 0.764225 0.355008333984375 0.72968125 0.380246296875
7 0.535368228515625 0.32200462890625 0.5559765625 0.2670481484375 0.586431771484375 0.21860462890625 0.586202603515625 0.2137194453125 0.5841421875 0.211684259765625 0.55551875 0.24832222265625 0.537886978515625 0.289437962890625 0.526895833984375 0.325261111328125 0.5193390625 0.370040740234375 0.518194271484375 0.4180768515625 0.521629166015625 0.45675 0.525292708984375 0.48972407421875 0.523689583984375 0.525139814453125 0.528727603515625 0.5446805546875 0.539489583984375 0.549564814453125 0.5489171875 0.546813888671875 0.54844375 0.536718517578125 0.547970833984375 0.516528703125 0.54513125 0.49297407421875 0.541819271484375 0.48372037109375 0.534909896484375 0.47669722265625 0.530330208984375 0.44982962890625 0.524147916015625 0.40505 0.5264375 0.3659694453125 0.535368228515625 0.32200462890625
7 0.517965103515625 0.349686111328125 0.524834896484375 0.3187481484375 0.532391146484375 0.29432222265625 0.539947916015625 0.280481482421875 0.551396875 0.266640740234375 0.581394271484375 0.27152592578125 0.59788125 0.28455277734375 0.6074984375 0.2898444453125 0.6033765625 0.275189814453125 0.589408853515625 0.260941666015625 0.562846353515625 0.253207408203125 0.5401765625 0.2617555546875 0.527811458984375 0.279667591796875 0.5168203125 0.310606482421875 0.512011458984375 0.34887222265625 0.509263541015625 0.430288888671875 0.5060578125 0.4665194453125 0.505829166015625 0.499087037109375 0.511324478515625 0.506007408203125 0.5209421875 0.50275 0.522773958984375 0.48972407421875 0.5234609375 0.47140462890625 0.520483853515625 0.44982962890625 0.5177359375 0.405457408203125 0.5177359375 0.365562962890625 0.517965103515625 0.349686111328125
5 0.08975625 0.8244268515625 0.1005890625 0.807003703125 0.095430208984375 0.7849944453125 0.0938828125 0.771237962890625 0.077376041015625 0.765736111328125 0.062416666015625 0.768487037109375 0.0557109375 0.78774537109375 0.061901041015625 0.80975462890625 0.075828646484375 0.830846296875 0.08975625 0.8244268515625
7 0.1537203125 0.79875 0.142371875 0.835431482421875 0.177965103515625 0.800584259765625 0.219232291015625 0.748312037109375 0.2625625 0.70612777734375 0.294028646484375 0.685036111328125 0.313630728515625 0.66577777734375 0.3146625 0.64560277734375 0.308472396484375 0.6401 0.301766666015625 0.6401 0.29248125 0.6465194453125 0.274942708984375 0.655689814453125 0.270816146484375 0.674031482421875 0.249151041015625 0.69145462890625 0.1985984375 0.744643517578125 0.1537203125 0.79875
7 0.746936458984375 0.78774537109375 0.748483853515625 0.773989814453125 0.7567375 0.7721555546875 0.763443228515625 0.776740740234375 0.770665103515625 0.768487037109375 0.7603484375 0.74647777734375 0.743841666015625 0.749228703125 0.735072396484375 0.7584 0.729397916015625 0.776740740234375 0.719596875 0.78957962890625 0.702058333984375 0.78957962890625 0.672655728515625 0.762067591796875 0.653569271484375 0.74739537109375 0.6329359375 0.740058333984375 0.616429166015625 0.741892591796875 0.609207291015625 0.762985185546875 0.615913021484375 0.78132592578125 0.626745833984375 0.785911111328125 0.645831771484375 0.7840768515625 0.654085416015625 0.779491666015625 0.680908853515625 0.79875 0.6999953125 0.80792037109375 0.72681875 0.807003703125 0.740230728515625 0.80150092578125 0.746936458984375 0.78774537109375
7 0.564491666015625 0.280783333984375 0.5557171875 0.3047018515625 0.556886978515625 0.317181482421875 0.562152083984375 0.310941666015625 0.583210416015625 0.265184259765625 0.593740103515625 0.2298268515625 0.611873958984375 0.193428703125 0.625913021484375 0.169510185546875 0.642877083984375 0.145591666015625 0.660426041015625 0.125832408203125 0.676805208984375 0.109193517578125 0.686749478515625 0.102953703125 0.693769271484375 0.102953703125 0.70254375 0.0987944453125 0.710147916015625 0.09567407421875 0.7183375 0.084235185546875 0.717752603515625 0.06967592578125 0.715413021484375 0.060316666015625 0.709563021484375 0.053037037109375 0.700788541015625 0.053037037109375 0.690844271484375 0.053037037109375 0.683239583984375 0.061356482421875 0.681484896484375 0.07279537109375 0.649896875 0.103993517578125 0.622403125 0.138312037109375 0.601344271484375 0.18094907421875 0.5802859375 0.23502592578125 0.564491666015625 0.280783333984375
6 0.8845234375 0.241012962890625 0.870433853515625 0.253218517578125 0.857427603515625 0.259641666015625 0.842977083984375 0.263496296875 0.81588125 0.272488888671875 0.799263021484375 0.289833333984375 0.7768640625 0.31745462890625 0.752658853515625 0.36434722265625 0.735317708984375 0.403531482421875 0.741459375 0.411239814453125 0.754465103515625 0.391968517578125 0.768916146484375 0.36177777734375 0.782644271484375 0.333513888671875 0.794511458984375 0.31867962890625 0.803236978515625 0.303964814453125 0.821661978515625 0.289190740234375 0.842977083984375 0.278912962890625 0.870433853515625 0.2692768515625 0.887413541015625 0.251933333984375 0.8845234375 0.241012962890625
7 0.366738541015625 0.87472777734375 0.370640103515625 0.84382592578125 0.369576041015625 0.797788888671875 0.366738541015625 0.77382407421875 0.357871353515625 0.753642591796875 0.347940103515625 0.734092591796875 0.332688541015625 0.72147962890625 0.320275 0.715803703125 0.3199203125 0.72400277734375 0.329496353515625 0.728416666015625 0.340846353515625 0.739137962890625 0.353969791015625 0.75994907421875 0.360354166015625 0.788959259765625 0.363191666015625 0.83499722265625 0.356452603515625 0.879142591796875 0.351486978515625 0.903737962890625 0.350068228515625 0.928333333984375 0.352730208984375 0.94270277734375 0.363546353515625 0.94472962890625 0.368866666015625 0.936531482421875 0.368511978515625 0.909413888671875 0.365319791015625 0.8904944453125 0.366738541015625 0.87472777734375
6 0.325240103515625 0.61742222265625 0.313890625 0.65147777734375 0.312471875 0.688686111328125 0.31885625 0.7183268515625 0.331269791015625 0.72967777734375 0.332333853515625 0.72147962890625 0.323466666015625 0.7044518515625 0.3185015625 0.683010185546875 0.3228078125 0.654737962890625 0.328786978515625 0.63697222265625 0.340136978515625 0.622467591796875 0.365674478515625 0.588412962890625 0.362482291015625 0.577691666015625 0.344393228515625 0.590935185546875 0.325240103515625 0.61742222265625
6 0.6431359375 0.6763768515625 0.639228125 0.67985092578125 0.640009896484375 0.685409259765625 0.672052603515625 0.685409259765625 0.7052671875 0.66595462890625 0.737309896484375 0.618710185546875 0.759583333984375 0.571464814453125 0.787718228515625 0.501987037109375 0.787718228515625 0.49364907421875 0.780684375 0.488090740234375 0.776270833984375 0.49314907421875 0.757238541015625 0.555485185546875 0.730666666015625 0.61037222265625 0.700578125 0.654143517578125 0.671661458984375 0.67359722265625 0.6431359375 0.6763768515625
7 0.859532291015625 0.570963888671875 0.909969791015625 0.502665740234375 0.9243328125 0.450996296875 0.932349478515625 0.429615740234375 0.9276734375 0.41357962890625 0.9022875 0.4925694453125 0.8889265625 0.5133555546875 0.838822396484375 0.568588888671875 0.811432291015625 0.613725 0.794063021484375 0.627385185546875 0.786380728515625 0.64045092578125 0.780033853515625 0.65707962890625 0.785044271484375 0.66777037109375 0.794396875 0.66480092578125 0.814772916015625 0.634512037109375 0.8408265625 0.589968517578125 0.859532291015625 0.570963888671875
7 0.3745921875 0.7402481484375 0.369702083984375 0.7455 0.37611875 0.78689722265625 0.381149478515625 0.8168268515625 0.383967708984375 0.847862037109375 0.385336978515625 0.869962037109375 0.392841146484375 0.87495092578125 0.3978796875 0.873778703125 0.398033333984375 0.872811111328125 0.403827603515625 0.857485185546875 0.401370833984375 0.8394944453125 0.391653646484375 0.811885185546875 0.384082291015625 0.784415740234375 0.378763541015625 0.755884259765625 0.3745921875 0.7402481484375
2 0.436354166015625 0.64852592578125 0.424600521484375 0.65692222265625 0.418834375 0.674058333984375 0.422107291015625 0.68952222265625 0.431888021484375 0.700340740234375 0.441703125 0.697312962890625 0.44649375 0.686840740234375 0.450620833984375 0.673083333984375 0.448477083984375 0.655187962890625 0.436354166015625 0.64852592578125
7 0.294186978515625 0.814061111328125 0.331458333984375 0.79375 0.349492708984375 0.764886111328125 0.3573078125 0.744575 0.360914583984375 0.72800462890625 0.353701041015625 0.725866666015625 0.344383333984375 0.7499194453125 0.332961458984375 0.771835185546875 0.318834375 0.78680092578125 0.295990625 0.798560185546875 0.274950521484375 0.802837037109375 0.254811978515625 0.806578703125 0.2494015625 0.806578703125 0.240684896484375 0.79375 0.2314421875 0.789642591796875 0.221447916015625 0.798560185546875 0.218743228515625 0.807112962890625 0.219344271484375 0.819406482421875 0.229263021484375 0.8231481484375 0.250002603515625 0.821010185546875 0.294186978515625 0.814061111328125
7 0.3344640625 0.742437037109375 0.342880208984375 0.7499194453125 0.348591146484375 0.76007592578125 0.3540015625 0.77717962890625 0.366625521484375 0.802837037109375 0.374140103515625 0.825286111328125 0.387064583984375 0.863237037109375 0.3981859375 0.8819444453125 0.406902603515625 0.881410185546875 0.407203125 0.87125462890625 0.384058853515625 0.81780277734375 0.364821875 0.767558333984375 0.352197916015625 0.73922962890625 0.333261978515625 0.721056482421875 0.310418228515625 0.720521296875 0.283366666015625 0.73922962890625 0.270441666015625 0.757937037109375 0.263228125 0.763282408203125 0.249890103515625 0.770231482421875 0.240684896484375 0.77985277734375 0.239783333984375 0.794818517578125 0.246395833984375 0.807112962890625 0.257366666015625 0.80300092578125 0.2748 0.779317591796875 0.279158333984375 0.764886111328125 0.289678646484375 0.74885092578125 0.302903646484375 0.739763888671875 0.322741666015625 0.734418517578125 0.3344640625 0.742437037109375
7 0.3265609375 0.68852037109375 0.316797396484375 0.709537962890625 0.308061978515625 0.726442591796875 0.302152083984375 0.7447194453125 0.302152083984375 0.759339814453125 0.309603125 0.762081482421875 0.312815103515625 0.75435277734375 0.321165103515625 0.737408333984375 0.325019271484375 0.727356482421875 0.339407291015625 0.720960185546875 0.341463021484375 0.699028703125 0.333755208984375 0.68852037109375 0.3265609375 0.68852037109375
7 0.289048958984375 0.75749537109375 0.280569791015625 0.755211111328125 0.267980208984375 0.743331482421875 0.250508853515625 0.72322777734375 0.2253296875 0.702666666015625 0.196809896484375 0.705408333984375 0.164436458984375 0.723684259765625 0.112394791015625 0.754753703125 0.10956875 0.7661768515625 0.113936458984375 0.770288888671875 0.122158333984375 0.7661768515625 0.148879166015625 0.7515555546875 0.176628125 0.73327962890625 0.190759375 0.725512037109375 0.2090015625 0.716831482421875 0.228014583984375 0.720943517578125 0.2418890625 0.73099537109375 0.263471353515625 0.754753703125 0.275033333984375 0.769375 0.280827083984375 0.78079722265625 0.2864796875 0.79222037109375 0.296756771484375 0.79907407421875 0.3042078125 0.79222037109375 0.306263021484375 0.776457408203125 0.299840103515625 0.7657194453125 0.289048958984375 0.75749537109375
4 0.190970833984375 0.7712694453125 0.215117708984375 0.7401694453125 0.252588021484375 0.704256482421875 0.298801041015625 0.66612222265625 0.309209375 0.656866666015625 0.306408333984375 0.6502018515625 0.295375 0.663160185546875 0.2585296875 0.69314907421875 0.211900521484375 0.739058333984375 0.153708853515625 0.810884259765625 0.155790625 0.814587037109375 0.190970833984375 0.7712694453125