5 0.306033869140625 0.896279044921875 0.295197828125 0.8939757734375 0.288327353515625 0.9043594140625 0.2833695546875 0.915148658203125 0.287405421875 0.933772517578125 0.303184904296875 0.934758126953125 0.31832674609375 0.935607255859375 0.323526078125 0.92368419140625 0.321713634765625 0.91027167578125 0.312960095703125 0.90130483984375 0.306033869140625 0.896279044921875
5 0.33101597265625 0.71919696484375 0.324627353515625 0.72731366015625 0.313606421875 0.7415519375 0.314128966796875 0.764166806640625 0.315544919921875 0.7763108359375 0.326295599609375 0.78214954296875 0.3355453515625 0.779377845703125 0.343620490234375 0.763329208984375 0.348437880859375 0.740665166015625 0.34760350390625 0.713247171875 0.33101597265625 0.71919696484375
5 0.352370357421875 0.56858348828125 0.36649325 0.558557185546875 0.37391619921875 0.551844556640625 0.37863367578125 0.54218844140625 0.38073073046875 0.52605238671875 0.373889673828125 0.517492060546875 0.362968271484375 0.518724224609375 0.349568064453125 0.525350560546875 0.3389439453125 0.540858341796875 0.336535443359375 0.55218945703125 0.339466681640625 0.5634723046875 0.352370357421875 0.56858348828125
5 0.098614525390625 0.712435796875 0.08323153515625 0.712718673828125 0.073570931640625 0.72369346484375 0.070269212890625 0.745494515625 0.0744607421875 0.7665198828125 0.084970591796875 0.773491611328125 0.098285630859375 0.77039980859375 0.106686451171875 0.74968260546875 0.108798375 0.724075076171875 0.098614525390625 0.712435796875
5 0.6707137734375 0.766529740234375 0.677442943359375 0.744273005859375 0.682486615234375 0.72994843359375 0.683464490234375 0.715943859375 0.682119541015625 0.709735978515625 0.676623435546875 0.707383533203125 0.666892021484375 0.712421271484375 0.66217454296875 0.722077388671875 0.654892705078125 0.740664015625 0.653262638671875 0.764004599609375 0.658829044921875 0.77229398828125 0.6707137734375 0.766529740234375
5 0.888560359375 0.650576703125 0.8773832578125 0.662413365234375 0.868515642578125 0.6759251328125 0.8649879609375 0.689387728515625 0.864009576171875 0.703392193359375 0.87362691015625 0.720833060546875 0.888060935546875 0.715610681640625 0.89678794921875 0.6902250234375 0.903532181640625 0.658495908203125 0.888560359375 0.650576703125
5 0.747369595703125 0.314998490234375 0.731504751953125 0.317548314453125 0.726872443359375 0.323669900390625 0.723655892578125 0.341936419921875 0.726432171875 0.350816962890625 0.737097681640625 0.360190201171875 0.747862912109375 0.356556419921875 0.7563196796875 0.35124774609375 0.7638274765625 0.340999572265625 0.76489103125 0.323460578125 0.747369595703125 0.314998490234375
5 0.742628806640625 0.2370066640625 0.733534716796875 0.242179869140625 0.72394390625 0.259091498046875 0.71738475390625 0.27427815625 0.714650376953125 0.290278744140625 0.721094623046875 0.29756956640625 0.733205822265625 0.300143880859375 0.758364001953125 0.266407716796875 0.754327943359375 0.24778476171875 0.742628806640625 0.2370066640625
5 0.667146802734375 0.18780076953125 0.6810145078125 0.1883790703125 0.697757505859375 0.18483169140625 0.7034379921875 0.1706424765625 0.70267442578125 0.14916153515625 0.69462901953125 0.146267220703125 0.68634278515625 0.144505927734375 0.67933119921875 0.143015568359375 0.6683954375 0.15371931640625 0.661510095703125 0.17357443359375 0.667146802734375 0.18780076953125
5 0.507630419921875 0.0544075234375 0.501596708984375 0.03891258984375 0.49539348828125 0.03048783984375 0.48423125390625 0.032853025390625 0.477275609375 0.046771197265625 0.47660905859375 0.0655787890625 0.48024843359375 0.082934158203125 0.489724146484375 0.088500916015625 0.503435484375 0.0866785078125 0.51023566015625 0.070357919921875 0.507630419921875 0.0544075234375
5 0.80851375 0.15270910546875 0.7940089140625 0.1519944296875 0.78235066015625 0.1660972421875 0.77603233984375 0.180150880859375 0.784700517578125 0.19265315234375 0.79162693359375 0.197678041015625 0.799913169921875 0.199439333984375 0.810111376953125 0.201607029296875 0.8145026640625 0.19661937109375 0.817393021484375 0.18302130859375 0.817181609375 0.16521036328125 0.80851375 0.15270910546875
5 0.899604193359375 0.20997046875 0.888130828125 0.207531728515625 0.881104884765625 0.215512955078125 0.875182865234375 0.23083598828125 0.880337912109375 0.247328365234375 0.8895733046875 0.25402825390625 0.905919810546875 0.24921238671875 0.915509921875 0.2323015546875 0.91369766796875 0.218888130859375 0.9043068046875 0.209785828125 0.899604193359375 0.20997046875
7 0.790334470703125 0.5171829375 0.784527232421875 0.510026568359375 0.773535529296875 0.505321787109375 0.76357815234375 0.5020210703125 0.75496591796875 0.504927328125 0.751282064453125 0.515988306640625 0.748873369140625 0.527320326171875 0.75354726171875 0.54607885546875 0.768363421875 0.551596548828125 0.781848287109375 0.541435576171875 0.796353314453125 0.542149345703125 0.812458990234375 0.5384665 0.823761826171875 0.547975205078125 0.841665396484375 0.567177365234375 0.86554571484375 0.5864657109375 0.885587537109375 0.6144137421875 0.89663518359375 0.634527052734375 0.914608544921875 0.659666048828125 0.92941015234375 0.674656234375 0.93078503125 0.661920255859375 0.918236455078125 0.633196541015625 0.893817830078125 0.600766505859375 0.870192890625 0.570872650390625 0.848876228515625 0.542654587890625 0.830887998046875 0.52698706640625 0.8072331328125 0.516037068359375 0.790334470703125 0.5171829375
7 0.64377145703125 0.253894322265625 0.649011865234375 0.266851263671875 0.667085455078125 0.278983349609375 0.6788848203125 0.276754537109375 0.68465066796875 0.25902988671875 0.683560908203125 0.24221740234375 0.660940369140625 0.232671466796875 0.651294123046875 0.234174673828125 0.63975045703125 0.225798990234375 0.610032970703125 0.218298130859375 0.577466201171875 0.249275341796875 0.56036829296875 0.276434345703125 0.551796939453125 0.304221513671875 0.5491739375 0.351039052734375 0.559198912109375 0.41357226953125 0.57078396875 0.446828974609375 0.57925528515625 0.432047810546875 0.56925632421875 0.40386698046875 0.5631671796875 0.37296362890625 0.563622830078125 0.336345197265625 0.57150059765625 0.29301301953125 0.581020408203125 0.270165240234375 0.595313830078125 0.25306897265625 0.61198652734375 0.243584646484375 0.63302077734375 0.248055615234375 0.64377145703125 0.253894322265625
7 0.45709023828125 0.31725362890625 0.46626949609375 0.30854589453125 0.473139970703125 0.298162255859375 0.5025047421875 0.27597907421875 0.533993599609375 0.272012443359375 0.556458474609375 0.279156869140625 0.5733128515625 0.30642644140625 0.583297259765625 0.344079759765625 0.608308732421875 0.405061611328125 0.60074788671875 0.346604794921875 0.588229046875 0.29893812890625 0.56682721484375 0.27425459765625 0.547082166015625 0.260582076171875 0.515041853515625 0.260877912109375 0.483778958984375 0.273182998046875 0.4625598203125 0.285253580078125 0.4486921171875 0.28467527734375 0.4372895625 0.288173591796875 0.43319505078125 0.30743676171875 0.434610810546875 0.3195816953125 0.444809017578125 0.321749390625 0.45709023828125 0.31725362890625
7 0.193142021484375 0.164289560546875 0.191200119140625 0.182827015625 0.190603869140625 0.207571552734375 0.193265369140625 0.23893149609375 0.200885052734375 0.2595003828125 0.211976283203125 0.251199048828125 0.216411541015625 0.217794935546875 0.219175654296875 0.18285139453125 0.221302443359375 0.147772390625 0.215183880859375 0.135813001953125 0.2051556953125 0.126575232421875 0.19184065625 0.12966703515625 0.179133716796875 0.1518373671875 0.1656625078125 0.1525275546875 0.1661886484375 0.1218451640625 0.15895058984375 0.1120162421875 0.14982708203125 0.1361334140625 0.146440703125 0.1614691015625 0.147600765625 0.184218533203125 0.16600035546875 0.19168306640625 0.17757394921875 0.18111489453125 0.187731083984375 0.158402583984375 0.193142021484375 0.164289560546875
7 0.42533183203125 0.341296451171875 0.431279671875 0.360326708984375 0.429663962890625 0.37419570703125 0.418657900390625 0.37896251171875 0.40273730859375 0.36610290234375 0.369932919921875 0.3449176875 0.348913029296875 0.33097513671875 0.333630076171875 0.318252005859375 0.326321716796875 0.302486140625 0.3243683515625 0.27719871875 0.322811287109375 0.253180689453125 0.315938111328125 0.316859884765625 0.3269855625 0.336974103515625 0.357637146484375 0.358885935546875 0.395455470703125 0.38468953125 0.42707037890625 0.40206928125 0.4385588046875 0.39503563671875 0.442356544921875 0.3614969609375 0.443037646484375 0.33321687890625 0.44250055078125 0.3200745 0.438364455078125 0.3144575546875 0.430233689453125 0.31509867578125 0.424964056640625 0.321084794921875 0.42533183203125 0.341296451171875
7 0.337838859375 0.276509330078125 0.341648955078125 0.286793826171875 0.3508692890625 0.302966095703125 0.363461640625 0.303274259765625 0.369368599609375 0.297423609375 0.37568691796875 0.283369970703125 0.3730816796875 0.267419572265625 0.3564383984375 0.257959931640625 0.345998849609375 0.256925146484375 0.3282663203125 0.230653130859375 0.291793138671875 0.211056509765625 0.27224444140625 0.224667314453125 0.257158224609375 0.239225701171875 0.2498768984375 0.2578124375 0.245611662109375 0.2841464765625 0.246134400390625 0.306760439453125 0.256474419921875 0.320801337890625 0.268810880859375 0.33171490625 0.287295833984375 0.33564400390625 0.303953662109375 0.335631154296875 0.28741061328125 0.3131646015625 0.2674953515625 0.30656305859375 0.2618581328125 0.292336615234375 0.261179734375 0.267321142578125 0.267342583984375 0.25086508984375 0.278433814453125 0.24256375390625 0.296933125 0.23702126953125 0.312783611328125 0.24394302734375 0.328533357421875 0.26387158984375 0.337838859375 0.276509330078125
7 0.3878540078125 0.5583607109375 0.378292615234375 0.556328373046875 0.3672865546875 0.56109517578125 0.36072740234375 0.5762818359375 0.36276612890625 0.598033822265625 0.377582287109375 0.603551515625 0.38936678515625 0.6107941796875 0.40054337890625 0.59895741015625 0.40327807421875 0.582957837890625 0.399001373046875 0.565467001953125 0.3878540078125 0.5583607109375
7 0.317222029296875 0.414251361328125 0.314813525390625 0.4255824765625 0.313835140625 0.43958694140625 0.316199865234375 0.456671376953125 0.32023592578125 0.475294328125 0.331723650390625 0.468261482421875 0.342589111328125 0.4516207890625 0.3460464921875 0.432221248046875 0.341373107421875 0.413462830078125 0.3294324375 0.403818548828125 0.325296849609375 0.3982017109375 0.31593521484375 0.37015634765625 0.295682296875 0.324398384765625 0.285768189453125 0.292682009765625 0.279608744140625 0.2558417109375 0.291510724609375 0.18730941796875 0.30769010546875 0.1362671640625 0.2944453671875 0.1452959140625 0.283154189453125 0.1796111796875 0.27601365625 0.210070900390625 0.272612216796875 0.24487896875 0.272326908203125 0.274428337890625 0.285157580078125 0.3268981328125 0.309446365234375 0.391279951171875 0.317222029296875 0.414251361328125
6 0.483281890625 0.44362173828125 0.492382029296875 0.44963025 0.50360037890625 0.453025763671875 0.517564765625 0.44082926953125 0.529477126953125 0.392812255859375 0.545162517578125 0.324366619140625 0.566481611328125 0.264194384765625 0.592088076171875 0.24537365625 0.592923521484375 0.233419462890625 0.569976837890625 0.24775063671875 0.547342568359375 0.279334900390625 0.53269771484375 0.334858955078125 0.519140859375 0.39061521484375 0.50887330859375 0.4308939921875 0.496626953125 0.432334873046875 0.48384903125 0.42557491796875 0.47744076953125 0.434322611328125 0.483281890625 0.44362173828125
6 0.603558115234375 0.069529689453125 0.610326884765625 0.01452576953125 0.6016006484375 0.010425587890625 0.596272927734375 0.044401078125 0.590921630859375 0.10670459375 0.592081453125 0.159165271484375 0.599540482421875 0.193874572265625 0.607404123046875 0.211827763671875 0.61330477734375 0.20634494921875 0.604181205078125 0.173527203125 0.600884689453125 0.13408737109375 0.603558115234375 0.069529689453125
6 0.56667827734375 0.05888298828125 0.588852841796875 0.00787025390625 0.575928349609375 0.004968771484375 0.567797966796875 0.02094413671875 0.5335444375 0.090017966796875 0.509066078125 0.139834841796875 0.49886749609375 0.1640548125 0.510745568359375 0.175000630859375 0.540104107421875 0.12004537890625 0.56667827734375 0.05888298828125
6 0.52737115234375 0 0.51405615625 0.021311009765625 0.49872680078125 0.06521284765625 0.48091512109375 0.1490102109375 0.47708497265625 0.181882208984375 0.483206478515625 0.179814384765625 0.498520892578125 0.098855203125 0.511017845703125 0.05491171484375 0.52856792578125 0.01541223828125 0.535115748046875 0 0.52737115234375 0
7 0.609654951171875 0.274008232421875 0.619593244140625 0.280990998046875 0.62803788671875 0.27959966796875 0.633415267578125 0.270636640625 0.630384095703125 0.2537115703125 0.624593798828125 0.237883107421875 0.618608916015625 0.22594361328125 0.607956853515625 0.2270484375 0.6042370625 0.238609162109375 0.603187166015625 0.25691308203125 0.609654951171875 0.274008232421875
6 0.061603685546875 0.91623316015625 0.071281017578125 0.902233712890625 0.09030731640625 0.8856871796875 0.10677707421875 0.882195314453125 0.118796814453125 0.883195853515625 0.130890607421875 0.88693174609375 0.146713015625 0.895734134765625 0.17730556640625 0.901848671875 0.179285796875 0.889448673828125 0.16170248828125 0.886876505859375 0.140106935546875 0.876458888671875 0.118325224609375 0.8679441484375 0.100397708984375 0.868018431640625 0.078794712890625 0.878189927734375 0.064891193359375 0.894271005859375 0.05238619921875 0.915080435546875 0.061603685546875 0.91623316015625
7 0.177276162109375 0.5891112734375 0.182291513671875 0.6027237109375 0.1938366796875 0.614366470703125 0.1991421328125 0.604627076171875 0.2089952421875 0.60224583984375 0.21226333984375 0.6291512265625 0.216152197265625 0.644681546875 0.20653166015625 0.689942611328125 0.194175865234375 0.72439413671875 0.18375372265625 0.759896583984375 0.179094953125 0.795344255859375 0.185898076171875 0.7903978359375 0.201114005859375 0.742490439453125 0.21720196484375 0.687096111328125 0.2266711953125 0.629017001953125 0.213704720703125 0.588544099609375 0.198290009765625 0.573121626953125 0.18629780859375 0.56865476953125 0.167083107421875 0.562652724609375 0.16052307421875 0.576601029296875 0.165963736328125 0.589903451171875 0.177276162109375 0.5891112734375
7 0.23403462890625 0.33565866015625 0.244418962890625 0.35995226171875 0.25285765625 0.375390421875 0.256168990234375 0.416078197265625 0.25777188671875 0.451298703125 0.2470018671875 0.528977326171875 0.23034878515625 0.634331076171875 0.228982328125 0.665517357421875 0.237812384765625 0.6554839765625 0.24643417578125 0.596915197265625 0.26652559765625 0.488890166015625 0.270112474609375 0.429251181640625 0.26835887109375 0.38123737109375 0.26223955859375 0.342504806640625 0.261306888671875 0.31763596875 0.251125708984375 0.313769884765625 0.23403462890625 0.33565866015625
4 0.437868220703125 0.3607010234375 0.43415937890625 0.3880923671875 0.4293063984375 0.392696958984375 0.413686072265625 0.384992998046875 0.383637330078125 0.362324220703125 0.36431824609375 0.348824595703125 0.3447221796875 0.337342013671875 0.3349791640625 0.33062794140625 0.328263408203125 0.32276823828125 0.3240513828125 0.311639125 0.322687041015625 0.278602990234375 0.321271275390625 0.27830205859375 0.321063513671875 0.297847078125 0.323827103515625 0.316562111328125 0.329944759765625 0.329557845703125 0.337527439453125 0.336432755859375 0.35762996875 0.350938552734375 0.377421408203125 0.363040091796875 0.413969701171875 0.390690357421875 0.4262550390625 0.397102333984375 0.43090196484375 0.394581923828125 0.435961345703125 0.3924407421875 0.4380384453125 0.38498844921875 0.439417359375 0.371539583984375 0.440281619140625 0.3597353984375 0.437868220703125 0.3607010234375
4 0.20750922265625 0.149323703125 0.21158582421875 0.156623384765625 0.212076216796875 0.165661740234375 0.210377689453125 0.190674634765625 0.208091232421875 0.207919353515625 0.20850853515625 0.207978025390625 0.208886869140625 0.210927685546875 0.209543150390625 0.207840119140625 0.214922931640625 0.166455205078125 0.213531146484375 0.1493626953125 0.2061381640625 0.14064340234375 0.1976857265625 0.13312830078125 0.192629689453125 0.1370573984375 0.187688966796875 0.144226642578125 0.17984980078125 0.159358 0.17281032421875 0.17072711328125 0.16925048046875 0.171399828125 0.164759015625 0.167943244140625 0.16278584765625 0.153585921875 0.161826830078125 0.12121810546875 0.15899294140625 0.127932107421875 0.160131705078125 0.152833392578125 0.1620279296875 0.170390943359375 0.168583236328125 0.1764302890625 0.17406626171875 0.176166357421875 0.177395865234375 0.16901152734375 0.18393141015625 0.157177484375 0.19143246484375 0.142689896484375 0.1971382890625 0.138542044921875 0.202206451171875 0.142121212890625 0.20750922265625 0.149323703125
4 0.208380193359375 0.213311408203125 0.207523005859375 0.2381462578125 0.2092754921875 0.240305017578125 0.211383099609375 0.230389498046875 0.208886869140625 0.210927685546875 0.208380193359375 0.213311408203125
4 0.183080712890625 0.56918545703125 0.170272990234375 0.566035224609375 0.16623508203125 0.57031230859375 0.164817373046875 0.57471751953125 0.16768762890625 0.580462978515625 0.1744833125 0.58019597265625 0.18139646484375 0.578241513671875 0.179702845703125 0.574886443359375 0.173710974609375 0.577035779296875 0.16956607421875 0.57615475390625 0.167381138671875 0.573978857421875 0.1701189375 0.572421453125 0.175732486328125 0.57318678125 0.187189345703125 0.574766275390625 0.203358833984375 0.582481888671875 0.215136857421875 0.59953480859375 0.217591505859375 0.612894505859375 0.219064220703125 0.62861175390625 0.219031828125 0.64914539453125 0.21548879296875 0.668076142578125 0.20822066015625 0.694346490234375 0.192872357421875 0.7371149921875 0.184779009765625 0.77519119921875 0.18610459375 0.77461627734375 0.19262068359375 0.750754236328125 0.197601083984375 0.73298474609375 0.205181521484375 0.709776806640625 0.21165553125 0.69403626953125 0.216231630859375 0.677036578125 0.220183953125 0.653913197265625 0.22147520703125 0.63878250390625 0.2204632265625 0.6231622421875 0.221313400390625 0.61350103125 0.2174203671875 0.59897985546875 0.21372184765625 0.58920752734375 0.207285021484375 0.58099249609375 0.19768113671875 0.5729600234375 0.183080712890625 0.56918545703125
1 0.39472868359375 0.58251225 0.389509966796875 0.581497638671875 0.3849333203125 0.574265845703125 0.382507330078125 0.56650292578125 0.378127583984375 0.56096008984375 0.373979365234375 0.563043146484375 0.370713 0.567949015625 0.370389474609375 0.576445189453125 0.370621001953125 0.58407108203125 0.37816826171875 0.59127545703125 0.385475322265625 0.596122830078125 0.390064212890625 0.595451123046875 0.390628447265625 0.58931205859375 0.384955701171875 0.588106279296875 0.37831449609375 0.58274159765625 0.373710078125 0.579127529296875 0.372496826171875 0.575246017578125 0.373324443359375 0.570480619140625 0.37625583984375 0.56715065625 0.37760665234375 0.567767201171875 0.38178592578125 0.5742556875 0.3853184453125 0.582912650390625 0.39158137890625 0.589185189453125 0.393023384765625 0.588503435546875 0.39472868359375 0.58251225
1 0.627905896484375 0.26570375 0.6198134921875 0.265432919921875 0.615106841796875 0.26201673828125 0.612630251953125 0.245551275390625 0.608385640625 0.23740369140625 0.605606693359375 0.24792244140625 0.60904298046875 0.253482458984375 0.610260537109375 0.264367919921875 0.61395059375 0.27384689453125 0.6244453515625 0.27559390625 0.627905896484375 0.26570375