5 0.580920412109375 0.48330371875 0.58348714453125 0.4976694453125 0.59332679296875 0.497497693359375 0.60374499609375 0.49731584375 0.605701056640625 0.476696158203125 0.603497361328125 0.449973140625 0.600370041015625 0.436646986328125 0.5961210078125 0.42539905859375 0.585863927734375 0.43484154296875 0.579730677734375 0.448329341796875 0.579421533203125 0.463774125 0.580920412109375 0.48330371875
5 0.3587682265625 0.659072396484375 0.35296259765625 0.6581439453125 0.34174544921875 0.67892528515625 0.33770812890625 0.712962041015625 0.348198177734375 0.71689623046875 0.374154412109375 0.7112970078125 0.38312761328125 0.694672130859375 0.38329306640625 0.670995267578125 0.374359611328125 0.656741599609375 0.3587682265625 0.659072396484375
5 0.378758328125 0.77606170703125 0.36969913671875 0.7546045078125 0.361959240234375 0.74238865234375 0.355772099609375 0.752788958984375 0.34837396875 0.76012289453125 0.340993287109375 0.7684863125 0.3447171171875 0.7828309140625 0.348423515625 0.7961469609375 0.3544451875 0.80942259375 0.364266361328125 0.8082223046875 0.37629555859375 0.80080753125 0.378758328125 0.77606170703125
5 0.719596962890625 0.740533767578125 0.713212255859375 0.739615427734375 0.702376634765625 0.7490689375 0.70042057421875 0.769688625 0.7008875546875 0.796441955078125 0.708645404296875 0.809686357421875 0.720746447265625 0.806387625 0.730334650390625 0.791810662109375 0.730553994140625 0.7712212890625 0.72608942578125 0.747625244140625 0.719596962890625 0.740533767578125
5 0.658289017578125 0.7032499140625 0.655215572265625 0.693010326171875 0.641342412109375 0.694281341796875 0.624032283203125 0.697671927734375 0.617535998046875 0.723517015625 0.62173115625 0.731678375 0.63222120703125 0.73561256640625 0.647144232421875 0.72814728125 0.65002009375 0.727067296875 0.65631498828125 0.722840126953125 0.657890056640625 0.713549185546875 0.658289017578125 0.7032499140625
5 0.0420656953125 0.459772966796875 0.027828994140625 0.473402208984375 0.018981515625 0.497229693359375 0.03006859765625 0.5021823203125 0.040648462890625 0.5112620234375 0.052731537109375 0.506933818359375 0.059461294921875 0.49446446875 0.05673293359375 0.47083904296875 0.049118744140625 0.465824869140625 0.0420656953125 0.459772966796875
5 0.78661044140625 0.326350212890625 0.778018751953125 0.3316463359375 0.76794128515625 0.351378921875 0.7770184296875 0.37386466796875 0.785211681640625 0.37886780859375 0.79926445703125 0.387886890625 0.811167396484375 0.373268595703125 0.808964220703125 0.3465455703125 0.7976795703125 0.330274296875 0.78661044140625 0.326350212890625
5 0.75073992578125 0.062450861328125 0.74428337109375 0.057416482421875 0.7325235859375 0.080265939453125 0.73528788671875 0.105950310546875 0.741906068359375 0.120244392578125 0.75481916015625 0.1303122265625 0.7645690078125 0.124995890625 0.76875000390625 0.099190287109375 0.761952208984375 0.07460610546875 0.75073992578125 0.062450861328125
5 0.852016701171875 0.159494416015625 0.8413252578125 0.17717814453125 0.8371796640625 0.20504177734375 0.84086809375 0.217328349609375 0.85370933984375 0.223280146484375 0.862808263671875 0.213857875 0.871835341796875 0.200319564453125 0.876142595703125 0.181717484375 0.87352198828125 0.164265193359375 0.868079396484375 0.150979453125 0.852016701171875 0.159494416015625
5 0.670603396484375 0.579520783203125 0.661324857421875 0.578652955078125 0.648914669921875 0.59739646875 0.65113581640625 0.62514896875 0.662837900390625 0.632149509765625 0.6755175 0.6288406796875 0.697313978515625 0.617138125 0.70203812890625 0.58926439453125 0.69209073046875 0.583263013671875 0.670603396484375 0.579520783203125
5 0.6350317109375 0.531764875 0.6267671328125 0.522645685546875 0.626098255859375 0.517511208984375 0.615172818359375 0.52181920703125 0.607917857421875 0.53738523046875 0.611171419921875 0.557913982421875 0.634502701171875 0.567799041015625 0.6408694375 0.56768791015625 0.647689533203125 0.560364064453125 0.641524169921875 0.5388563515625 0.6350317109375 0.531764875
7 0.440026361328125 0.499676263671875 0.419321337890625 0.5039262265625 0.401879056640625 0.507146869140625 0.386810015625 0.52101937890625 0.378436638671875 0.5425530546875 0.377051234375 0.5571590859375 0.376911568359375 0.580492857421875 0.3811112578125 0.601806140625 0.385124876953125 0.61242937890625 0.39142984375 0.597737474609375 0.392252009765625 0.58216890234375 0.3936204453125 0.566590794921875 0.404197453125 0.545991953125 0.411698298828125 0.53711154296875 0.421453125 0.53208034765625 0.43342853125 0.528955130859375 0.445421408203125 0.5268010546875 0.454100140625 0.52276101171875 0.467118244140625 0.51670141015625 0.475606419921875 0.53307983984375 0.488726296875 0.532850830078125 0.497951298828125 0.528801251953125 0.5054012578125 0.517005546875 0.503473015625 0.50051261328125 0.496675595703125 0.487021783203125 0.48194978515625 0.489222638671875 0.4721265859375 0.49036647265625 0.45902367578125 0.4915675546875 0.440026361328125 0.499676263671875
7 0.611226056640625 0.9015236953125 0.60791996875 0.8854465390625 0.608288966796875 0.863254310546875 0.610879458984375 0.83833493359375 0.615075552734375 0.818766130859375 0.621161970703125 0.799163404296875 0.63770471875 0.771983517578125 0.643105408203125 0.7564276328125 0.654991349609375 0.7441183203125 0.66795338671875 0.728430451171875 0.682474083984375 0.71540375 0.689894130859375 0.707206337890625 0.69741976171875 0.70505800390625 0.704555609375 0.70224507421875 0.712046046875 0.698080380859375 0.7169017421875 0.694634 0.719337056640625 0.68249057421875 0.7191258984375 0.67039334375 0.718653974609375 0.665022984375 0.714424859375 0.661063783203125 0.70914416796875 0.66182828125 0.703497125 0.66327057421875 0.696455146484375 0.671461388671875 0.69012183984375 0.676949607421875 0.687215140625 0.68372358984375 0.66828672265625 0.704195017578125 0.639787119140625 0.7396515078125 0.6286924921875 0.753963056640625 0.613673744140625 0.781788666015625 0.603616265625 0.81221605078125 0.59963134375 0.843883013671875 0.600135783203125 0.872782314453125 0.60750355859375 0.904922513671875 0.611226056640625 0.9015236953125
7 1 0.540555611328125 0.99941420703125 0.525821287109375 0.9846243046875 0.511010482421875 0.91958093359375 0.507839607421875 0.89207823828125 0.5047320859375 0.884323529296875 0.49984445703125 0.86144756640625 0.5074198515625 0.853564744140625 0.518321123046875 0.84795028515625 0.543534986328125 0.871492798828125 0.55101784375 0.880861326171875 0.5558773046875 0.896045197265625 0.54700169921875 0.916817876953125 0.54241994921875 0.922515326171875 0.5372104609375 0.936160505859375 0.532667 0.947471828125 0.533187259765625 0.981606146484375 0.546225927734375 1 0.552202638671875 1 0.540555611328125
6 0.290881625 0.840595009765625 0.2920853828125 0.819641181640625 0.288579544921875 0.8210979609375 0.286970953125 0.8413606015625 0.282677833984375 0.865159521484375 0.274327408203125 0.88135309375 0.26329245703125 0.901082943359375 0.25052965234375 0.911771201171875 0.230131197265625 0.9121272578125 0.220901640625 0.900427296875 0.21074171484375 0.88037007421875 0.205288880859375 0.86023069140625 0.2017003203125 0.834476435546875 0.200538103515625 0.81286657421875 0.197366021484375 0.788500630859375 0.190146833984375 0.77955581640625 0.188985431640625 0.790223080078125 0.191293841796875 0.822796087890625 0.1968045234375 0.86875135546875 0.2054933515625 0.894416587890625 0.22523844140625 0.924074654296875 0.244557404296875 0.929319771484375 0.26169603125 0.922042703125 0.27707082421875 0.9036326796875 0.285274630859375 0.87906909765625 0.28888090234375 0.860864498046875 0.290881625 0.840595009765625
7 0.169500658203125 0.17542412890625 0.16772465234375 0.163594064453125 0.139836109375 0.1619870234375 0.115709619140625 0.173571890625 0.0870338125 0.19430791796875 0.067882279296875 0.22115643359375 0.04059033203125 0.253728443359375 0.031333904296875 0.26296083984375 0.02271615234375 0.26380951953125 0.01072595703125 0.27378696484375 0.00361332421875 0.293448349609375 0.003844650390625 0.3067009609375 0.011080998046875 0.31107811328125 0.02493048828125 0.3007515 0.03591725390625 0.27823132421875 0.052468431640625 0.259800771484375 0.06854226953125 0.236495396484375 0.084677484375 0.2166765234375 0.101289533203125 0.201733400390625 0.117546513671875 0.1888903125 0.13855929296875 0.17875537890625 0.154986203125 0.17567748046875 0.169500658203125 0.17542412890625
6 0.538170412109375 0.054026095703125 0.54152129296875 0.04040905859375 0.53269559765625 0.02301784765625 0.521277080078125 0.011253298828125 0.504672986328125 0.01074578125 0.489118708984375 0.0189925703125 0.47331090234375 0.038409375 0.46833405859375 0.06162476953125 0.47058679296875 0.08790426953125 0.48008353515625 0.118044970703125 0.49797404296875 0.14086121484375 0.52260704296875 0.138836556640625 0.5381334921875 0.128995564453125 0.534529904296875 0.112676341796875 0.5160793671875 0.124594609375 0.50034418359375 0.122477234375 0.483322572265625 0.098050212890625 0.476978326171875 0.068651828125 0.484169708984375 0.043803091796875 0.498197955078125 0.025214693359375 0.5179684765625 0.0272625546875 0.532636884765625 0.045349125 0.538170412109375 0.054026095703125
6 0.775216876953125 0 0.77261101953125 0.002559111328125 0.76343184375 0.016276955078125 0.749698888671875 0.02608756640625 0.7350135078125 0.032723578125 0.722444736328125 0.03214562109375 0.71199255859375 0.024352775390625 0.708196853515625 0.01245609765625 0.703713162109375 0.012534361328125 0.706247255859375 0.029238048828125 0.710056888671875 0.04193275390625 0.719136115234375 0.048153951171875 0.733428796875 0.04471509765625 0.748590359375 0.039664537109375 0.7618471171875 0.02826755078125 0.775034294921875 0.0128841328125 0.7859315078125 0 0.775216876953125 0
7 0.797159087890625 0.40081819921875 0.79012777734375 0.39863780078125 0.781542552734375 0.396485453125 0.776056619140625 0.393817828125 0.76868612890625 0.387038021484375 0.763832501953125 0.376069205078125 0.757419064453125 0.349929005859375 0.753805427734375 0.320977478515625 0.751559220703125 0.29614623046875 0.74991905078125 0.27637091796875 0.748757974609375 0.23954668359375 0.7472399921875 0.211939341796875 0.74450779296875 0.188959451171875 0.739054521484375 0.188133201171875 0.739674986328125 0.20884775 0.740773416015625 0.227250828125 0.741572322265625 0.24335600390625 0.744108369140625 0.284762494140625 0.7465410625 0.30544541015625 0.749231439453125 0.340861259765625 0.754884494140625 0.3679352421875 0.762544302734375 0.391290302734375 0.769234267578125 0.403608755859375 0.7735433046875 0.407431357421875 0.7769685625 0.416369234375 0.781442826171875 0.420436212890625 0.789322896484375 0.4267459453125 0.796378318359375 0.430307611328125 0.802302041015625 0.428362265625 0.80510985546875 0.426010126953125 0.806299978515625 0.420002330078125 0.805904533203125 0.4121793359375 0.80270880078125 0.40716953125 0.797159087890625 0.40081819921875
5 0.897827228515625 0.814603947265625 0.891553015625 0.81437544921875 0.8892074140625 0.821511916015625 0.88841674609375 0.830648404296875 0.889786091796875 0.843801509765625 0.891405 0.860329474609375 0.89135053515625 0.86810198046875 0.896146447265625 0.87072053125 0.899951765625 0.870992123046875 0.902338638671875 0.866220111328125 0.904981845703125 0.85434809765625 0.90533930859375 0.84217889453125 0.904171298828125 0.82969737890625 0.901685599609375 0.817914890625 0.897827228515625 0.814603947265625
5 0.925927259765625 0.933046388671875 0.92810048046875 0.92692697265625 0.92712844140625 0.91478005078125 0.924297966796875 0.9050307421875 0.92062518359375 0.890566712890625 0.91341968359375 0.880555755859375 0.90827898046875 0.87996945703125 0.903099365234375 0.887748076171875 0.902900158203125 0.887496884765625 0.902774931640625 0.891215376953125 0.903147787109375 0.90168361328125 0.905034291015625 0.911786486328125 0.908968802734375 0.91948936328125 0.913070318359375 0.925837267578125 0.9171536328125 0.93117237109375 0.921201576171875 0.93448093359375 0.925927259765625 0.933046388671875
5 0.881975513671875 0.831773953125 0.87610593359375 0.8220786171875 0.870318880859375 0.817111267578125 0.866074443359375 0.813468123046875 0.86040532421875 0.8152571484375 0.85708627734375 0.82105855078125 0.85798756640625 0.82915238671875 0.86192848046875 0.8371922421875 0.865655744140625 0.84388469140625 0.86979212890625 0.85226007421875 0.876374318359375 0.859239779296875 0.88166972265625 0.857796216796875 0.88443084765625 0.85267965625 0.8840108359375 0.83950998046875 0.881975513671875 0.831773953125
5 0.889487595703125 0.859348900390625 0.88784421875 0.8522820625 0.8835531484375 0.84593746484375 0.8741626484375 0.84137102734375 0.864985296875 0.838152927734375 0.860450193359375 0.83958321875 0.857899248046875 0.8459676015625 0.8572313828125 0.851127265625 0.857556546875 0.858893142578125 0.860132083984375 0.86492966796875 0.86399047265625 0.8682415390625 0.868994150390625 0.871870505859375 0.87718039453125 0.87274165625 0.8826889296875 0.87264550390625 0.887539318359375 0.8674924765625 0.889487595703125 0.859348900390625
6 0.671913587890625 0.79054672265625 0.69132128125 0.75605090625 0.707319724609375 0.724934548828125 0.71396486328125 0.70821417578125 0.71782508203125 0.7000816796875 0.7187343046875 0.6910523984375 0.714925986328125 0.686848779296875 0.711233060546875 0.689285822265625 0.70609766015625 0.700761455078125 0.70019497265625 0.7141479921875 0.688331125 0.737601208984375 0.679393439453125 0.76052827734375 0.668280333984375 0.7811225859375 0.657659583984375 0.799334791015625 0.64250464453125 0.817627068359375 0.62805025 0.83021458203125 0.616138970703125 0.835640880859375 0.601944634765625 0.83256776953125 0.589818126953125 0.825663541015625 0.5787503515625 0.818265755859375 0.5711332109375 0.809859451171875 0.568065115234375 0.817503974609375 0.570364201171875 0.826951400390625 0.5817570703125 0.837664384765625 0.592824828125 0.845061240234375 0.61127794921875 0.84758587109375 0.622213783203125 0.847394984375 0.6320158515625 0.8434288671875 0.644369841796875 0.832776453125 0.65922502734375 0.81259097265625 0.671913587890625 0.79054672265625
6 0.745136849609375 0 0.7210084140625 0.010350703125 0.682621341796875 0.019364615234375 0.657585431640625 0.0251653984375 0.648117259765625 0.026265994140625 0.649092134765625 0.037829443359375 0.709886798828125 0.026040708984375 0.7595202890625 0.008486626953125 0.769653724609375 0 0.745136849609375 0
6 0.899409671875 0 0.90875526953125 0.011844666015625 0.92554746875 0.03300667578125 0.9349377265625 0.052510580078125 0.9395428984375 0.06673330078125 0.940839669921875 0.083398390625 0.9387541875 0.09833428515625 0.9325959609375 0.1103611875 0.923798486328125 0.1248178515625 0.91521159375 0.132119751953125 0.9077025546875 0.14357476953125 0.90549226953125 0.15136082421875 0.909575404296875 0.15486509765625 0.91481178125 0.147622607421875 0.923011828125 0.137347376953125 0.93090771484375 0.128865689453125 0.93682469140625 0.12220678125 0.941998140625 0.11138891796875 0.94579009375 0.09821147265625 0.948221333984375 0.083865005859375 0.947992546875 0.0707577421875 0.9450205078125 0.05412189453125 0.9401116953125 0.04169270703125 0.932490298828125 0.027521708984375 0.921487705078125 0.011622419921875 0.910527279296875 0 0.899409671875 0
7 0.13652094140625 0.6247588828125 0.10120625 0.570776244140625 0.07810453125 0.555928091796875 0.07570990234375 0.578907640625 0.104033587890625 0.60998009375 0.1292737578125 0.66479423828125 0.144906537109375 0.7674055546875 0.150820234375 0.851579982421875 0.15736665234375 0.892709958984375 0.16729760546875 0.896545556640625 0.174356408203125 0.888244248046875 0.171333716796875 0.836893810546875 0.155015076171875 0.724743009765625 0.13652094140625 0.6247588828125
6 0.9299033125 0.512463865234375 0.950665025390625 0.578250431640625 0.9549161796875 0.62808753515625 0.959715705078125 0.6899428203125 0.9610295546875 0.745845072265625 0.959886875 0.767552580078125 0.9607285625 0.78670562109375 0.9723319296875 0.75402962109375 0.96921666015625 0.65305842578125 0.960491275390625 0.5600020859375 0.94177734765625 0.51466252734375 0.944717361328125 0.48935458203125 0.95089899609375 0.47541587109375 0.942871771484375 0.461123234375 0.93558126953125 0.469669365234375 0.9299033125 0.512463865234375
7 0.907472802734375 0.648368625 0.9036154921875 0.65986083984375 0.9049127265625 0.6760749296875 0.9187311484375 0.673428732421875 0.929624404296875 0.658204818359375 0.934823611328125 0.646087234375 0.9464667734375 0.635059205078125 0.9709343984375 0.6226052890625 0.987732630859375 0.616299123046875 0.999184208984375 0.6136933125 0.996576556640625 0.59990801953125 0.9806983203125 0.600786193359375 0.948159330078125 0.615786916015625 0.930842572265625 0.631122953125 0.918787978515625 0.637948263671875 0.907472802734375 0.648368625
7 0.914847791015625 0.83168912890625 0.90927965625 0.842009173828125 0.899240724609375 0.867441029296875 0.9008549375 0.882446625 0.912063521484375 0.885257916015625 0.91815870703125 0.87123088671875 0.929022984375 0.84948241015625 0.93708605078125 0.827091986328125 0.9530189296875 0.809976125 0.961915330078125 0.796591046875 0.962816517578125 0.770717671875 0.950890029296875 0.7655139140625 0.945405828125 0.78064248828125 0.933749990234375 0.810312466796875 0.92344872265625 0.82071512890625 0.914847791015625 0.83168912890625
4 0.1376535078125 0.174253833984375 0.16086834765625 0.172126134765625 0.16001609375 0.169557283203125 0.154855744140625 0.169934439453125 0.130016546875 0.17151633203125 0.11673883203125 0.178638958984375 0.107506443359375 0.1862642109375 0.089401783203125 0.203613376953125 0.0705283984375 0.223179078125 0.05520601953125 0.242681869140625 0.0355914453125 0.26604163671875 0.02380507421875 0.284622388671875 0.012155595703125 0.301764421875 0.00992559375 0.3035267578125 0.008621666015625 0.29662809375 0.00798640625 0.30341706640625 0.009519478515625 0.3079845234375 0.011930443359375 0.307368279296875 0.036667783203125 0.2721969375 0.057645931640625 0.243694068359375 0.088506689453125 0.2078416796875 0.113459453125 0.1850119765625 0.12671212109375 0.1764543828125 0.1376535078125 0.174253833984375
1 0.488494177734375 0.499736875 0.437907107421875 0.51014076953125 0.418161470703125 0.515069462890625 0.409109703125 0.519105830078125 0.3985517265625 0.527753447265625 0.389033947265625 0.53920278125 0.384850546875 0.54950143359375 0.38278868359375 0.590440876953125 0.386177474609375 0.59144021875 0.3860328125 0.560412091796875 0.388747892578125 0.545555037109375 0.395142978515625 0.53698101171875 0.4029007265625 0.526971873046875 0.413724806640625 0.522198904296875 0.426320689453125 0.516690275390625 0.44588021484375 0.512469568359375 0.469386828125 0.50712239453125 0.473407228515625 0.5102258515625 0.471561083984375 0.5067325390625 0.4729058125 0.504240169921875 0.47946703515625 0.505184138671875 0.487142294921875 0.513159736328125 0.49121807421875 0.51943585546875 0.495790109375 0.520061712890625 0.498528802734375 0.51789784765625 0.499793556640625 0.51082376953125 0.49543322265625 0.49961575390625 0.488494177734375 0.499736875
1 0.776118873046875 0.3975932421875 0.7743377265625 0.397913263671875 0.768157390625 0.38820112890625 0.762728943359375 0.375009599609375 0.757229927734375 0.35777516796875 0.753507552734375 0.339932787109375 0.75144364453125 0.32408305859375 0.749427986328125 0.29234580859375 0.746917490234375 0.278814416015625 0.746276220703125 0.251387169921875 0.743018595703125 0.20436371484375 0.7420190703125 0.202937423828125 0.7431980625 0.242548806640625 0.7456938515625 0.283170693359375 0.747337048828125 0.293539890625 0.7473610546875 0.30422628515625 0.75032635546875 0.33450229296875 0.755503921875 0.361253970703125 0.76541671875 0.389386177734375 0.772763591796875 0.400811548828125 0.77681196875 0.402473287109375 0.775798361328125 0.40847734375 0.779998408203125 0.413785408203125 0.79250465234375 0.424329861328125 0.79750878125 0.4261641015625 0.80302276953125 0.42196352734375 0.803698544921875 0.4141533203125 0.798837638671875 0.405572958984375 0.792164673828125 0.404822638671875 0.784669265625 0.403509732421875 0.779386982421875 0.3986919296875 0.776118873046875 0.3975932421875
1 0.800643005859375 0.415921732421875 0.7986086640625 0.411047234375 0.7945488671875 0.411118099609375 0.789671650390625 0.410914298828125 0.784749595703125 0.408111810546875 0.778162990234375 0.40302783984375 0.777602388671875 0.402797728515625 0.778553466796875 0.406776224609375 0.7848201640625 0.412154712890625 0.793258466796875 0.42096063671875 0.797992853515625 0.422322662109375 0.799404208984375 0.419409625 0.800643005859375 0.415921732421875
1 0.914470978515625 0.647546365234375 0.910322853515625 0.6541660625 0.906520078125 0.658367330078125 0.90507855078125 0.664595287109375 0.905731865234375 0.6687187734375 0.906343099609375 0.670431515625 0.909824576171875 0.670026248046875 0.91348721484375 0.6689278984375 0.917944615234375 0.657823416015625 0.923806685546875 0.64945131640625 0.92875373828125 0.64419566015625 0.928699634765625 0.641096130859375 0.92531273828125 0.6422464296875 0.933652697265625 0.6361848671875 0.95624975390625 0.620628865234375 0.969721025390625 0.615224416015625 0.988623541015625 0.61007058984375 0.99749362890625 0.607503357421875 0.997845001953125 0.6054302421875 0.98914509375 0.60661558984375 0.9713868671875 0.610715953125 0.95158190625 0.6196768515625 0.928621455078125 0.63661718359375 0.914470978515625 0.647546365234375
1 0.9176787421875 0.65369316796875 0.922465552734375 0.644315794921875 0.921021927734375 0.64536503515625 0.909819873046875 0.658655154296875 0.906646349609375 0.665601412109375 0.909588759765625 0.667617958984375 0.91451777734375 0.661329126953125 0.9176787421875 0.65369316796875
1 0.952100576171875 0.801949263671875 0.955789470703125 0.7922083984375 0.95833148046875 0.784774939453125 0.9580261484375 0.7786228515625 0.95625559375 0.773551126953125 0.95132789453125 0.774692857421875 0.945626189453125 0.788163861328125 0.938600482421875 0.810805666015625 0.930849107421875 0.825895095703125 0.92331342578125 0.837256119140625 0.923996927734375 0.841497615234375 0.925585640625 0.841821791015625 0.9309535 0.83187566796875 0.940605751953125 0.81798380078125 0.941798689453125 0.8183148828125 0.94417280859375 0.81827344140625 0.946578337890625 0.814361419921875 0.949135162109375 0.8078065390625 0.952100576171875 0.801949263671875