5 0.602122916015625 0.96617777734375 0.6177625 0.9684944453125 0.625582291015625 0.951116666015625 0.622976041015625 0.939532408203125 0.618414583984375 0.92794722265625 0.607336458984375 0.92794722265625 0.599516666015625 0.9314231484375 0.589090103515625 0.93837407421875 0.584528646484375 0.951116666015625 0.587135416015625 0.963860185546875 0.602122916015625 0.96617777734375
5 0.611246353515625 0.81209907421875 0.622976041015625 0.8086231484375 0.6268859375 0.797038888671875 0.632098958984375 0.7750268515625 0.624279166015625 0.758808333984375 0.619717708984375 0.749540740234375 0.6047296875 0.74027222265625 0.598213021484375 0.766917591796875 0.598213021484375 0.790087962890625 0.602775 0.807464814453125 0.611246353515625 0.81209907421875
5 0.630144271484375 0.5468055546875 0.619717708984375 0.54332962890625 0.611246353515625 0.5502805546875 0.609942708984375 0.5665 0.612549478515625 0.57692592578125 0.618414583984375 0.585035185546875 0.630144271484375 0.597778703125 0.643828646484375 0.595462037109375 0.649041666015625 0.585035185546875 0.649041666015625 0.57345092578125 0.641873958984375 0.5560731484375 0.630144271484375 0.5468055546875
5 0.860827603515625 0.84917037109375 0.869298958984375 0.82947592578125 0.870602083984375 0.807464814453125 0.863434375 0.794721296875 0.848446353515625 0.791246296875 0.836065103515625 0.800513888671875 0.832806771484375 0.82600092578125 0.836716666015625 0.848012037109375 0.849097916015625 0.85380462890625 0.860827603515625 0.84917037109375
5 0.292590103515625 0.6730805546875 0.28411875 0.66612962890625 0.278253646484375 0.667287962890625 0.275647396484375 0.6730805546875 0.2736921875 0.686982408203125 0.275647396484375 0.702042591796875 0.277602083984375 0.725212037109375 0.288028646484375 0.733321296875 0.295196875 0.72637037109375 0.298455208984375 0.70320092578125 0.295196875 0.683506482421875 0.292590103515625 0.6730805546875
5 0.101657291015625 0.623265740234375 0.103611978515625 0.609363888671875 0.102960416015625 0.595462037109375 0.097095833984375 0.5804018515625 0.088623958984375 0.5665 0.0723328125 0.571133333984375 0.0723328125 0.603571296875 0.075591146484375 0.630216666015625 0.088623958984375 0.63832592578125 0.101657291015625 0.623265740234375
5 0.2971515625 0.31395 0.3095328125 0.30699907421875 0.314094791015625 0.298889814453125 0.314746353515625 0.280353703125 0.311488021484375 0.27340277734375 0.2965 0.267610185546875 0.277602083984375 0.2722444453125 0.274995833984375 0.289621296875 0.280208853515625 0.301206482421875 0.287377083984375 0.308157408203125 0.2971515625 0.31395
5 0.33364375 0.250233333984375 0.334295833984375 0.234013888671875 0.3310375 0.21779537109375 0.325172396484375 0.199259259765625 0.317352603515625 0.192308333984375 0.303668228515625 0.200418517578125 0.2958484375 0.21779537109375 0.313442708984375 0.256025 0.325824478515625 0.256025 0.33364375 0.250233333984375
5 0.383169271484375 0.113531482421875 0.374697916015625 0.114689814453125 0.369484896484375 0.135542591796875 0.372091146484375 0.15060277734375 0.387730728515625 0.157553703125 0.401415625 0.159871296875 0.409886978515625 0.14712777734375 0.407280208984375 0.126275 0.398808853515625 0.113531482421875 0.391640625 0.113531482421875 0.383169271484375 0.113531482421875
5 0.613201041015625 0.079935185546875 0.616459375 0.0614 0.612549478515625 0.046339814453125 0.602122916015625 0.0417055546875 0.594303646484375 0.048656482421875 0.585180208984375 0.062558333984375 0.579315625 0.077618517578125 0.582573958984375 0.094996296875 0.595606771484375 0.09962962890625 0.6060328125 0.09615462890625 0.613201041015625 0.079935185546875
5 0.269130728515625 0.1436518515625 0.277602083984375 0.1436518515625 0.285421875 0.1401768515625 0.2965 0.12975 0.293241666015625 0.114689814453125 0.2847703125 0.098471296875 0.270433853515625 0.09615462890625 0.25935625 0.1065805546875 0.255446353515625 0.123958333984375 0.255446353515625 0.137860185546875 0.2587046875 0.1436518515625 0.269130728515625 0.1436518515625
5 0.170080208984375 0.178406482421875 0.180506771484375 0.1737731484375 0.188978125 0.158712962890625 0.186371353515625 0.142493517578125 0.181158333984375 0.13322592578125 0.169428646484375 0.13322592578125 0.1648671875 0.132067591796875 0.1537890625 0.139018517578125 0.149227603515625 0.151762037109375 0.1550921875 0.17029722265625 0.170080208984375 0.178406482421875
7 0.0938375 0.516685185546875 0.063209896484375 0.54332962890625 0.044963541015625 0.568816666015625 0.043660416015625 0.581560185546875 0.061255208984375 0.569975 0.0840625 0.54912222265625 0.099050521484375 0.53174537109375 0.124465103515625 0.508575 0.151833853515625 0.4946731484375 0.173338541015625 0.479612962890625 0.186371353515625 0.472662037109375 0.201359375 0.479612962890625 0.215695833984375 0.4819305546875 0.2267734375 0.4946731484375 0.242413021484375 0.492356482421875 0.250884896484375 0.47497962890625 0.250884896484375 0.4633944453125 0.24958125 0.451809259765625 0.241761458984375 0.44717592578125 0.231335416015625 0.448334259765625 0.219605728515625 0.45065092578125 0.2124375 0.456443517578125 0.196146353515625 0.451809259765625 0.170731771484375 0.4576018515625 0.149879166015625 0.469187037109375 0.123161458984375 0.492356482421875 0.0938375 0.516685185546875
7 0.473096875 0.28267037109375 0.471793228515625 0.326693517578125 0.464625521484375 0.362606482421875 0.452244271484375 0.391568517578125 0.4366046875 0.41705462890625 0.441817708984375 0.43327407421875 0.4600640625 0.40315277734375 0.482871353515625 0.34407037109375 0.490039583984375 0.2977305546875 0.4874328125 0.268768517578125 0.476355208984375 0.2386481484375 0.450940625 0.2015768515625 0.420313021484375 0.202735185546875 0.407280208984375 0.20852777734375 0.398157291015625 0.2050518515625 0.374046353515625 0.209686111328125 0.369484896484375 0.22590462890625 0.371439583984375 0.244440740234375 0.382517708984375 0.24907407421875 0.40271875 0.240964814453125 0.410538541015625 0.2293805546875 0.422268228515625 0.22590462890625 0.443772396484375 0.22590462890625 0.458108853515625 0.2386481484375 0.468535416015625 0.258342591796875 0.473096875 0.28267037109375
7 0.594955208984375 0.3000481484375 0.5812703125 0.2977305546875 0.563024478515625 0.281512037109375 0.535003125 0.26297592578125 0.503724478515625 0.256025 0.481568228515625 0.265293517578125 0.455502083984375 0.284987962890625 0.433346353515625 0.329010185546875 0.413796875 0.384617591796875 0.450940625 0.330168517578125 0.468535416015625 0.295413888671875 0.490691146484375 0.2722444453125 0.514150521484375 0.2699268515625 0.5441265625 0.280353703125 0.5682375 0.308157408203125 0.572798958984375 0.319742591796875 0.5799671875 0.330168517578125 0.5910453125 0.3371194453125 0.601471353515625 0.3371194453125 0.60538125 0.325534259765625 0.60538125 0.305840740234375 0.594955208984375 0.3000481484375
7 0.916217708984375 0.24237592578125 0.918172916015625 0.216889814453125 0.914263021484375 0.19140277734375 0.905139583984375 0.199512037109375 0.899275 0.229633333984375 0.886241666015625 0.226157408203125 0.878421875 0.20182962890625 0.866040625 0.196037037109375 0.8543109375 0.202987962890625 0.845839583984375 0.213413888671875 0.8406265625 0.248168517578125 0.836065103515625 0.2829231484375 0.833458333984375 0.3165194453125 0.84258125 0.32694537109375 0.8543109375 0.308410185546875 0.863434375 0.278288888671875 0.867995833984375 0.253961111328125 0.869950521484375 0.235425 0.8764671875 0.230791666015625 0.881680208984375 0.2551194453125 0.890803646484375 0.267862962890625 0.910353125 0.264387037109375 0.916217708984375 0.24237592578125
7 0.59039375 0.34870462890625 0.585180208984375 0.376508333984375 0.581921875 0.410103703125 0.591696875 0.41937222265625 0.626234375 0.40894537109375 0.668591146484375 0.391568517578125 0.703128646484375 0.376508333984375 0.718116666015625 0.3591305546875 0.724633333984375 0.295413888671875 0.718116666015625 0.318583333984375 0.7109484375 0.342912037109375 0.700521875 0.356813888671875 0.682927603515625 0.366081482421875 0.659468228515625 0.37534907421875 0.622976041015625 0.38925092578125 0.6047296875 0.3985194453125 0.594955208984375 0.391568517578125 0.596258333984375 0.377666666015625 0.6060328125 0.360288888671875 0.610594791015625 0.34059537109375 0.606684896484375 0.3336444453125 0.598865103515625 0.3313268515625 0.5936515625 0.335961111328125 0.59039375 0.34870462890625
7 0.779371353515625 0.304681482421875 0.781978125 0.322059259765625 0.776113541015625 0.346387037109375 0.767641666015625 0.3591305546875 0.7467890625 0.36144722265625 0.725936458984375 0.379983333984375 0.742227603515625 0.383459259765625 0.761125521484375 0.383459259765625 0.775461458984375 0.37534907421875 0.788494791015625 0.363764814453125 0.7937078125 0.341753703125 0.7950109375 0.315108333984375 0.791753125 0.295413888671875 0.7800234375 0.278037037109375 0.763731771484375 0.260659259765625 0.72398125 0.2722444453125 0.701173958984375 0.2942555546875 0.690747396484375 0.29309722265625 0.672501041015625 0.298889814453125 0.666636458984375 0.31395 0.669894791015625 0.329010185546875 0.67445625 0.335961111328125 0.6868375 0.33827777734375 0.69921875 0.32437592578125 0.705083853515625 0.315108333984375 0.716813541015625 0.304681482421875 0.7363625 0.288462962890625 0.753305728515625 0.284987962890625 0.7702484375 0.2942555546875 0.779371353515625 0.304681482421875
7 0.598213021484375 0.626740740234375 0.613852603515625 0.62442407421875 0.620369271484375 0.603571296875 0.6171109375 0.58735277734375 0.607336458984375 0.5804018515625 0.597561458984375 0.5804018515625 0.585180208984375 0.585035185546875 0.577360416015625 0.60125462890625 0.576708853515625 0.6174731484375 0.585180208984375 0.631375 0.598213021484375 0.626740740234375
7 0.779371353515625 0.26297592578125 0.778719791015625 0.23169722265625 0.774809896484375 0.195784259765625 0.763731771484375 0.18419907421875 0.7689453125 0.237489814453125 0.766338541015625 0.30699907421875 0.752654166015625 0.341753703125 0.7363625 0.370715740234375 0.707038541015625 0.411262962890625 0.692050521484375 0.43674907421875 0.6868375 0.441383333984375 0.673152603515625 0.448334259765625 0.66468125 0.465711111328125 0.6640296875 0.4854055546875 0.671197916015625 0.503941666015625 0.680972396484375 0.513209259765625 0.6887921875 0.495832408203125 0.694657291015625 0.479612962890625 0.696611978515625 0.465711111328125 0.696611978515625 0.4541268515625 0.70899375 0.43327407421875 0.7461375 0.37534907421875 0.769596875 0.326693517578125 0.775461458984375 0.2977305546875 0.779371353515625 0.26297592578125
6 0.504019791015625 0.38902592578125 0.5023515625 0.3316694453125 0.499570833984375 0.274313888671875 0.483997916015625 0.238713888671875 0.464532291015625 0.219925 0.4628640625 0.231791666015625 0.483997916015625 0.255525 0.492340625 0.318814814453125 0.493452603515625 0.38902592578125 0.495121353515625 0.43847037109375 0.506244791015625 0.453303703125 0.517923958984375 0.452314814453125 0.528074478515625 0.44832962890625 0.535721353515625 0.4404481484375 0.531271875 0.430559259765625 0.517367708984375 0.434514814453125 0.505688541015625 0.430559259765625 0.504019791015625 0.38902592578125
6 0.466281771484375 0.179868517578125 0.480794271484375 0.147468517578125 0.4928359375 0.09639537109375 0.500555208984375 0.034340740234375 0.5024078125 0 0.493019791015625 0.002196296875 0.4882046875 0.0574055546875 0.477397396484375 0.121108333984375 0.465972916015625 0.15900092578125 0.450225521484375 0.18920462890625 0.454857291015625 0.1957944453125 0.466281771484375 0.179868517578125
6 0.552428646484375 0.09200277734375 0.533284896484375 0.017316666015625 0.528653646484375 0 0.515408333984375 0.00015092578125 0.5264921875 0.054659259765625 0.539769271484375 0.120010185546875 0.557060416015625 0.179868517578125 0.5709546875 0.171631482421875 0.566014583984375 0.14582037109375 0.552428646484375 0.09200277734375
6 0.591642708984375 0.1606481484375 0.591642708984375 0.074978703125 0.585776041015625 0.02884907421875 0.575277603515625 0 0.569064583984375 0.000837037109375 0.5728078125 0.020062037109375 0.581761978515625 0.06234722265625 0.584849478515625 0.107928703125 0.582996875 0.19030277734375 0.5885546875 0.1935981484375 0.591642708984375 0.1606481484375
7 0.432626041015625 0.217706482421875 0.423671353515625 0.231985185546875 0.4171875 0.247910185546875 0.420583853515625 0.25779537109375 0.4285546875 0.260912037109375 0.439727603515625 0.2561481484375 0.449608333984375 0.240771296875 0.452386978515625 0.22264907421875 0.451152083984375 0.210567591796875 0.4409625 0.20727222265625 0.432626041015625 0.217706482421875
6 0.796834375 0.939258333984375 0.773758333984375 0.943058333984375 0.75046875 0.948758333984375 0.732734896484375 0.947618517578125 0.73209375 0.960159259765625 0.7632890625 0.960538888671875 0.780595833984375 0.955218517578125 0.793202083984375 0.954078703125 0.8051671875 0.95559907421875 0.820551041015625 0.962438888671875 0.835721353515625 0.98257962890625 0.8422765625 0.998285185546875 0.851532291015625 0.99907407421875 0.843627083984375 0.9761194453125 0.833370833984375 0.95749907421875 0.8143546875 0.943058333984375 0.796834375 0.939258333984375
7 0.7799140625 0.63425277734375 0.7616296875 0.646133333984375 0.740531771484375 0.68302592578125 0.73771875 0.74180462890625 0.741938021484375 0.799333333984375 0.7468609375 0.849357408203125 0.752486978515625 0.855610185546875 0.7553 0.819968517578125 0.752486978515625 0.783075 0.7475640625 0.746807408203125 0.7475640625 0.700535185546875 0.754596875 0.68615277734375 0.7633875 0.660514814453125 0.772530208984375 0.664892591796875 0.775694791015625 0.67552222265625 0.789408333984375 0.666534259765625 0.797144271484375 0.654262037109375 0.808044791015625 0.657388888671875 0.816132291015625 0.645508333984375 0.812615625 0.63050092578125 0.792572916015625 0.6323768515625 0.7799140625 0.63425277734375
7 0.7395734375 0.478593517578125 0.730682291015625 0.537675 0.727875 0.647516666015625 0.72413125 0.7065981484375 0.730682291015625 0.7182481484375 0.7358296875 0.687459259765625 0.741444791015625 0.58094537109375 0.747060416015625 0.502725 0.755951041015625 0.468607408203125 0.767649478515625 0.42949722265625 0.779113541015625 0.41615092578125 0.794321875 0.39454722265625 0.782155208984375 0.369583333984375 0.771392708984375 0.3712481484375 0.765309896484375 0.39537962890625 0.751271353515625 0.431993517578125 0.7395734375 0.478593517578125
4 0.589505728515625 0.4112518515625 0.593527083984375 0.414683333984375 0.606877083984375 0.410965740234375 0.648375521484375 0.391518517578125 0.670250521484375 0.383796296875 0.6929296875 0.373787037109375 0.701776041015625 0.368638888671875 0.710461978515625 0.35719907421875 0.71705625 0.339467591796875 0.720916666015625 0.320306482421875 0.719469271484375 0.320306482421875 0.711266146484375 0.352337037109375 0.704832291015625 0.36234722265625 0.696629166015625 0.368638888671875 0.685703125 0.3731805546875 0.664147916015625 0.380337962890625 0.642444271484375 0.38952592578125 0.6083390625 0.4054518515625 0.591458333984375 0.409739814453125 0.58766875 0.4042268515625 0.5897359375 0.376662962890625 0.587576041015625 0.375216666015625 0.5859671875 0.386942591796875 0.584519791015625 0.400384259765625 0.585002083984375 0.4081055546875 0.589505728515625 0.4112518515625
4 0.884370833984375 0.243317591796875 0.886140103515625 0.251008333984375 0.8914484375 0.252406482421875 0.899116146484375 0.247862037109375 0.904621353515625 0.231082408203125 0.9109125 0.206962037109375 0.909536458984375 0.1998055546875 0.90186875 0.231266666015625 0.896953646484375 0.2449 0.891841666015625 0.24734722265625 0.888499478515625 0.24594907421875 0.883977603515625 0.233364814453125 0.879455728515625 0.216934259765625 0.876113541015625 0.2088944453125 0.871984896484375 0.204 0.8621546875 0.209593517578125 0.853110416015625 0.216585185546875 0.8481953125 0.233014814453125 0.844853125 0.274613888671875 0.844853125 0.277770431640625 0.845836458984375 0.274963888671875 0.846256841796875 0.27499326171875 0.847605728515625 0.25765 0.851144791015625 0.2328305546875 0.853503646484375 0.224091666015625 0.859008853515625 0.21779907421875 0.865693228515625 0.211856482421875 0.871394791015625 0.209409259765625 0.876113541015625 0.21465277734375 0.880438541015625 0.230383333984375 0.884370833984375 0.243317591796875
4 0.844853125 0.280207408203125 0.844853125 0.277770431640625 0.838365103515625 0.296287962890625 0.838365103515625 0.306425 0.840528125 0.30467777734375 0.844853125 0.280207408203125
4 0.7489984375 0.668962962890625 0.747821353515625 0.678589814453125 0.743583853515625 0.693658333984375 0.741701041015625 0.7087268515625 0.740759375 0.732166666015625 0.741701041015625 0.749746296875 0.7447609375 0.766488888671875 0.747350521484375 0.790765740234375 0.748527603515625 0.809182408203125 0.749940103515625 0.83387777734375 0.7511171875 0.834715740234375 0.7511171875 0.795788888671875 0.744996353515625 0.750763888671875 0.743348958984375 0.723556482421875 0.743819271484375 0.70430277734375 0.748056771484375 0.684211111328125 0.752765103515625 0.669143517578125 0.75794375 0.656586111328125 0.773009896484375 0.64235462890625 0.790430208984375 0.6381694453125 0.801965103515625 0.639006482421875 0.807615103515625 0.639425 0.809969271484375 0.641517591796875 0.8073796875 0.643191666015625 0.8031421875 0.643191666015625 0.797728125 0.639843517578125 0.795373958984375 0.6427731484375 0.8017296875 0.64612222265625 0.808321353515625 0.647796296875 0.8123234375 0.6427731484375 0.811852603515625 0.6381694453125 0.8087921875 0.633146296875 0.795609375 0.633564814453125 0.780543228515625 0.634221296875 0.769479166015625 0.640081482421875 0.761475 0.646778703125 0.755825521484375 0.655568517578125 0.7489984375 0.668962962890625
1 0.605629166015625 0.591733333984375 0.607078646484375 0.591411111328125 0.609253646484375 0.59527777734375 0.609072396484375 0.600111111328125 0.607078646484375 0.6036555546875 0.6018234375 0.606233333984375 0.594211978515625 0.6101 0.5884125 0.6101 0.587688021484375 0.61622222265625 0.592036978515625 0.617833333984375 0.6001921875 0.614611111328125 0.609072396484375 0.609133333984375 0.610884375 0.60172222265625 0.612334375 0.5933444453125 0.610159375 0.587866666015625 0.606534896484375 0.584966666015625 0.6010984375 0.58947777734375 0.597111458984375 0.596566666015625 0.59113125 0.602688888671875 0.585815625 0.602596296875 0.586238021484375 0.608811111328125 0.587506771484375 0.60977777734375 0.594936978515625 0.6049444453125 0.6001921875 0.597211111328125 0.605629166015625 0.591733333984375
1 0.4491109375 0.23147407421875 0.4485796875 0.220607408203125 0.442733853515625 0.2276944453125 0.436888021484375 0.243285185546875 0.431573958984375 0.2456481484375 0.423602083984375 0.2442305546875 0.424930728515625 0.25462407421875 0.435559375 0.25509722265625 0.441139583984375 0.246592591796875 0.44459375 0.2361981484375 0.4491109375 0.23147407421875