5 0.707710322265625 0.63670590625 0.69180437109375 0.637818158203125 0.6885904921875 0.64460053515625 0.6915663046875 0.66078515625 0.7031066875 0.6763718125 0.72291097265625 0.67826531640625 0.737441240234375 0.6750633828125 0.733010041015625 0.66444476953125 0.72146966015625 0.64885811328125 0.707710322265625 0.63670590625
5 0.54711936328125 0.661049873046875 0.540078970703125 0.6746565390625 0.53808505078125 0.69009712890625 0.53845851171875 0.713021365234375 0.55183444921875 0.728478736328125 0.563765525390625 0.7232736015625 0.568973912109375 0.7010515234375 0.56875565625 0.67155879296875 0.563788951171875 0.6620701015625 0.54711936328125 0.661049873046875
5 0.541531833984375 0.47565098046875 0.5351065859375 0.480471109375 0.5302852109375 0.49064425 0.53348973828125 0.51009216015625 0.542202734375 0.520412291015625 0.554590005859375 0.521731041015625 0.573405685546875 0.50948684765625 0.574560013671875 0.4908275390625 0.564474498046875 0.469674912109375 0.546201099609375 0.463302595703125 0.541531833984375 0.47565098046875
5 0.50008809765625 0.4719913671875 0.49427128125 0.48551247265625 0.48768411328125 0.514388607421875 0.49440673828125 0.53140462890625 0.503351478515625 0.536243388671875 0.512683234375 0.529033208984375 0.518963150390625 0.50455124609375 0.51866880859375 0.47397043359375 0.50008809765625 0.4719913671875
5 0.467059916015625 0.456814810546875 0.480591125 0.46570461328125 0.494281216796875 0.459283072265625 0.49880198828125 0.436015669921875 0.48542605078125 0.420558296875 0.466465037109375 0.413140658203125 0.457129669921875 0.42909461328125 0.4563592578125 0.44444871875 0.467059916015625 0.456814810546875
5 0.53550146875 0.248752255859375 0.520971720703125 0.25195415625 0.51836884765625 0.258693806640625 0.517139015625 0.276265919921875 0.521493673828125 0.285797408203125 0.52798816796875 0.29955102734375 0.540223396484375 0.298695455078125 0.54848368359375 0.293746080078125 0.554072306640625 0.2769616484375 0.55178404296875 0.26182142578125 0.53550146875 0.248752255859375
5 0.308110908203125 0.18815178515625 0.293194080078125 0.203401701171875 0.29716172265625 0.224982130859375 0.308778646484375 0.24165591015625 0.33439975 0.2300283125 0.340980203125 0.218639689453125 0.3396873203125 0.200150578125 0.331893228515625 0.185395359375 0.308110908203125 0.18815178515625
7 0.82479382421875 0.92716370703125 0.819327205078125 0.933686853515625 0.81416905078125 0.937557953125 0.811216951171875 0.95180228125 0.81065927734375 0.965002041015625 0.81433894921875 0.975274083984375 0.82289975390625 0.977713412109375 0.8292841640625 0.977266970703125 0.834108845703125 0.968626962890625 0.837552388671875 0.95434733984375 0.84197797265625 0.939999974609375 0.8441948046875 0.922296654296875 0.857102640625 0.881034626953125 0.862520849609375 0.838540193359375 0.86554777734375 0.790072091796875 0.865450146484375 0.725151314453125 0.84477771484375 0.683605109375 0.829987927734375 0.669723345703125 0.81936880078125 0.666079296875 0.810650484375 0.66844321484375 0.819732587890625 0.678337486328125 0.831147951171875 0.68631246875 0.8385703125 0.70070941015625 0.844150791015625 0.716989421875 0.84942550390625 0.728904205078125 0.853898849609375 0.750526310546875 0.852908724609375 0.771653326171875 0.8509914921875 0.807760205078125 0.8473571484375 0.840478607421875 0.84077833203125 0.866383033203125 0.831921580078125 0.909116984375 0.82479382421875 0.92716370703125
7 0.549147451171875 0.62004741015625 0.555110640625 0.5994507109375 0.55063473046875 0.584847732421875 0.53639696875 0.571804505859375 0.529884837890625 0.584543505859375 0.527423791015625 0.59875442578125 0.524282935546875 0.6244184453125 0.522185611328125 0.65088662890625 0.517635390625 0.67050738671875 0.511911349609375 0.708635666015625 0.49814623828125 0.744693890625 0.47928913671875 0.771457826171875 0.451841373046875 0.7882921953125 0.42255640234375 0.79297233984375 0.38854624609375 0.7935962890625 0.3975036484375 0.80876302734375 0.445878765625 0.808889783203125 0.4872614765625 0.793712396484375 0.5169952578125 0.738989228515625 0.52959778125 0.693361009765625 0.537657708984375 0.64629523828125 0.54226896875 0.627547349609375 0.549147451171875 0.62004741015625
7 0.286215462890625 0.777061837890625 0.27418947265625 0.760354474609375 0.26436966796875 0.754022193359375 0.25485209375 0.759075265625 0.246800310546875 0.785082689453125 0.268094017578125 0.807282876953125 0.28313314453125 0.810618779296875 0.3033838359375 0.83201476171875 0.32080661328125 0.86238264453125 0.3506221875 0.91469598828125 0.35761203125 0.93701926171875 0.36938868359375 0.964272484375 0.37222376953125 0.934243236328125 0.364626447265625 0.896169341796875 0.35493890625 0.863505357421875 0.327204818359375 0.8268395625 0.30689354296875 0.80456975 0.286215462890625 0.777061837890625
7 0.265184828125 0.7092182265625 0.27052366015625 0.7149867109375 0.27573983203125 0.71900857421875 0.282859962890625 0.722020162109375 0.297102787109375 0.72102420703125 0.30208348046875 0.700496208984375 0.292510453125 0.6906371953125 0.28189126171875 0.68699222265625 0.26635812890625 0.690710744140625 0.24978704296875 0.679585880859375 0.215540822265625 0.655659083984375 0.179332626953125 0.624849603515625 0.151898203125 0.606588294921875 0.128945271484375 0.5888907421875 0.1196774921875 0.58339699609375 0.115071296875 0.588105705078125 0.117277482421875 0.59848078515625 0.147533720703125 0.621809453125 0.173863572265625 0.63839373046875 0.197615826171875 0.653403046875 0.2262764375 0.675088087890625 0.253586224609375 0.698622791015625 0.265184828125 0.7092182265625
6 0.8469985234375 0.22625184375 0.8603228125 0.234989970703125 0.876332380859375 0.24005591015625 0.902010716796875 0.234137298828125 0.914420525390625 0.220897716796875 0.9264065 0.185006595703125 0.918272119140625 0.143306703125 0.902920392578125 0.114482369140625 0.876097537109375 0.095738333984375 0.853173681640625 0.066413208984375 0.849274744140625 0.076995220703125 0.859218208984375 0.103105017578125 0.877891052734375 0.121386814453125 0.899449103515625 0.139467787109375 0.911990740234375 0.16127196484375 0.911329537109375 0.193277533203125 0.897328697265625 0.216937744140625 0.86956109375 0.21784915625 0.846340771484375 0.209162578125 0.8469985234375 0.22625184375
6 0.8668835078125 0.202830833984375 0.86712801171875 0.16647150390625 0.869885140625 0.122977857421875 0.860871048828125 0.118453962890625 0.855949923828125 0.164159505859375 0.859680474609375 0.217508861328125 0.86780548828125 0.283953017578125 0.886965529296875 0.35065581640625 0.89384939453125 0.45739489453125 0.901858603515625 0.44755575 0.896971322265625 0.402535150390625 0.890867244140625 0.331825740234375 0.879417296875 0.284172255859375 0.868759732421875 0.239555154296875 0.8668835078125 0.202830833984375
7 0.131621740234375 0.246227666015625 0.125888134765625 0.23837516015625 0.11525892578125 0.231391271484375 0.097059630859375 0.230088169921875 0.092690013671875 0.229750490234375 0.09056865234375 0.240844939453125 0.093085921875 0.25612415625 0.104209599609375 0.2650050234375 0.118715025390625 0.2652781015625 0.133760328125 0.268090076171875 0.20938676953125 0.29821766015625 0.261453802734375 0.322910611328125 0.305769865234375 0.355871794921875 0.313657810546875 0.344373177734375 0.281636810546875 0.321499279296875 0.23006800390625 0.28840109765625 0.131621740234375 0.246227666015625
5 0.16992181640625 0.135642162109375 0.174190396484375 0.131533466796875 0.17698591796875 0.12489822265625 0.174737599609375 0.113465169921875 0.166584462890625 0.110815412109375 0.156493478515625 0.11152104296875 0.148609228515625 0.11271652734375 0.145229525390625 0.116171810546875 0.14171284765625 0.122857482421875 0.14202490625 0.132494373046875 0.14891337890625 0.142959720703125 0.1586443046875 0.14227926953125 0.16992181640625 0.135642162109375
6 0.782781783203125 0 0.796310984375 0.0170567421875 0.81541976171875 0.0635165859375 0.831459470703125 0.1101910390625 0.85457015625 0.150886384765625 0.858904345703125 0.137262896484375 0.83847593359375 0.103432353515625 0.81515591015625 0.034544044921875 0.79910382421875 0 0.782781783203125 0
7 0.8547904609375 0.43900898046875 0.8633167421875 0.42699977734375 0.86542811328125 0.41892077734375 0.8599408671875 0.4042353671875 0.843794912109375 0.409329619140625 0.83008398046875 0.43011723828125 0.81914889453125 0.4459519375 0.79939490234375 0.4568508984375 0.7869674375 0.457719912109375 0.77781903515625 0.44170331640625 0.773884134765625 0.43008097265625 0.77073119921875 0.4041284296875 0.7725687578125 0.385757349609375 0.775795357421875 0.361737650390625 0.78241141015625 0.32241089453125 0.78332207421875 0.2588954296875 0.77688566015625 0.26251805078125 0.768990494140625 0.30907293359375 0.757480697265625 0.38046732421875 0.759355037109375 0.41364795703125 0.770825833984375 0.450123685546875 0.789292009765625 0.471833806640625 0.821529146484375 0.460854607421875 0.83029769921875 0.45231009375 0.838735623046875 0.439029884765625 0.8547904609375 0.43900898046875
8 0.83950333984375 0.436793103515625 0.8386730703125 0.430093962890625 0.83732362109375 0.426326138671875 0.834351931640625 0.4278213359375 0.831176943359375 0.43158345703125 0.830701986328125 0.43773063671875 0.83461772265625 0.43938744921875 0.838399634765625 0.4391229921875 0.83950333984375 0.436793103515625
7 0.813118791015625 0.509755775390625 0.812812046875 0.49372144921875 0.8122999765625 0.482523408203125 0.813524376953125 0.4586242265625 0.817336943359375 0.435510302734375 0.8255142265625 0.417883056640625 0.83389659375 0.392840107421875 0.847502220703125 0.36485712109375 0.8602746796875 0.337898638671875 0.8575316015625 0.329723775390625 0.849081234375 0.3434457421875 0.84083789453125 0.35753750390625 0.8257001484375 0.389488884765625 0.817204666015625 0.41550505859375 0.80776045703125 0.451241646484375 0.8059054609375 0.476471390625 0.803198443359375 0.492107572265625 0.79889147265625 0.5133254375 0.796995798828125 0.527617486328125 0.800370525390625 0.53188599609375 0.811017513671875 0.53146356640625 0.813294400390625 0.522615591796875 0.813118791015625 0.509755775390625
7 0.808039462890625 0.34072612109375 0.811495986328125 0.329342462890625 0.811804306640625 0.324694818359375 0.815676919921875 0.323136623046875 0.835758693359375 0.31272153125 0.8537922578125 0.301485275390625 0.86651751171875 0.281609376953125 0.86940904296875 0.253089125 0.868273435546875 0.218735583984375 0.860123244140625 0.22381091796875 0.85971664453125 0.228344771484375 0.863760865234375 0.247369189453125 0.85949633984375 0.27695169140625 0.846593095703125 0.291691384765625 0.82022793359375 0.310590451171875 0.80595512890625 0.316092994140625 0.793504947265625 0.32436495703125 0.788233962890625 0.334387615234375 0.7880960546875 0.34276393359375 0.79221159375 0.352452302734375 0.799414837890625 0.3519486015625 0.808039462890625 0.34072612109375
7 0.936879916015625 0.39181218359375 0.927844150390625 0.391980859375 0.916258849609375 0.39968926953125 0.907524669921875 0.401587416015625 0.877496576171875 0.40433134765625 0.8559574375 0.399079380859375 0.83874248046875 0.385802525390625 0.825062427734375 0.371312240234375 0.811474404296875 0.350380400390625 0.801713052734375 0.32982420703125 0.792674716796875 0.30149401171875 0.78771183984375 0.26933965625 0.7886641328125 0.249321685546875 0.786234505859375 0.245629396484375 0.78335240234375 0.248405724609375 0.78370421875 0.271550525390625 0.7871379375 0.29995055078125 0.79750212890625 0.334302001953125 0.816170369140625 0.373543509765625 0.829422529296875 0.389672263671875 0.848122478515625 0.403488513671875 0.868714669921875 0.413312115234375 0.881499453125 0.414991978515625 0.91220178515625 0.414132458984375 0.91636550390625 0.41673724609375 0.9314674609375 0.42050871484375 0.938290013671875 0.414560900390625 0.94018508984375 0.40284368359375 0.936879916015625 0.39181218359375
7 0.684869580078125 0 0.69824309375 0.122410732421875 0.69929263671875 0.13395545703125 0.70409830078125 0.16115871875 0.711438046875 0.172694267578125 0.71746333203125 0.15850328515625 0.7151835625 0.136286900390625 0.70739723828125 0.111443603515625 0.70511389453125 0.0995544765625 0.699591603515625 0.05518902734375 0.6903380703125 0.0093636328125 0.69538990234375 0.02278002734375 0.70883459765625 0.048949439453125 0.7079362890625 0.03610303125 0.704148162109375 0.02345869921875 0.6970231640625 0.001151375 0.696515861328125 0 0.684869580078125 0
7 0.834311681640625 0 0.833824716796875 0.00597588671875 0.82584685546875 0.0522516015625 0.81964087109375 0.0925669765625 0.816359435546875 0.1355960625 0.818043234375 0.183142576171875 0.82724433203125 0.232593423828125 0.83512859765625 0.255387859375 0.84288891015625 0.245117806640625 0.828115904296875 0.17465630859375 0.8263281015625 0.133439876953125 0.827635111328125 0.09346707421875 0.835034625 0.046745431640625 0.840862861328125 0.0166702421875 0.84396111328125 0.01013078125 0.84633449609375 0 0.834311681640625 0
7 0.134224056640625 0.69358216796875 0.13334622265625 0.6810285625 0.12758136328125 0.66881669140625 0.11618178125 0.657968794921875 0.1113633515625 0.655394009765625 0.106916375 0.65813125390625 0.0913812890625 0.63495755078125 0.067532794921875 0.6060581484375 0.045580984375 0.58867021875 0.018466076171875 0.583288365234375 0.00794270703125 0.588875865234375 0.00753209765625 0.598608771484375 0.011876177734375 0.598305001953125 0.03580317578125 0.597117306640625 0.065866939453125 0.613452548828125 0.0924601171875 0.6542905 0.10850326953125 0.680824912109375 0.112165529296875 0.690273015625 0.125466716796875 0.697105333984375 0.134224056640625 0.69358216796875
4 0.686580716796875 0 0.687676927734375 0.0068329140625 0.692812255859375 0.041968615234375 0.697104658203125 0.07461445703125 0.702449837890625 0.112743736328125 0.70604636328125 0.116294095703125 0.698431615234375 0.05847609765625 0.69529847265625 0.045596615234375 0.69003757421875 0.005476978515625 0.6892340390625 0 0.686580716796875 0
4 0.297539640625 0.709583455078125 0.289077607421875 0.70699613671875 0.278278892578125 0.70424828125 0.26955562109375 0.6965064453125 0.259531501953125 0.6896640234375 0.2498455625 0.685492482421875 0.23513004296875 0.674397515625 0.2132765234375 0.658952833984375 0.197618525390625 0.6473863515625 0.181233326171875 0.6345220625 0.17152987109375 0.6279273203125 0.14659378515625 0.6094653203125 0.13174701953125 0.596493453125 0.12463880859375 0.59321928515625 0.12085063671875 0.59321500390625 0.1226590625 0.595243796875 0.13696072265625 0.6047508046875 0.15011214453125 0.615145765625 0.167427443359375 0.628752537109375 0.183481271484375 0.6394838203125 0.20141903515625 0.653316240234375 0.225762388671875 0.672089791015625 0.25054070703125 0.68840757421875 0.2718141015625 0.70227591796875 0.27326370703125 0.7056766015625 0.2800473046875 0.70951274609375 0.297045833984375 0.71425149609375 0.297539640625 0.709583455078125
1 0.28065739453125 0.786824255859375 0.275947142578125 0.78227229296875 0.269146216796875 0.781107755859375 0.26552334765625 0.782063728515625 0.262982615234375 0.783412765625 0.259770443359375 0.78270083984375 0.2586073125 0.781142068359375 0.25860881640625 0.777393015625 0.259445900390625 0.774289099609375 0.2613646015625 0.77157828515625 0.271442412109375 0.776261701171875 0.28543344921875 0.79168255859375 0.296819107421875 0.80564642578125 0.307482796875 0.82059731640625 0.34150697265625 0.871602787109375 0.35913837890625 0.90460326953125 0.36409805078125 0.922764501953125 0.364766421875 0.93232264453125 0.366388099609375 0.934786822265625 0.366830828125 0.933584490234375 0.364738451171875 0.918736873046875 0.3602862109375 0.904054271484375 0.342892921875 0.87012844140625 0.33170499609375 0.85334019921875 0.31045959375 0.820855109375 0.29964811328125 0.805679720703125 0.28573911328125 0.78955048828125 0.27667971484375 0.77870416796875 0.271715978515625 0.773663140625 0.264146216796875 0.767163310546875 0.25978673046875 0.76700034765625 0.256113919921875 0.7710051953125 0.254931439453125 0.776710837890625 0.256404275390625 0.782698609375 0.25858228515625 0.78746662890625 0.262990732421875 0.788329732421875 0.267498533203125 0.78684314453125 0.271809125 0.78630688671875 0.27803593359375 0.790557880859375 0.280442662109375 0.7967151796875 0.28272355859375 0.789761357421875 0.28065739453125 0.786824255859375