5 0.597408333984375 0.427087962890625 0.586988021484375 0.43635 0.5806203125 0.449728703125 0.580041666015625 0.465165740234375 0.581199478515625 0.484718517578125 0.583515103515625 0.4991268515625 0.59335625 0.4991268515625 0.603776041015625 0.4991268515625 0.606091666015625 0.4785444453125 0.6043546875 0.451787037109375 0.601460416015625 0.438408333984375 0.597408333984375 0.427087962890625
5 0.3704859375 0.709068517578125 0.379747916015625 0.69260277734375 0.3803265625 0.668932408203125 0.371643228515625 0.654525 0.356013541015625 0.656583333984375 0.350225 0.655553703125 0.338646875 0.676136111328125 0.334016146484375 0.71009722265625 0.3444359375 0.714213888671875 0.3704859375 0.709068517578125
5 0.343278125 0.793456482421875 0.3490671875 0.806835185546875 0.3589078125 0.805806482421875 0.371064583984375 0.79860277734375 0.373958853515625 0.773903703125 0.365275521484375 0.752291666015625 0.35775 0.739942591796875 0.351382291015625 0.750233333984375 0.343857291015625 0.757437037109375 0.336331771484375 0.76567037109375 0.3398046875 0.78007777734375 0.343278125 0.793456482421875
5 0.715365625 0.810193517578125 0.725206771484375 0.795786111328125 0.725785416015625 0.775203703125 0.721733333984375 0.751533333984375 0.715365625 0.74432962890625 0.708997916015625 0.7433 0.697998958984375 0.752562962890625 0.695683333984375 0.77314537109375 0.695683333984375 0.79990277734375 0.703208853515625 0.8132805546875 0.715365625 0.810193517578125
5 0.643140103515625 0.7306805546875 0.646034375 0.72965092578125 0.652402083984375 0.725534259765625 0.6541390625 0.71627222265625 0.654717708984375 0.705981482421875 0.6518234375 0.695689814453125 0.637930208984375 0.696718517578125 0.620563541015625 0.699806482421875 0.6136171875 0.725534259765625 0.617669271484375 0.733767591796875 0.6280890625 0.737884259765625 0.643140103515625 0.7306805546875
5 0.052678646484375 0.4991268515625 0.059625 0.4867768515625 0.057309375 0.463107408203125 0.049783853515625 0.457961111328125 0.0428375 0.451787037109375 0.028365103515625 0.465165740234375 0.019103125 0.488835185546875 0.030102083984375 0.4939805546875 0.040521875 0.503243517578125 0.052678646484375 0.4991268515625
5 0.801175521484375 0.3931268515625 0.813331771484375 0.378718517578125 0.8115953125 0.351961111328125 0.800596353515625 0.33549537109375 0.789597396484375 0.331378703125 0.780914583984375 0.33652407421875 0.770494271484375 0.35607777734375 0.779177603515625 0.378718517578125 0.787282291015625 0.383863888671875 0.801175521484375 0.3931268515625
5 0.761232291015625 0.134815740234375 0.7710734375 0.12967037109375 0.775704166015625 0.103941666015625 0.769336458984375 0.079242591796875 0.758338021484375 0.066893517578125 0.7519703125 0.06174722265625 0.739813541015625 0.084387962890625 0.742129166015625 0.110116666015625 0.748496875 0.12452407421875 0.761232291015625 0.134815740234375
5 0.877008853515625 0.20685462890625 0.881640103515625 0.1883305546875 0.879324478515625 0.170835185546875 0.874114583984375 0.157456482421875 0.857905728515625 0.165689814453125 0.846907291015625 0.183184259765625 0.842276041015625 0.210971296875 0.845749478515625 0.22332037109375 0.858484896484375 0.22949537109375 0.867746875 0.220233333984375 0.877008853515625 0.20685462890625
5 0.6732421875 0.631884259765625 0.695239583984375 0.620563888671875 0.700449478515625 0.5927768515625 0.690608333984375 0.58660277734375 0.669189583984375 0.582486111328125 0.659927603515625 0.581456482421875 0.6471921875 0.5999805546875 0.648928646484375 0.627767591796875 0.660506771484375 0.634971296875 0.6732421875 0.631884259765625
5 0.633298958984375 0.570136111328125 0.639666666015625 0.570136111328125 0.646613541015625 0.562932408203125 0.640824478515625 0.54132037109375 0.634456771484375 0.534116666015625 0.626352603515625 0.52485462890625 0.6257734375 0.519709259765625 0.614774478515625 0.52382592578125 0.607248958984375 0.539262962890625 0.61014375 0.55984537109375 0.633298958984375 0.570136111328125
7 0.496902603515625 0.486965740234375 0.482140625 0.488909259765625 0.472298958984375 0.489881482421875 0.459177083984375 0.490853703125 0.440041146484375 0.49862962890625 0.419265103515625 0.502517591796875 0.401769271484375 0.505433333984375 0.386460416015625 0.519040740234375 0.3777125 0.540425 0.376072396484375 0.55500462890625 0.375525521484375 0.578332408203125 0.379352603515625 0.599715740234375 0.383180208984375 0.610407408203125 0.389740625 0.59582777734375 0.390834375 0.58027592578125 0.392474478515625 0.56472407421875 0.403409375 0.544312962890625 0.4110640625 0.535564814453125 0.420905208984375 0.53070462890625 0.432933333984375 0.527788888671875 0.444961978515625 0.5258444453125 0.453709896484375 0.521956482421875 0.466831771484375 0.516125 0.4750328125 0.53264907421875 0.4881546875 0.53264907421875 0.497448958984375 0.528761111328125 0.505103646484375 0.51709722265625 0.503463541015625 0.5005731484375 0.496902603515625 0.486965740234375
7 0.5981515625 0.8139768515625 0.593614583984375 0.8455694453125 0.593614583984375 0.8744731484375 0.6004203125 0.906737037109375 0.6042015625 0.903403703125 0.6011765625 0.887271296875 0.6019328125 0.865088888671875 0.6049578125 0.840218517578125 0.609494791015625 0.82072592578125 0.615922396484375 0.801232408203125 0.632936978515625 0.77434537109375 0.638608333984375 0.758886111328125 0.650707291015625 0.746786111328125 0.663941146484375 0.7313268515625 0.678686978515625 0.7185555546875 0.686248958984375 0.710488888671875 0.6938109375 0.70847222265625 0.700994791015625 0.705784259765625 0.708556771484375 0.70175092578125 0.713471875 0.698389814453125 0.71611875 0.686290740234375 0.71611875 0.674191666015625 0.715740625 0.668813888671875 0.71158125 0.664781482421875 0.706288021484375 0.665453703125 0.700616666015625 0.66679722265625 0.6934328125 0.674863888671875 0.6870046875 0.680240740234375 0.683980208984375 0.686962962890625 0.664697396484375 0.70710092578125 0.635583333984375 0.74205462890625 0.624240625 0.75617037109375 0.608738541015625 0.78372962890625 0.5981515625 0.8139768515625
7 0.999479166015625 0.561081482421875 0.9988875 0.534533333984375 0.984358333984375 0.519466666015625 0.919380208984375 0.515161111328125 0.8919359375 0.51157407421875 0.884267708984375 0.5065518515625 0.861263021484375 0.5137268515625 0.853191146484375 0.524488888671875 0.8471375 0.54960092578125 0.870545833984375 0.557493517578125 0.879828125 0.562515740234375 0.895164583984375 0.553906482421875 0.9160140625 0.549687962890625 0.9218015625 0.544578703125 0.935523958984375 0.54027407421875 0.946824478515625 0.540991666015625 0.980726041015625 0.55462407421875 0.999479166015625 0.561081482421875
6 0.254366666015625 0.9178194453125 0.270060416015625 0.8996805546875 0.278691666015625 0.875263888671875 0.282615103515625 0.857125 0.284969271484375 0.836893517578125 0.286538541015625 0.815963888671875 0.2830078125 0.817359259765625 0.281045833984375 0.837590740234375 0.276338021484375 0.861311111328125 0.26770625 0.877356482421875 0.256328646484375 0.896890740234375 0.24338125 0.90735462890625 0.2229796875 0.90735462890625 0.213955728515625 0.89549537109375 0.204147396484375 0.875263888671875 0.199046875 0.855032408203125 0.195908333984375 0.8292194453125 0.1951234375 0.807592591796875 0.192377083984375 0.783175 0.185315103515625 0.7741055546875 0.183967708984375 0.78475092578125 0.185707291015625 0.817359259765625 0.190415103515625 0.863403703125 0.1986546875 0.889216666015625 0.217879166015625 0.919214814453125 0.237103646484375 0.924796296875 0.254366666015625 0.9178194453125
7 0.106555728515625 0.19482037109375 0.123034375 0.182262962890625 0.144220833984375 0.172496296875 0.160698958984375 0.1697055546875 0.175215625 0.1697055546875 0.173646353515625 0.157846296875 0.145790103515625 0.15575277734375 0.121465103515625 0.166914814453125 0.092431771484375 0.18714722265625 0.072814583984375 0.213657408203125 0.044958333984375 0.2457481484375 0.0355421875 0.254817591796875 0.0269109375 0.255515740234375 0.0147484375 0.265282408203125 0.00729375 0.284816666015625 0.00729375 0.298071296875 0.014452603515625 0.30257407421875 0.028480208984375 0.292490740234375 0.039858333984375 0.270165740234375 0.056728646484375 0.2520268515625 0.073206771484375 0.2290055546875 0.089685416015625 0.209471296875 0.106555728515625 0.19482037109375
6 0.492133853515625 0.043596296875 0.506484375 0.0252555546875 0.526216146484375 0.0276481484375 0.540566666015625 0.045987962890625 0.545947916015625 0.054760185546875 0.5495359375 0.041203703125 0.541015103515625 0.023661111328125 0.529803646484375 0.01169907421875 0.5132109375 0.0109018515625 0.497515103515625 0.01887592578125 0.481370833984375 0.038013888671875 0.475989583984375 0.061138888671875 0.477783333984375 0.087453703125 0.486752603515625 0.1177555546875 0.5042421875 0.1408805546875 0.528906771484375 0.139286111328125 0.544602603515625 0.129717591796875 0.541284375 0.113337962890625 0.522628646484375 0.124932408203125 0.5069328125 0.122540740234375 0.490340103515625 0.09782037109375 0.484509896484375 0.068315740234375 0.492133853515625 0.043596296875
6 0.7431328125 0.036896296875 0.730576041015625 0.03609907421875 0.720261458984375 0.028125 0.716673958984375 0.016163888671875 0.712189583984375 0.016163888671875 0.714431771484375 0.032909259765625 0.718019271484375 0.045668517578125 0.726988541015625 0.05204722265625 0.7413390625 0.048858333984375 0.756586458984375 0.0440731484375 0.770040103515625 0.032909259765625 0.78349375 0.017758333984375 0.797208333984375 0.0021055546875 0.787978125 0.001012962890625 0.781251041015625 0.007392591796875 0.771833853515625 0.0209481484375 0.757931771484375 0.030517591796875 0.7431328125 0.036896296875
7 0.8063546875 0.431346296875 0.807649478515625 0.425360185546875 0.807390625 0.417531482421875 0.8042828125 0.412466666015625 0.798844791015625 0.4060194453125 0.791852603515625 0.403716666015625 0.78330625 0.401414814453125 0.777867708984375 0.3986518515625 0.770616666015625 0.3917444453125 0.765955208984375 0.380692591796875 0.759998958984375 0.3544444453125 0.756891146484375 0.325434259765625 0.755078646484375 0.300567591796875 0.753783853515625 0.280766666015625 0.753265625 0.24392777734375 0.7522296875 0.2162981484375 0.749898958984375 0.19327407421875 0.7444609375 0.19235277734375 0.744719791015625 0.213075 0.745496875 0.2314944453125 0.746014583984375 0.247611111328125 0.747827603515625 0.2890555546875 0.749898958984375 0.30977777734375 0.751970833984375 0.345235185546875 0.757150521484375 0.372403703125 0.7644015625 0.395888888671875 0.770875521484375 0.40832222265625 0.7751171875 0.4122194453125 0.7783859375 0.421215740234375 0.782788541015625 0.425360185546875 0.790557291015625 0.431806482421875 0.797549478515625 0.435490740234375 0.80350625 0.43364907421875 0.8063546875 0.431346296875
5 0.8987359375 0.861362037109375 0.899305728515625 0.84920092578125 0.898355728515625 0.83670092578125 0.896076041015625 0.8248768515625 0.892276041015625 0.82149907421875 0.886006771484375 0.821161111328125 0.883536978515625 0.8282555546875 0.882586978515625 0.8373768515625 0.8837265625 0.8505518515625 0.885056771484375 0.8671055546875 0.884866666015625 0.87487592578125 0.889616146484375 0.87757777734375 0.893416146484375 0.877915740234375 0.8958859375 0.873186111328125 0.8987359375 0.861362037109375
5 0.901585416015625 0.926562962890625 0.905575521484375 0.932981482421875 0.909565103515625 0.938387037109375 0.9135546875 0.941765740234375 0.9183046875 0.940413888671875 0.920584375 0.934333333984375 0.919824478515625 0.922171296875 0.917164583984375 0.91237407421875 0.913744791015625 0.8978481484375 0.906715103515625 0.887712962890625 0.901585416015625 0.887037037109375 0.896270833984375 0.89472407421875 0.896076041015625 0.8944694453125 0.8958859375 0.898185185546875 0.896076041015625 0.908658333984375 0.8977859375 0.918792591796875 0.901585416015625 0.926562962890625
5 0.870047396484375 0.865753703125 0.8753671875 0.86440277734375 0.8782171875 0.859335185546875 0.878027083984375 0.846160185546875 0.876127083984375 0.838389814453125 0.870427603515625 0.828593517578125 0.864728125 0.82352592578125 0.860547916015625 0.819809259765625 0.8548484375 0.82149907421875 0.851428646484375 0.827241666015625 0.852188541015625 0.83535 0.855988541015625 0.843457408203125 0.8595984375 0.850213888671875 0.863588021484375 0.858660185546875 0.870047396484375 0.865753703125
5 0.862447916015625 0.878253703125 0.870617708984375 0.879267591796875 0.876127083984375 0.879267591796875 0.881066666015625 0.8742 0.883156771484375 0.866091666015625 0.881636978515625 0.85899722265625 0.877457291015625 0.852578703125 0.868147916015625 0.84784907421875 0.859028125 0.844471296875 0.85446875 0.84582222265625 0.851806771484375 0.852161111328125 0.851048958984375 0.857308333984375 0.851238541015625 0.865078703125 0.853708333984375 0.871159259765625 0.857508333984375 0.874537962890625 0.862447916015625 0.878253703125
6 0.616132291015625 0.849475 0.626002083984375 0.8456805546875 0.638540103515625 0.83524537109375 0.6537453125 0.81532222265625 0.666816666015625 0.79350277734375 0.6868234375 0.75935092578125 0.7033625 0.728518517578125 0.7102984375 0.711916666015625 0.7143 0.70385277734375 0.715366666015625 0.694840740234375 0.711632291015625 0.690571296875 0.707897396484375 0.692943517578125 0.7025625 0.70432777734375 0.696427083984375 0.717609259765625 0.684155728515625 0.7408518515625 0.674819271484375 0.7636194453125 0.6633484375 0.784016666015625 0.652411458984375 0.802040740234375 0.636939583984375 0.820065740234375 0.622267708984375 0.83239907421875 0.610263541015625 0.837616666015625 0.596125 0.834296296875 0.584120833984375 0.827181482421875 0.573183853515625 0.819591666015625 0.565714583984375 0.811053703125 0.562513541015625 0.818643517578125 0.564647396484375 0.82812962890625 0.5758515625 0.839039814453125 0.586788541015625 0.846628703125 0.605194791015625 0.849475 0.616132291015625 0.849475
6 0.7677234375 0 0.754319271484375 0.00415277734375 0.7295203125 0.014282408203125 0.690981771484375 0.022625 0.6658484375 0.027987962890625 0.6563625 0.0289231484375 0.657135416015625 0.0405018515625 0.7181265625 0.02977592578125 0.768058853515625 0.013090740234375 0.779117708984375 0.00415277734375 0.783473958984375 0 0.7677234375 0
6 0.945697396484375 0.10605277734375 0.939330208984375 0.11797037109375 0.930281771484375 0.132271296875 0.92156875 0.13942222265625 0.9138609375 0.1507444453125 0.911515103515625 0.158490740234375 0.915536458984375 0.162065740234375 0.9208984375 0.154915740234375 0.9292765625 0.144785185546875 0.937319271484375 0.136442591796875 0.9433515625 0.129887962890625 0.948713021484375 0.119162037109375 0.952734375 0.10605277734375 0.955415625 0.09175092578125 0.955415625 0.078641666015625 0.952734375 0.061956482421875 0.948043228515625 0.049443517578125 0.9406703125 0.035141666015625 0.929946875 0.01905277734375 0.918552603515625 0.006539814453125 0.912855728515625 0.0011768515625 0.9043171875 0.002109259765625 0.9172125 0.01905277734375 0.9336328125 0.04050462890625 0.94268125 0.0601694453125 0.9470375 0.07447037109375 0.948043228515625 0.0911555546875 0.945697396484375 0.10605277734375
7 0.160427603515625 0.890678703125 0.167630208984375 0.8825018515625 0.165504166015625 0.831106482421875 0.1511453125 0.718687962890625 0.134398958984375 0.618396296875 0.100031771484375 0.5638055546875 0.077192708984375 0.548556482421875 0.074397396484375 0.571490740234375 0.102174478515625 0.60305277734375 0.126454166015625 0.65829907421875 0.14029375 0.761167591796875 0.1447375 0.845432408203125 0.150565103515625 0.88667037109375 0.160427603515625 0.890678703125
6 0.944835416015625 0.497117591796875 0.951259375 0.483288888671875 0.9434828125 0.468858333984375 0.936044271484375 0.47727592578125 0.9296203125 0.519964814453125 0.949230728515625 0.586103703125 0.952611458984375 0.636007408203125 0.956330728515625 0.697937037109375 0.95666875 0.753853703125 0.955147396484375 0.775537962890625 0.9556546875 0.79470277734375 0.9678265625 0.762234259765625 0.966473958984375 0.66122407421875 0.959373958984375 0.56802962890625 0.941454166015625 0.52237037109375 0.944835416015625 0.497117591796875
7 0.978866146484375 0.609160185546875 0.9460703125 0.623590740234375 0.928488541015625 0.63862222265625 0.916316666015625 0.645236111328125 0.904821353515625 0.655457408203125 0.9007640625 0.6668805546875 0.901778125 0.683114814453125 0.915640625 0.680710185546875 0.926797916015625 0.665678703125 0.9322078125 0.653653703125 0.944041666015625 0.6428305546875 0.968722916015625 0.6308055546875 0.985628646484375 0.624793517578125 0.997123958984375 0.622387962890625 0.994757291015625 0.608559259765625 0.978866146484375 0.609160185546875
7 0.9461875 0.773342591796875 0.940440103515625 0.7883731484375 0.928268228515625 0.817835185546875 0.917786978515625 0.828056482421875 0.908995833984375 0.838878703125 0.9032484375 0.8491 0.8927671875 0.87435277734375 0.894119271484375 0.889384259765625 0.905277083984375 0.892390740234375 0.911616146484375 0.87847222265625 0.922858333984375 0.856916666015625 0.9313109375 0.83467037109375 0.947540103515625 0.817835185546875 0.95666875 0.804607408203125 0.958021353515625 0.778753703125 0.9461875 0.773342591796875
4 0.062186458984375 0.236012962890625 0.093668228515625 0.20070462890625 0.119015625 0.178313888671875 0.132415625 0.169988888671875 0.14339375 0.16797962890625 0.1666421875 0.166257408203125 0.165834896484375 0.16367407421875 0.16066875 0.163961111328125 0.135805728515625 0.165109259765625 0.122405728515625 0.17199907421875 0.113041666015625 0.179462037109375 0.094636978515625 0.196492591796875 0.075425 0.21572592578125 0.059764583984375 0.234958333984375 0.0397453125 0.25797222265625 0.027636458984375 0.2763444453125 0.015689583984375 0.2932805546875 0.013429166015625 0.295003703125 0.012245833984375 0.288083333984375 0.0114921875 0.294860185546875 0.0129453125 0.299453703125 0.015366666015625 0.29887962890625 0.0407140625 0.26414537109375 0.062186458984375 0.236012962890625
1 0.495440625 0.519985185546875 0.498216666015625 0.5178694453125 0.4996046875 0.510818517578125 0.495440625 0.499536111328125 0.488500521484375 0.499536111328125 0.437739583984375 0.5090555546875 0.4179109375 0.513638888671875 0.408790103515625 0.517516666015625 0.3980828125 0.525978703125 0.388366666015625 0.537260185546875 0.384004166015625 0.547484259765625 0.381228125 0.588381482421875 0.384598958984375 0.589439814453125 0.384995833984375 0.558413888671875 0.387969791015625 0.543606482421875 0.394513541015625 0.53514537109375 0.402444791015625 0.5252731484375 0.413350521484375 0.520689814453125 0.426040625 0.5154018515625 0.445670833984375 0.5115231484375 0.4692671875 0.506587037109375 0.4732328125 0.509760185546875 0.471447916015625 0.506235185546875 0.4728359375 0.503766666015625 0.4793796875 0.504825 0.486914583984375 0.512933333984375 0.490880208984375 0.51927962890625 0.495440625 0.519985185546875
1 0.800440103515625 0.41080277734375 0.79378125 0.409936111328125 0.786309896484375 0.408492591796875 0.7811125 0.403583333984375 0.7778640625 0.40242777734375 0.776077603515625 0.402716666015625 0.770067708984375 0.3928981484375 0.7648703125 0.379613888671875 0.759672916015625 0.362286111328125 0.7562625 0.344381482421875 0.754475521484375 0.3284981484375 0.7530140625 0.2967305546875 0.750740103515625 0.283157408203125 0.750577603515625 0.2557231484375 0.748141146484375 0.20865 0.747166666015625 0.207206482421875 0.747654166015625 0.246832408203125 0.749440625 0.287491666015625 0.750902603515625 0.297887962890625 0.750740103515625 0.3085731484375 0.7531765625 0.338896296875 0.757886458984375 0.365734259765625 0.767306771484375 0.394035185546875 0.774453125 0.405587037109375 0.778471884765625 0.40731917578125 0.777353646484375 0.41330462890625 0.781460416015625 0.418685185546875 0.793780728515625 0.429446296875 0.798752083984375 0.431367591796875 0.804338541015625 0.427263888671875 0.805150521484375 0.419466666015625 0.800440103515625 0.41080277734375
1 0.786309896484375 0.417138888671875 0.794593228515625 0.426090740234375 0.799303125 0.427535185546875 0.800765103515625 0.42464722265625 0.802064583984375 0.421181482421875 0.800115625 0.41627222265625 0.796055208984375 0.41627222265625 0.791182291015625 0.415983333984375 0.786309896484375 0.41309537109375 0.779813021484375 0.40789722265625 0.779256521484375 0.40765736328125 0.780138021484375 0.4116518515625 0.786309896484375 0.417138888671875
1 0.987209896484375 0.615136111328125 0.9693828125 0.61892592578125 0.949424478515625 0.627539814453125 0.926171875 0.6440768515625 0.9118328125 0.654757408203125 0.907569791015625 0.661303703125 0.903694271484375 0.665437962890625 0.902144271484375 0.671639814453125 0.902725521484375 0.67577407421875 0.903306771484375 0.67749722265625 0.906794791015625 0.67715277734375 0.910476041015625 0.676118517578125 0.9151265625 0.665093517578125 0.921133853515625 0.656825 0.926171875 0.651656482421875 0.926171875 0.648556482421875 0.92276541796875 0.64964749609375 0.931209896484375 0.643732408203125 0.954075 0.6285731484375 0.967638541015625 0.62340462890625 0.986628125 0.618581482421875 0.995541666015625 0.6161694453125 0.995929166015625 0.61410277734375 0.987209896484375 0.615136111328125
1 0.906988541015625 0.665783333984375 0.903694271484375 0.6726731484375 0.906601041015625 0.674740740234375 0.9116390625 0.668538888671875 0.9149328125 0.660959259765625 0.91988255078125 0.65166685546875 0.918420833984375 0.652690740234375 0.906988541015625 0.665783333984375
1 0.936176041015625 0.8259768515625 0.938550521484375 0.8259768515625 0.941023958984375 0.822107408203125 0.943694791015625 0.8155981484375 0.946761978515625 0.809793517578125 0.9506203125 0.800118517578125 0.953291666015625 0.7927305546875 0.95309375 0.78657407421875 0.951411978515625 0.78147222265625 0.946465103515625 0.78252777734375 0.940529166015625 0.79589722265625 0.933109375 0.818412962890625 0.925095833984375 0.833364814453125 0.917363021484375 0.844592591796875 0.917972396484375 0.84884537109375 0.919555208984375 0.84919722265625 0.925095833984375 0.839346296875 0.9349890625 0.825625 0.936176041015625 0.8259768515625