5 0.6475315703125 0.120425265625 0.640588162109375 0.123957384765625 0.62858846484375 0.13303487890625 0.62402944921875 0.148058884765625 0.628838703125 0.160479765625 0.639296662109375 0.1673242265625 0.653941482421875 0.163388494140625 0.664218609375 0.155457353515625 0.66779883984375 0.133092103515625 0.661267533203125 0.121817548828125 0.6475315703125 0.120425265625
5 0.1160878203125 0.32886806640625 0.10922534375 0.31127440625 0.10868812109375 0.31235863671875 0.095378943359375 0.307774830078125 0.091633171875 0.32698144921875 0.0946247109375 0.350058361328125 0.09917271875 0.368829396484375 0.109092939453125 0.37675811328125 0.118185232421875 0.368889068359375 0.11934060546875 0.345594826171875 0.1160878203125 0.32886806640625
5 0 0.333931599609375 0.012042314453125 0.338545166015625 0.019026189453125 0.32445015625 0.0166122890625 0.28972519921875 0.015081556640625 0.27185211328125 0.00952903125 0.267918798828125 0 0.2720659609375 0 0.333931599609375
5 0.312213396484375 0.727295974609375 0.304994013671875 0.725562171875 0.300696244140625 0.734236025390625 0.29026826171875 0.750623685546875 0.2884095625 0.771842634765625 0.294198119140625 0.791604732421875 0.31019335546875 0.79076645703125 0.323101390625 0.776360974609375 0.32274076171875 0.746809720703125 0.312213396484375 0.727295974609375
5 0.458681341796875 0.57493551953125 0.457400849609375 0.584507318359375 0.461893662109375 0.60222516796875 0.46842496875 0.61349972265625 0.476362458984375 0.628925818359375 0.4863783359375 0.62734483203125 0.490083642578125 0.618701103515625 0.4920522109375 0.599588548828125 0.483040849609375 0.586331814453125 0.473381876953125 0.57205294140625 0.458681341796875 0.57493551953125
5 0.6165016328125 0.582505662109375 0.60605840234375 0.58727727734375 0.60316624609375 0.600101771484375 0.604697025390625 0.61797578125 0.620321146484375 0.621381263671875 0.630061001953125 0.614533431640625 0.6347856015625 0.602668978515625 0.633516115234375 0.578445740234375 0.6165016328125 0.582505662109375
7 0.259587818359375 0.4187959140625 0.2642810859375 0.42697353125 0.269963462890625 0.4359421328125 0.27701968359375 0.44399683984375 0.290042888671875 0.44836847265625 0.29819672265625 0.441202283203125 0.302822443359375 0.430008740234375 0.298249193359375 0.415085041015625 0.2862915859375 0.403917771484375 0.276872982421875 0.39598687109375 0.264366095703125 0.39243100390625 0.228548833984375 0.3690355078125 0.17720133203125 0.329605828125 0.088960029296875 0.264311388671875 0.119206462890625 0.29894903125 0.259587818359375 0.4187959140625
7 0.45738603125 0.485931333984375 0.454562892578125 0.495345689453125 0.452959953125 0.519016650390625 0.45354433984375 0.539203546875 0.45359990234375 0.549309859375 0.463158556640625 0.55156361328125 0.473650166015625 0.54612280859375 0.47765859765625 0.526345177734375 0.474204154296875 0.491061875 0.4761369453125 0.457941255859375 0.47754313671875 0.41914133984375 0.4738858984375 0.37123097265625 0.4639958984375 0.326908203125 0.451144978515625 0.2917093828125 0.4313855390625 0.251572765625 0.400883845703125 0.216483048828125 0.398932767578125 0.218623279296875 0.398959583984375 0.22351376171875 0.431908392578125 0.27029698828125 0.45536468359375 0.324099595703125 0.466584115234375 0.36753676171875 0.47091587890625 0.4064439296875 0.467085642578125 0.45148574609375 0.463918373046875 0.478556201171875 0.45738603125 0.485931333984375
7 0.476719451171875 0.4909300546875 0.4792304375 0.503842259765625 0.4890054453125 0.506591853515625 0.494131041015625 0.49939336328125 0.492198251953125 0.46688237109375 0.487100755859375 0.4308692421875 0.4800955859375 0.34970796875 0.4732906484375 0.31174634765625 0.46069534765625 0.28142508984375 0.447409748046875 0.26418473828125 0.4243236484375 0.256834751953125 0.39820233203125 0.2659485859375 0.384999455078125 0.280908220703125 0.381650193359375 0.295758490234375 0.390977255859375 0.28997075 0.4067598671875 0.276098888671875 0.436460482421875 0.269650455078125 0.448618119140625 0.282873037109375 0.456888900390625 0.296299318359375 0.465713150390625 0.320296306640625 0.4741926953125 0.35083233203125 0.475252478515625 0.366675431640625 0.477340392578125 0.406515203125 0.47691850390625 0.450970427734375 0.4750746484375 0.47267166796875 0.476719451171875 0.4909300546875
5 0.9359523203125 0.7432535 0.919756115234375 0.749611708984375 0.918930798828125 0.76343032421875 0.914930890625 0.785679412109375 0.92666071484375 0.802511736328125 0.94090519921875 0.808193470703125 0.953709865234375 0.78640179296875 0.958739609375 0.764098732421875 0.95103516796875 0.7452177421875 0.9359523203125 0.7432535
7 0.714902587890625 0.635457953125 0.7052939296875 0.629533267578125 0.698597388671875 0.629884216796875 0.69270376171875 0.63570341796875 0.694789998046875 0.655796771484375 0.715373119140625 0.674002818359375 0.747899994140625 0.693418767578125 0.79337857421875 0.73327748828125 0.837324923828125 0.783318314453125 0.874693134765625 0.816254974609375 0.861440490234375 0.7802176953125 0.813792154296875 0.728534103515625 0.760525140625 0.678063826171875 0.737977869140625 0.661798421875 0.732897033203125 0.643697859375 0.714902587890625 0.635457953125
7 0.360753216796875 0.78717283984375 0.36923551953125 0.791319779296875 0.388391298828125 0.79215264453125 0.398969294921875 0.787006796875 0.404705955078125 0.7683402421875 0.396390076171875 0.747654517578125 0.3798099296875 0.746686671875 0.35958886328125 0.75509351953125 0.341296447265625 0.7707445390625 0.313374005859375 0.799757685546875 0.295859501953125 0.80067558203125 0.28539995703125 0.788367236328125 0.278773373046875 0.770348611328125 0.2695361328125 0.761648830078125 0.25290801171875 0.759765572265625 0.243757359375 0.7822846015625 0.251401302734375 0.790149029296875 0.25785787109375 0.785219177734375 0.266196203125 0.7866189609375 0.268461388671875 0.800274681640625 0.275877837890625 0.81366043359375 0.2895594296875 0.8184537421875 0.31639408203125 0.817965322265625 0.334974443359375 0.807808611328125 0.360753216796875 0.78717283984375
7 0.29640566015625 0.082879025390625 0.2940547109375 0.071547646484375 0.2860250390625 0.0636376015625 0.2760943984375 0.064158044921875 0.267331943359375 0.064617265625 0.261870947265625 0.072193083984375 0.260024396484375 0.0816619609375 0.260202275390625 0.09623187890625 0.26897930078125 0.10722648046875 0.276736353515625 0.109944603515625 0.285716484375 0.11363894140625 0.292726658203125 0.1132715546875 0.302983865234375 0.118982373046875 0.3202113984375 0.1347412421875 0.33877042578125 0.153554978515625 0.356963037109375 0.176552888671875 0.372234658203125 0.19970387890625 0.39224859375 0.235103091796875 0.404614314453125 0.269860962890625 0.428038544921875 0.314453552734375 0.433623001953125 0.320409263671875 0.4341380546875 0.307885513671875 0.4241238046875 0.28445899609375 0.405956419921875 0.239590904296875 0.38209678125 0.186690271484375 0.358835337890625 0.145213802734375 0.32958317578125 0.1123812265625 0.29640566015625 0.082879025390625
6 0.186918908203125 0.320103671875 0.196402583984375 0.33434166015625 0.209029873046875 0.348534509765625 0.22421840234375 0.376041189453125 0.240229701171875 0.40543424609375 0.2542261875 0.42399846484375 0.259956013671875 0.415979265625 0.240587888671875 0.3777562734375 0.21396168359375 0.33219474609375 0.190147833984375 0.305783576171875 0.172644642578125 0.2893326328125 0.145115306640625 0.281770451171875 0.13048285546875 0.278677384765625 0.117158267578125 0.272943732421875 0.102449205078125 0.261492296875 0.10013458984375 0.272548958984375 0.117998697265625 0.28898005859375 0.14592215234375 0.29716598828125 0.167745943359375 0.306314134765625 0.186918908203125 0.320103671875
7 0.670237236328125 0.9343885625 0.672143529296875 0.91989949609375 0.669439501953125 0.895412083984375 0.663193458984375 0.871110298828125 0.6541532421875 0.827378125 0.6545774140625 0.781254751953125 0.659434763671875 0.751950193359375 0.671451046875 0.7304807734375 0.682224380859375 0.719180158203125 0.691556294921875 0.714271146484375 0.690772986328125 0.70610187109375 0.67867351171875 0.712419693359375 0.664102962890625 0.725813576171875 0.6552084921875 0.745856544921875 0.647409673828125 0.76647444140625 0.645830283203125 0.790554916015625 0.647177072265625 0.83658455078125 0.652690564453125 0.867239859375 0.65493253515625 0.88291066796875 0.652734888671875 0.90197125 0.653799912109375 0.9290702421875 0.6595419921875 0.9369787109375 0.670237236328125 0.9343885625
6 0.678146953125 0.62782391015625 0.6850477109375 0.645252376953125 0.690827712890625 0.673260482421875 0.686991583984375 0.6949326171875 0.67902771484375 0.712401130859375 0.680519376953125 0.72053235546875 0.69232184375 0.708547310546875 0.69714619140625 0.678613060546875 0.693782052734375 0.641529970703125 0.680665798828125 0.60811507421875 0.660152697265625 0.582666732421875 0.6413953125 0.570388072265625 0.638768609375 0.5812617421875 0.666053392578125 0.613933169921875 0.678146953125 0.62782391015625
6 0.223749236328125 0.507617361328125 0.219077009765625 0.502796947265625 0.212343697265625 0.508715787109375 0.212780072265625 0.517042322265625 0.244512595703125 0.584952416015625 0.269228138671875 0.630967337890625 0.303699517578125 0.676470048828125 0.337886759765625 0.694159701171875 0.369885552734375 0.69248271484375 0.3703753515625 0.686891083984375 0.366291076171875 0.6836262890625 0.337659173828125 0.682343380859375 0.3077640078125 0.664429716796875 0.275425890625 0.62229312109375 0.246017865234375 0.568871970703125 0.223749236328125 0.507617361328125
7 0.2285708359375 0.6715201953125 0.22136237890625 0.655246451171875 0.213006806640625 0.642600677734375 0.194946421875 0.62986825 0.16523161328125 0.586227484375 0.112305423828125 0.533692095703125 0.097874935546875 0.51363373046875 0.06838978125 0.436080763671875 0.0645594140625 0.452339623046875 0.073684064453125 0.473271318359375 0.090731572265625 0.524118248046875 0.1446743984375 0.5896831015625 0.1643491171875 0.607682703125 0.19269828515625 0.650801634765625 0.214631599609375 0.67998261328125 0.224126794921875 0.68245851171875 0.2285708359375 0.6715201953125
7 0.614749923828125 0.851961990234375 0.621338349609375 0.8669636640625 0.62154242578125 0.867921888671875 0.626635412109375 0.868828806640625 0.633868197265625 0.863454017578125 0.63407896484375 0.841312642578125 0.635269078125 0.81017249609375 0.638726515625 0.780020595703125 0.64296782421875 0.73834428515625 0.6378095625 0.73335555859375 0.634462255859375 0.749188552734375 0.630644017578125 0.777959294921875 0.624520677734375 0.80578734765625 0.616261763671875 0.833867328125 0.614749923828125 0.851961990234375
2 0.578503658203125 0.696501474609375 0.587704787109375 0.685185900390625 0.590163900390625 0.669571912109375 0.5835088203125 0.6527610625 0.57133185546875 0.64499141015625 0.559574216796875 0.65227878125 0.558369974609375 0.67026182421875 0.56321141015625 0.683784380859375 0.56854354296875 0.693991529296875 0.578503658203125 0.696501474609375
7 0.793795771484375 0.78357273046875 0.783348486328125 0.775190416015625 0.774333408203125 0.779775921875 0.76630008984375 0.79304323828125 0.76089708984375 0.7933263984375 0.740590322265625 0.790643830078125 0.719355220703125 0.787473994140625 0.69592734375 0.7769263984375 0.681036375 0.7627205234375 0.668483171875 0.741432591796875 0.65791941015625 0.717900427734375 0.65082764453125 0.72041298828125 0.65529669921875 0.73677188671875 0.66416409375 0.756646150390625 0.683684373046875 0.78452663671875 0.721967650390625 0.802859279296875 0.766455158203125 0.807486400390625 0.7872782109375 0.808536005859375 0.79698754296875 0.804280361328125 0.796944369140625 0.791972232421875 0.793795771484375 0.78357273046875
7 0.739509724609375 0.767148740234375 0.75815865625 0.7898872265625 0.76932966015625 0.793419458984375 0.77528965625 0.780795791015625 0.773606083984375 0.765897744140625 0.763909953125 0.7567713984375 0.7502265234375 0.75052990625 0.74274311328125 0.745569388671875 0.7288567578125 0.727564060546875 0.7008631484375 0.71029713671875 0.67807871484375 0.712027138671875 0.660119837890625 0.73116641015625 0.6489957890625 0.760116978515625 0.632414765625 0.811299349609375 0.612099666015625 0.865889224609375 0.61293127734375 0.876015134765625 0.62166395703125 0.876092466796875 0.631791 0.856828650390625 0.6427115703125 0.8182533203125 0.649040958984375 0.795441728515625 0.6603048125 0.769158796875 0.66481267578125 0.751795373046875 0.669984236328125 0.74135392578125 0.67799725 0.7334413046875 0.68928392578125 0.724820271484375 0.70937451171875 0.72912007421875 0.723056966796875 0.737502515625 0.734402078125 0.752965134765625 0.739509724609375 0.767148740234375
7 0.69101480078125 0.727723478515625 0.700240162109375 0.7442076953125 0.703852228515625 0.75175770703125 0.7111495703125 0.748629837890625 0.7103843984375 0.734029505859375 0.70352606640625 0.716087 0.693917900390625 0.69966271484375 0.683067763671875 0.679184912109375 0.6758833515625 0.6795614296875 0.66873606640625 0.690458755859375 0.67193678515625 0.71225259375 0.686639841796875 0.717887115234375 0.69101480078125 0.727723478515625
7 0.728521322265625 0.780645103515625 0.733568337890625 0.768941775390625 0.73875635546875 0.757231984375 0.749537271484375 0.742025619140625 0.769846568359375 0.71717031640625 0.783175958984375 0.70640610546875 0.801947716796875 0.701304640625 0.820619208984375 0.709018576171875 0.8351376171875 0.716035951171875 0.86380503515625 0.7328345625 0.891254466796875 0.746037361328125 0.89968028125 0.749713462890625 0.903826796875 0.74537847265625 0.9004067890625 0.7341188828125 0.846810392578125 0.705815669921875 0.813524833984375 0.6892590859375 0.784900640625 0.68801378515625 0.76083206640625 0.709864494140625 0.744436802734375 0.73085502734375 0.732486205078125 0.743377263671875 0.72413820703125 0.746102158203125 0.713792265625 0.7548797265625 0.707940130859375 0.765939123046875 0.710817494140625 0.781572921875 0.718617017578125 0.788027275390625 0.728521322265625 0.780645103515625
4 0.712883712890625 0.6522273359375 0.7011873125 0.63986419921875 0.698738919921875 0.6466664765625 0.709617388671875 0.6553646171875 0.7577628671875 0.691028013671875 0.7970613671875 0.72493071484375 0.822802798828125 0.75472434375 0.860201861328125 0.79614137890625 0.8620869921875 0.792334724609375 0.800215994140625 0.723652751953125 0.75124802734375 0.680246791015625 0.712883712890625 0.6522273359375