5 0.5826022734375 0.501934775390625 0.58187163671875 0.51650969921875 0.59149773046875 0.518555787109375 0.60168982421875 0.52072218359375 0.608234169921875 0.501070998046875 0.612098326171875 0.474537166015625 0.612048890625 0.46084906640625 0.6104389921875 0.44893359765625 0.598320703125 0.455826732421875 0.5893105546875 0.46758915625 0.585535013671875 0.48256855078125 0.5826022734375 0.501934775390625
5 0.326604484375 0.62322514453125 0.321156509765625 0.6210145078125 0.3055520703125 0.6387399140625 0.293961623046875 0.670996111328125 0.303297814453125 0.67718921484375 0.329848341796875 0.677572380859375 0.34233134375 0.663392130859375 0.34781869140625 0.640359322265625 0.342320578125 0.624461384765625 0.326604484375 0.62322514453125
5 0.319765373046875 0.741712822265625 0.3157651875 0.718767693359375 0.310971634765625 0.70512383203125 0.302603509765625 0.713865775390625 0.29374521484375 0.719347525390625 0.28467233984375 0.725836298828125 0.28507389453125 0.740650927734375 0.28568983984375 0.754459443359375 0.28857080859375 0.768749404296875 0.2984102734375 0.769789162109375 0.311799123046875 0.76527041015625 0.319765373046875 0.741712822265625
5 0.6598603828125 0.783767470703125 0.653845896484375 0.781436421875 0.6411614140625 0.788210154296875 0.634617068359375 0.807861341796875 0.629053890625 0.83403403515625 0.6336335625 0.848684119140625 0.646166509765625 0.848192076171875 0.658788072265625 0.836145595703125 0.663633396484375 0.81613326953125 0.66459120703125 0.7921376796875 0.6598603828125 0.783767470703125
5 0.608510796875 0.7336479140625 0.60781953125 0.722979390625 0.5940160234375 0.721097048828125 0.576386833984375 0.72050680078125 0.564243169921875 0.74422813671875 0.566494900390625 0.753124025390625 0.57583108984375 0.759317130859375 0.59205096484375 0.7554001328125 0.595096060546875 0.754994755859375 0.6021805234375 0.752291970703125 0.60580523046875 0.74359346875 0.608510796875 0.7336479140625
5 0.06285163671875 0.357791177734375 0.045913908203125 0.36786854296875 0.031933171875 0.38909508203125 0.041621994140625 0.39641482421875 0.049888208984375 0.407641765625 0.062635228515625 0.40614259375 0.071997498046875 0.395506697265625 0.07465362890625 0.37187304296875 0.068362533203125 0.3652745625 0.06285163671875 0.357791177734375
5 0.818327337890625 0.39527416796875 0.808764482421875 0.398501841796875 0.794506435546875 0.415461744140625 0.798292740234375 0.439413095703125 0.8051505390625 0.446131087890625 0.816814291015625 0.458080197265625 0.83170055859375 0.446514146484375 0.83556522265625 0.419980423828125 0.828230037109375 0.4015876875 0.818327337890625 0.39527416796875
5 0.8427406171875 0.130069427734375 0.837582033203125 0.123711671875 0.820983640625 0.14333012109375 0.817899365234375 0.168978037109375 0.82113245703125 0.184394529296875 0.83144981640625 0.197109140625 0.84214569140625 0.194122298828125 0.85202452734375 0.169918609375 0.8509311953125 0.144435349609375 0.8427406171875 0.130069427734375
5 0.919591625 0.247408080078125 0.90519623046875 0.262233525390625 0.894888935546875 0.28845045703125 0.895718953125 0.30125184375 0.906892216796875 0.309939748046875 0.917877484375 0.30280578125 0.92971865625 0.291645107421875 0.938100072265625 0.27448871875 0.939472541015625 0.256894220703125 0.937158083984375 0.24272467578125 0.919591625 0.247408080078125
5 0.64834255859375 0.615860083984375 0.639497046875 0.61292728125 0.62318855859375 0.628398716796875 0.619109822265625 0.6559395703125 0.628937203125 0.665393083984375 0.642036150390625 0.66502134765625 0.66590648828125 0.65852187109375 0.67677978515625 0.632425244140625 0.66843735546875 0.62434 0.64834255859375 0.615860083984375
5 0.624425314453125 0.56132626953125 0.618423927734375 0.5505816796875 0.618927201171875 0.545428333984375 0.60731269140625 0.547168228515625 0.59674208203125 0.56070328515625 0.59529429296875 0.581437779296875 0.615803939453125 0.596317880859375 0.62203249609375 0.59764180078125 0.63032530078125 0.592039853515625 0.62915613671875 0.5696964765625 0.624425314453125 0.56132626953125
7 0.441636306640625 0.486193427734375 0.42050591796875 0.48567684765625 0.4027861953125 0.48489128515625 0.384982736328125 0.495018447265625 0.3719799453125 0.514116615234375 0.36734440625 0.5280366484375 0.36195936328125 0.55074095703125 0.361256970703125 0.57245270703125 0.36277801171875 0.583706541015625 0.372226341796875 0.570809498046875 0.3765296015625 0.55582489453125 0.38136727734375 0.540953884765625 0.3963069296875 0.523262298828125 0.405613185546875 0.51629681640625 0.41624976953125 0.513588927734375 0.428621267578125 0.51323769140625 0.440791328125 0.513836634765625 0.4501564375 0.511852427734375 0.464204 0.508876568359375 0.46879028125 0.526744642578125 0.481625412109375 0.529472833984375 0.49152493359375 0.527602220703125 0.50143740625 0.51778471484375 0.503268689453125 0.501280734375 0.499680263671875 0.4866065859375 0.4848367890625 0.4854384453125 0.47500805078125 0.4843432265625 0.46197078515625 0.482566009765625 0.441636306640625 0.486193427734375
7 0.518052162109375 0.916253087890625 0.518447380859375 0.899844279296875 0.523799087890625 0.87830384375 0.531928826171875 0.8546058828125 0.5404193984375 0.836482541015625 0.550759474609375 0.81875137890625 0.572992376953125 0.79598941796875 0.5817539609375 0.78204712109375 0.5961042578125 0.77272705078125 0.61226308203125 0.7603570859375 0.629341984375 0.750930703125 0.63841587109375 0.744612537109375 0.646231890625 0.7442121640625 0.653817619140625 0.743076546875 0.6620529296875 0.74070357421875 0.66755944140625 0.7384378203125 0.672664013671875 0.727153455078125 0.675179552734375 0.715318775390625 0.67592779296875 0.7099798984375 0.6726976953125 0.705170826171875 0.667380375 0.704727833984375 0.6615536171875 0.704862853515625 0.65284959375 0.71125963671875 0.645444029296875 0.7151825078125 0.641088013671875 0.721129009765625 0.61803966015625 0.736817787109375 0.582294525390625 0.764954515625 0.568264853515625 0.77640351171875 0.54737163671875 0.80013746875 0.5307272578125 0.827522560546875 0.519720953125 0.857481490234375 0.51371153515625 0.885753578125 0.513660501953125 0.9187274140625 0.518052162109375 0.916253087890625
7 0.8809648125 0.592809216796875 0.874508330078125 0.586302427734375 0.850514583984375 0.588537693359375 0.840381546875 0.59738631640625 0.829239099609375 0.620690970703125 0.850494943359375 0.63327795703125 0.858530216796875 0.640120328125 0.875321501953125 0.634887833984375 0.89659244921875 0.635096349609375 0.903315751953125 0.63130202734375 0.917633265625 0.62994451171875 0.92853764453125 0.632995931640625 0.9588640390625 0.653378970703125 0.97586479296875 0.663594263671875 0.9808057265625 0.6375032421875 0.969726595703125 0.619745033203125 0.907063572265625 0.602023853515625 0.8809648125 0.592809216796875
6 0.219624107421875 0.78482418359375 0.225510599609375 0.7646781875 0.221766912109375 0.765308986328125 0.2156414453125 0.78469044140625 0.206104767578125 0.80691365625 0.1943256015625 0.820813751953125 0.179135224609375 0.8375556015625 0.1642951953125 0.8450989140625 0.14433945703125 0.84085719140625 0.13797837109375 0.827380900390625 0.132590736328125 0.8055522578125 0.13180803515625 0.78470242578125 0.13410489453125 0.758800998046875 0.137833626953125 0.7374835546875 0.140223990234375 0.713028546875 0.135201974609375 0.702689021484375 0.1316707265625 0.712821626953125 0.126592640625 0.7450790703125 0.1216243984375 0.791096140625 0.124317111328125 0.818058134765625 0.136884521484375 0.85139774609375 0.1545284453125 0.86085425390625 0.172864796875 0.857619046875 0.191986888671875 0.843139447265625 0.20550603515625 0.8210508828125 0.2131150234375 0.804124099609375 0.219624107421875 0.78482418359375
7 0.25098501953125 0.1093968125 0.25191571875 0.0974704375 0.2251034609375 0.08963102734375 0.198989302734375 0.0954916953125 0.166383865234375 0.109245607421875 0.14168358203125 0.131097837890625 0.107764017578125 0.1566956796875 0.096667994140625 0.16360920703125 0.088080205078125 0.162497560546875 0.07415287890625 0.169522078125 0.0627996953125 0.187079548828125 0.06004390234375 0.200044533203125 0.06611013671875 0.20593732421875 0.0819276484375 0.198990837890625 0.097698763671875 0.179519337890625 0.117971705078125 0.16528436328125 0.138876140625 0.146192130859375 0.159056087890625 0.13051084765625 0.178603841796875 0.119687615234375 0.19733322265625 0.11083071875 0.220087310546875 0.105682390625 0.236785578125 0.106378626953125 0.25098501953125 0.1093968125
6 0.63751440625 0.074042853515625 0.643842572265625 0.061528603515625 0.639155248046875 0.042597779296875 0.6306758359375 0.0285661484375 0.614611470703125 0.02433652734375 0.597600724609375 0.028873001953125 0.577830240234375 0.044236171875 0.567758625 0.065737009765625 0.56404201953125 0.091849724609375 0.5665151796875 0.123354224609375 0.5788146171875 0.14961017578125 0.603271724609375 0.153178630859375 0.620613970703125 0.147082552734375 0.62077376953125 0.1303709609375 0.60011509375 0.137833294921875 0.585259505859375 0.13223054296875 0.57416904296875 0.1046005546875 0.57460059765625 0.07452850390625 0.5871974140625 0.051934349609375 0.605047595703125 0.036978037109375 0.623850732421875 0.0434208125 0.63407459765625 0.0643435 0.63751440625 0.074042853515625
6 0.808147916015625 0.070853564453125 0.806859548828125 0.087699185546875 0.807715853515625 0.100925505859375 0.815162916015625 0.10902963671875 0.8298628515625 0.10889407421875 0.845771951171875 0.107383568359375 0.861252705078125 0.09926080859375 0.877562412109375 0.08723813671875 0.8942316953125 0.074778830078125 0.8854303515625 0.071791044921875 0.87752387109375 0.076632625 0.865494111328125 0.087934017578125 0.849906224609375 0.094403939453125 0.834104451171875 0.09756637890625 0.821987828125 0.094175876953125 0.813556546875 0.084231533203125 0.812534296875 0.07178591796875 0.808147916015625 0.070853564453125
7 0.811853970703125 0.47020647265625 0.80549335546875 0.466500255859375 0.797612341796875 0.462471818359375 0.79286709765625 0.45863849609375 0.787210638671875 0.45037445703125 0.78494885546875 0.43859494140625 0.78458005859375 0.411682005859375 0.787571716796875 0.38265961328125 0.79096889453125 0.357959501953125 0.793819240234375 0.3383220703125 0.800971572265625 0.302180455078125 0.805702794921875 0.27493921484375 0.80820997265625 0.2519336875 0.803082333984375 0.24990189453125 0.799027138671875 0.27022510546875 0.795957623046875 0.28840360546875 0.79311317578125 0.30427572265625 0.78626979296875 0.345191453125 0.783987490234375 0.36589150390625 0.778642080078125 0.401004849609375 0.778059927734375 0.428656587890625 0.780269671875 0.453136142578125 0.784017123046875 0.4666437890625 0.7873558203125 0.471337740234375 0.788682705078125 0.480817056640625 0.792127423828125 0.4857862890625 0.798386146484375 0.493706931640625 0.804459537109375 0.4987644375 0.81066904296875 0.498201498046875 0.813934009765625 0.496541265625 0.81644508984375 0.49095516796875 0.8178195703125 0.48324372265625 0.81583270703125 0.47764343359375 0.811853970703125 0.47020647265625
5 0.816860453125 0.896032322265625 0.810798447265625 0.894398291015625 0.806907607421875 0.900824205078125 0.804081943359375 0.9095486640625 0.802457388671875 0.92267269140625 0.8003168203125 0.93914122265625 0.798515318359375 0.946702267578125 0.802599265625 0.950332548828125 0.806245958984375 0.95145319140625 0.809645125 0.9473404140625 0.814891208984375 0.9363672734375 0.817976986328125 0.924590376953125 0.819646640625 0.912166015625 0.8198751328125 0.9001263515625 0.816860453125 0.896032322265625
5 0.822863017578125 1 0.822311146484375 0.99009610546875 0.821986193359375 0.975176591796875 0.817217345703125 0.963801330078125 0.812340287109375 0.96207365234375 0.805543615234375 0.96848774609375 0.80540601953125 0.968198181640625 0.804447525390625 0.97179319921875 0.802455984375 0.9820770078125 0.802021484375 0.99234531640625 0.80393813671875 1 0.822863017578125 1
5 0.79755260546875 0.90919640234375 0.7940144375 0.898429189453125 0.7894931171875 0.892287349609375 0.786176994140625 0.887782787109375 0.780250732421875 0.8882506875 0.77571171875 0.893156775390625 0.77476919140625 0.901245912109375 0.77680052734375 0.90996621875 0.778926787109375 0.91732559375 0.78107310546875 0.92641680078125 0.785916501953125 0.934698287109375 0.791400916015625 0.9344829296875 0.795242248046875 0.930118625 0.79779553515625 0.917192005859375 0.79755260546875 0.90919640234375
5 0.798669138671875 0.93775445703125 0.798657576171875 0.930499060546875 0.795903708984375 0.923351796875 0.787781111328125 0.9167899921875 0.779562888671875 0.91158991796875 0.7748222734375 0.911963375 0.770900537109375 0.917610287109375 0.7690891171875 0.92248747265625 0.767659005859375 0.93012745703125 0.768810609375 0.93658863671875 0.77182509765625 0.940683572265625 0.775884193359375 0.945345111328125 0.78366465625 0.948035439453125 0.789053638671875 0.94918090234375 0.794938890625 0.945251046875 0.798669138671875 0.93775445703125
6 0.602148662109375 0.821772171875 0.62881880859375 0.79252626171875 0.651406869140625 0.76580628125 0.661642958984375 0.75100928125 0.667233654296875 0.743953580078125 0.670150720703125 0.73536025 0.6673856171875 0.73040768359375 0.663239126953125 0.731951537109375 0.655653890625 0.741977837890625 0.646891171875 0.753693462890625 0.630055568359375 0.7738767890625 0.616189486328125 0.79420569921875 0.60072849609375 0.81177226953125 0.5862831015625 0.827128548828125 0.567401716796875 0.841542876953125 0.550486212890625 0.8505562421875 0.53765956640625 0.85316401171875 0.524520330078125 0.8469766328125 0.514257736328125 0.837521486328125 0.505137767578125 0.827823599609375 0.499606861328125 0.817919263671875 0.4948977578125 0.8246776875 0.495012708984375 0.834400158203125 0.50370368359375 0.847401408203125 0.51282384375 0.85709838671875 0.53023609375 0.863709359375 0.540934583984375 0.86598339453125 0.551377607421875 0.864323912109375 0.56581123828125 0.8567235625 0.584826431640625 0.840397123046875 0.602148662109375 0.821772171875
6 0.760361072265625 0.07278438671875 0.75088798828125 0.071726900390625 0.74923666796875 0.083213279296875 0.811125056640625 0.08540251171875 0.863435251953125 0.0794634453125 0.876110751953125 0.073020064453125 0.88123521875 0.06986375 0.8658288828125 0.06658903125 0.85185421875 0.067864177734375 0.825491109375 0.072616458984375 0.786060205078125 0.0727641328125 0.760361072265625 0.07278438671875
6 1 0.227038013671875 0.9973341796875 0.229767662109375 0.987324796875 0.234950783203125 0.977431396484375 0.244423044921875 0.973526279296875 0.251512337890625 0.976716474609375 0.255845302734375 0.983447849609375 0.249966365234375 0.99374915234375 0.24179909765625 1 0.237575142578125 1 0.227038013671875
7 0.117772244140625 0.539796322265625 0.095506115234375 0.4792531796875 0.0763366015625 0.459588828125 0.06883407421875 0.48144073828125 0.08944204296875 0.51808825 0.101704810546875 0.577175314453125 0.0938543984375 0.680673318359375 0.08068140234375 0.764020654296875 0.0778078046875 0.805569095703125 0.08662140625 0.811540365234375 0.0953666796875 0.805039703125 0.10397279296875 0.754325416015625 0.11330083984375 0.641378138671875 0.117772244140625 0.539796322265625
6 0.91608116015625 0.60885162109375 0.9215119921875 0.677622451171875 0.914443283203125 0.727138533203125 0.9052053828125 0.788488130859375 0.8939102890625 0.843253162109375 0.88791376953125 0.86414726171875 0.88442538671875 0.882998751953125 0.903081861328125 0.853770423828125 0.922760013671875 0.754686330078125 0.935191380859375 0.662052234375 0.927156271484375 0.6136650078125 0.93571398046875 0.5896670625 0.9448727109375 0.577476166015625 0.940266365234375 0.561744115234375 0.9312402578125 0.568431203125 0.91608116015625 0.60885162109375
7 0.863653623046875 0.7362273828125 0.85730998828125 0.74655734765625 0.85492659765625 0.762647685546875 0.868986119140625 0.763177779296875 0.883024818359375 0.750794501953125 0.8908166328125 0.74015705859375 0.9046421484375 0.732030818359375 0.93128419140625 0.72540011328125 0.94907046484375 0.723034353515625 0.96081471875 0.723071375 0.96137491796875 0.7090528046875 0.94570609375 0.70633664453125 0.910626646484375 0.71363321875 0.890303857421875 0.724680771484375 0.87702286328125 0.728619455078125 0.863653623046875 0.7362273828125
7 0.82960144921875 0.91650840625 0.82185451953125 0.925311392578125 0.806351962890625 0.94783316015625 0.804549279296875 0.962817283203125 0.814838185546875 0.968077904296875 0.823932546875 0.955781505859375 0.839410716796875 0.93703437109375 0.852303875 0.917031607421875 0.871678626953125 0.90393854296875 0.883358 0.89289777734375 0.890056333984375 0.867890259765625 0.879606111328125 0.860136998046875 0.87085928125 0.873644150390625 0.852827888671875 0.8999316953125 0.840450552734375 0.907750458984375 0.82960144921875 0.91650840625
4 0.220217369140625 0.101092462890625 0.243315841796875 0.104241498046875 0.243063296875 0.101546771484375 0.237950365234375 0.10075343359375 0.213391947265625 0.0967071796875 0.198852296875 0.10066041796875 0.188141224609375 0.1060133984375 0.16659787109375 0.11884524609375 0.14380688671875 0.133663890625 0.124490044921875 0.149220041015625 0.10012338671875 0.167568779296875 0.08445933984375 0.183021953125 0.069252318359375 0.197104072265625 0.066683033203125 0.198319599609375 0.066964384765625 0.191304427734375 0.064818220703125 0.197776498046875 0.065284544921875 0.2025717578125 0.06777234375 0.20251365625 0.09978749609375 0.1738084453125 0.1266397265625 0.15075516015625 0.16477455859375 0.122763826171875 0.1942233515625 0.106132396484375 0.20906139453125 0.100775333984375 0.220217369140625 0.101092462890625
1 0.488848259765625 0.497155373046875 0.4372173671875 0.495913 0.416869095703125 0.4962735703125 0.40714133984375 0.49817028125 0.394908671875 0.50422123046875 0.383059294921875 0.5132360859375 0.376666419921875 0.522329724609375 0.36544803125 0.56175607421875 0.368525166015625 0.563492115234375 0.375364021484375 0.5332266953125 0.381351623046875 0.519361185546875 0.3895115390625 0.5124454921875 0.3993220234375 0.504438001953125 0.410942365234375 0.502222251953125 0.42445458984375 0.499688265625 0.444462259765625 0.499975671875 0.468569251953125 0.5000533828125 0.471788482421875 0.50398169140625 0.47077548046875 0.500162619140625 0.472646404296875 0.49803662890625 0.4788271171875 0.500432357421875 0.484511541015625 0.509930099609375 0.487071037109375 0.5169622109375 0.49138510546875 0.518600513671875 0.494540369140625 0.5171081796875 0.497364029296875 0.510499916015625 0.49563670703125 0.49859830078125 0.488848259765625 0.497155373046875
1 0.79207847265625 0.46233115234375 0.79027098828125 0.46224230078125 0.78643380859375 0.451388814453125 0.78411194140625 0.437314248046875 0.782630767578125 0.419284525390625 0.783017458984375 0.40106208984375 0.784571861328125 0.385154310546875 0.78974719140625 0.353777060546875 0.79034494140625 0.34002773828125 0.79588989453125 0.313159197265625 0.80329373828125 0.266608142578125 0.80264067578125 0.2649935625 0.794878830078125 0.303854923828125 0.788172716796875 0.34399710546875 0.787441234375 0.3544701796875 0.7850607109375 0.364888083984375 0.781139390625 0.395055166015625 0.7801664375 0.4222858984375 0.78349680078125 0.451926974609375 0.788085224609375 0.46471219921875 0.791656033203125 0.46724203515625 0.78931778515625 0.472864197265625 0.792216130859375 0.47898101953125 0.802029853515625 0.49206851171875 0.80649311328125 0.49498142578125 0.812810701171875 0.492128888671875 0.815226072265625 0.484670873046875 0.812419912109375 0.4752169609375 0.806086759765625 0.472984779296875 0.799078798828125 0.470019423828125 0.795015669921875 0.46413684375 0.79207847265625 0.46233115234375
1 0.8118510390625 0.485706615234375 0.810965361328125 0.480499421875 0.80699367578125 0.47965521484375 0.802287306640625 0.478359501953125 0.798121826171875 0.47452162109375 0.7928476796875 0.468086287109375 0.7923532109375 0.467735966796875 0.792384947265625 0.471826439453125 0.7972811328125 0.47847677734375 0.803522259765625 0.4889552109375 0.807828916015625 0.491347333984375 0.809859388671875 0.488826443359375 0.8118510390625 0.485706615234375
1 0.87065740234375 0.737000443359375 0.86512648828125 0.74251735546875 0.860476095703125 0.745755505859375 0.857670529296875 0.751499568359375 0.857379517578125 0.755664333984375 0.857589802734375 0.75747067578125 0.86107321484375 0.75785895703125 0.864889056640625 0.757612673828125 0.8717301796875 0.747795494140625 0.879325318359375 0.7409566484375 0.885327841796875 0.7369485390625 0.8859723671875 0.73391628125 0.882413515625 0.734275212890625 0.89190327734375 0.73024508984375 0.91742051171875 0.720171017578125 0.931762251953125 0.7179354609375 0.95133965625 0.717165869140625 0.96055990625 0.71665976953125 0.961368623046875 0.714718830078125 0.952625046875 0.713916744140625 0.93439958203125 0.713917283203125 0.91308645703125 0.7181933671875 0.886903734375 0.729534541015625 0.87065740234375 0.737000443359375
1 0.87240022265625 0.743711296875 0.879173796875 0.7356510625 0.87753114453125 0.7363486640625 0.863626572265625 0.74677824609375 0.85897181640625 0.752832583984375 0.861385189453125 0.755459345703125 0.867602556640625 0.750440482421875 0.87240022265625 0.743711296875
1 0.872589462890625 0.89591082421875 0.878375029296875 0.887249439453125 0.88252405078125 0.880578326171875 0.88361046484375 0.87451523046875 0.883026177734375 0.86917520703125 0.87796794140625 0.869179181640625 0.8693820546875 0.881022322265625 0.857443119140625 0.90150337890625 0.84649602734375 0.91446238671875 0.836597810546875 0.923837068359375 0.836309666015625 0.928123611328125 0.837784736328125 0.928796859375 0.845252408203125 0.92031316015625 0.857782263671875 0.908948623046875 0.858870150390625 0.90953957421875 0.8611927421875 0.910033255859375 0.864416630859375 0.906762625 0.868382451171875 0.90095090625 0.872589462890625 0.89591082421875