5 0.66198272265625 0.688662875 0.64638636328125 0.685347767578125 0.6414275078125 0.690981541015625 0.639826955078125 0.707359443359375 0.646624017578125 0.7255232578125 0.66513919921875 0.7328022109375 0.679989162109375 0.7337293984375 0.678656505859375 0.722300728515625 0.671859443359375 0.7041369140625 0.66198272265625 0.688662875
5 0.500902677734375 0.667798931640625 0.490384513671875 0.67893790234375 0.484211830078125 0.69323075 0.478252048828125 0.715369880859375 0.4868491953125 0.733915369140625 0.499752810546875 0.732200521484375 0.510884669921875 0.7122749140625 0.518804166015625 0.6838645234375 0.51664530078125 0.6733743984375 0.500902677734375 0.667798931640625
5 0.5466344609375 0.4880419453125 0.5391295078125 0.490904310546875 0.53169080859375 0.49935441015625 0.529410626953125 0.51893223046875 0.534941482421875 0.531254205078125 0.54648539453125 0.53593626171875 0.56794714453125 0.52935269140625 0.574199958984375 0.511734388671875 0.570335591796875 0.488621236328125 0.5545265234375 0.477458939453125 0.5466344609375 0.4880419453125
5 0.50780491015625 0.47310065625 0.49848650390625 0.484494646484375 0.484195171875 0.5104365 0.485967123046875 0.52864635546875 0.493231615234375 0.535763173828125 0.50418926953125 0.531404484375 0.516974056640625 0.509601892578125 0.525120330078125 0.480124595703125 0.50780491015625 0.47310065625
5 0.480239412109375 0.449408212890625 0.490796080078125 0.461683345703125 0.505725859375 0.45928406640625 0.516484869140625 0.43816409765625 0.507887720703125 0.419618609375 0.4917058046875 0.407261953125 0.47833456640625 0.420024703125 0.473361833984375 0.434571662109375 0.480239412109375 0.449408212890625
5 0.603379466796875 0.26827069921875 0.58853001171875 0.26734362109375 0.584170271484375 0.273104740234375 0.578144548828125 0.28965715234375 0.57970328125 0.300019712890625 0.582155177734375 0.3150306640625 0.59415226171875 0.31758072265625 0.60345679296875 0.315099921875 0.61345533984375 0.300506123046875 0.6154289296875 0.28532167578125 0.603379466796875 0.26827069921875
5 0.4015013828125 0.147340455078125 0.3829589609375 0.15788798046875 0.38082453125 0.17972605078125 0.38739551953125 0.198955974609375 0.415229103515625 0.19484094140625 0.4246937734375 0.185707314453125 0.428547263671875 0.167578072265625 0.425122189453125 0.151246103515625 0.4015013828125 0.147340455078125
7 0.71499441796875 1 0.738241712890625 0.964704818359375 0.75516308203125 0.925350009765625 0.771432373046875 0.879593814453125 0.78923311328125 0.817161046875 0.78081318359375 0.77152617578125 0.77042266015625 0.75410555078125 0.761219337890625 0.747675638671875 0.75218716796875 0.74754488671875 0.758190216796875 0.75955923828125 0.766965166015625 0.77037178515625 0.770131662109375 0.786256892578125 0.771008583984375 0.80344443359375 0.772794802734375 0.81635156640625 0.771134998046875 0.83836908984375 0.764359833984375 0.858404763671875 0.75256446875 0.892584462890625 0.740052498046875 0.923033650390625 0.726588306640625 0.94612121484375 0.706295578125 0.98475847265625 0.69457830859375 1 0.71499441796875 1
7 0.51415401171875 0.6289438515625 0.525563416015625 0.610788708984375 0.5252860234375 0.59551769921875 0.5151950078125 0.57905528515625 0.505423802734375 0.589505810546875 0.49914103125 0.6024878671875 0.489047884765625 0.62629196875 0.4797361875 0.65115671875 0.46995401953125 0.668763193359375 0.453942140625 0.7038366875 0.4307712734375 0.7347038984375 0.4052675234375 0.755233322265625 0.374242857421875 0.763849927734375 0.344802314453125 0.760276740234375 0.311937669921875 0.751502048828125 0.31636755859375 0.768550248046875 0.362833767578125 0.782006083984375 0.406796837890625 0.778823263671875 0.45046253125 0.73441571875 0.4751536953125 0.694028787109375 0.49587448046875 0.651007880859375 0.5054747265625 0.6342572890625 0.51415401171875 0.6289438515625
7 0.218128521484375 0.707401927734375 0.2111735703125 0.688026966796875 0.20347958203125 0.67923328125 0.19293788671875 0.681467208984375 0.1780293984375 0.70424777734375 0.192379021484375 0.73145730859375 0.20591605859375 0.738809328125 0.219484740234375 0.7649583125 0.22786206640625 0.7989521640625 0.242103125 0.857457263671875 0.24266906640625 0.88084243359375 0.24647750390625 0.910285998046875 0.257479947265625 0.88220148828125 0.26067151953125 0.843508404296875 0.260362671875 0.80943951953125 0.24380941796875 0.766549544921875 0.230423359375 0.739543880859375 0.218128521484375 0.707401927734375
7 0.216612810546875 0.636389634765625 0.220154814453125 0.643406240234375 0.22406034765625 0.64871007421875 0.23007455078125 0.653567572265625 0.244040154296875 0.656536052734375 0.2544861875 0.638176140625 0.248001513671875 0.626060365234375 0.2387983828125 0.619629544921875 0.222842013671875 0.61892250390625 0.209979291015625 0.603660990234375 0.183654830078125 0.5712215390625 0.157341521484375 0.531625234375 0.136003359375 0.506509384765625 0.118817693359375 0.48317072265625 0.11142321484375 0.475335248046875 0.10569755859375 0.47859191015625 0.104958521484375 0.48917318359375 0.127612431640625 0.51993788671875 0.1483510625 0.543137208984375 0.167046064453125 0.564112099609375 0.18861920703125 0.592857033203125 0.208384015625 0.623007638671875 0.216612810546875 0.636389634765625
6 1 0.270601455078125 0.993575 0.240476580078125 0.972957771484375 0.21506527734375 0.959005048828125 0.180557484375 0.9523403515625 0.189654876953125 0.9547017890625 0.217494013671875 0.967612130859375 0.2402145390625 0.98335126953125 0.263537287109375 0.989397017578125 0.28795375390625 0.979939498046875 0.318537228515625 0.959959390625 0.3374217265625 0.933016236328125 0.330644044921875 0.913089775390625 0.31589358203125 0.909011607421875 0.332502138671875 0.919411181640625 0.3445744375 0.933404205078125 0.35385696484375 0.9597191953125 0.355245541015625 0.975297591796875 0.3459394453125 0.996712185546875 0.314742466796875 1 0.276872935546875 1 0.270601455078125
6 0.934581986328125 0.315469462890625 0.9448390078125 0.280586025390625 0.959477802734375 0.23953721875 0.952059857421875 0.232703951171875 0.934731212890625 0.2752824921875 0.923612173828125 0.327593462890625 0.913107947265625 0.393703244140625 0.9131399765625 0.4631033125 0.89033589453125 0.56760494921875 0.900746876953125 0.56035459375 0.90845828125 0.5157308984375 0.92208081640625 0.446078140625 0.924209501953125 0.39711463671875 0.92626293359375 0.351288302734375 0.934581986328125 0.315469462890625
7 0.21584122265625 0.15451956640625 0.212494173828125 0.145390857421875 0.2042017421875 0.135747705078125 0.187066640625 0.1294786796875 0.182959373046875 0.127949650390625 0.17786214453125 0.138029591796875 0.176070375 0.153410771484375 0.1843152421875 0.1650137109375 0.19818348046875 0.169274447265625 0.211870869140625 0.176124537109375 0.2762633828125 0.225930501953125 0.31950712890625 0.26401851171875 0.35302112890625 0.30791799609375 0.36377295703125 0.299039029296875 0.339297296875 0.268225041015625 0.2988492734375 0.22219473828125 0.21584122265625 0.15451956640625
5 0.283139115234375 0.058774888671875 0.288374849609375 0.0560019375 0.292890998046875 0.050394283203125 0.293881150390625 0.03878440625 0.2867742265625 0.033989986328125 0.27687965234375 0.031886830078125 0.2689713046875 0.03086280859375 0.2647701171875 0.03325266796875 0.2595468515625 0.03871001953125 0.257190533203125 0.048059609375 0.260927517578125 0.060018267578125 0.270469041015625 0.062046380859375 0.283139115234375 0.058774888671875
6 0.894706625 0.074924271484375 0.90638485546875 0.089410537109375 0.9179496015625 0.117439521484375 0.923512068359375 0.167366681640625 0.926065203125 0.2166541875 0.937063462890625 0.262143234375 0.944984896484375 0.250242162109375 0.934672806640625 0.212091322265625 0.931244353515625 0.139443759765625 0.924754185546875 0.098109646484375 0.913713830078125 0.0781824765625 0.90196532421875 0.0742700703125 0.894706625 0.074924271484375
7 0.857857884765625 0.539165173828125 0.869364056640625 0.52997134765625 0.87362051171875 0.5227872890625 0.872393677734375 0.507158275390625 0.8554690234375 0.507604755859375 0.83655938671875 0.523807853515625 0.8216832734375 0.536015025390625 0.799690357421875 0.541046841796875 0.78750477734375 0.538456716796875 0.783125541015625 0.520538935546875 0.782546623046875 0.50828221484375 0.786669318359375 0.48246596484375 0.79349944921875 0.465313046875 0.80322178125 0.443113203125 0.8204214609375 0.407133529296875 0.838804083984375 0.34632955859375 0.8316184765625 0.348037728515625 0.811196890625 0.390612953125 0.78045400390625 0.456069115234375 0.773109912109375 0.488481025390625 0.77408227734375 0.52670552734375 0.785848984375 0.5526646015625 0.8198635859375 0.5509964765625 0.830647646484375 0.545199904296875 0.842419220703125 0.534759955078125 0.857857884765625 0.539165173828125
8 0.843773736328125 0.532821435546875 0.844822166015625 0.526152953125 0.844563544921875 0.522159130859375 0.841294841796875 0.522777296875 0.837205865234375 0.52551853515625 0.8350549140625 0.531296666015625 0.838362283203125 0.53396862109375 0.842070583984375 0.534756845703125 0.843773736328125 0.532821435546875
7 0.798300044921875 0.59568508984375 0.802424841796875 0.580187353515625 0.805019205078125 0.5692819609375 0.81278368359375 0.546646083984375 0.8228196171875 0.52547844140625 0.835538853515625 0.510788009765625 0.850499275390625 0.489025673828125 0.871290998046875 0.465876919921875 0.890999439453125 0.443483330078125 0.890615921875 0.434869052734375 0.87871062109375 0.44573021875 0.8669023984375 0.457003916015625 0.843544068359375 0.483545025390625 0.828206658203125 0.506211705078125 0.809277962890625 0.537960740234375 0.800540564453125 0.561701822265625 0.793628498046875 0.57598612890625 0.7836399375 0.59519488671875 0.777878275390625 0.60841076953125 0.779945708984375 0.613444123046875 0.790296689453125 0.615972767578125 0.794924203125 0.608095142578125 0.798300044921875 0.59568508984375
7 0.8400083671875 0.4318033046875 0.846468751953125 0.421813376953125 0.84804619140625 0.417430759765625 0.85219828515625 0.41700036328125 0.874372912109375 0.41252401953125 0.89480501953125 0.40669376171875 0.912515859375 0.391095376953125 0.923156623046875 0.36447696484375 0.931534126953125 0.331141205078125 0.922300708984375 0.33377343359375 0.92066016015625 0.338019578125 0.919303875 0.35742176171875 0.907050505859375 0.38468282421875 0.890584302734375 0.395294912109375 0.860031193359375 0.40619463671875 0.8447945859375 0.40754990234375 0.830546642578125 0.412069689453125 0.822717228515625 0.420251205078125 0.8202758359375 0.42826502734375 0.82156146875 0.43871248046875 0.828624509765625 0.440213775390625 0.8400083671875 0.4318033046875
7 0.949776533203125 0.51642362109375 0.9410443046875 0.514095169921875 0.927783072265625 0.518311626953125 0.9188640390625 0.517728775390625 0.889242853515625 0.512089548828125 0.8699857421875 0.501104041015625 0.85709726171875 0.483596423828125 0.84794121484375 0.465896734375 0.8406491640625 0.442030390625 0.8369320078125 0.41957991796875 0.83605266015625 0.389855880859375 0.840144978515625 0.357579177734375 0.84657808203125 0.33859915625 0.84526030859375 0.334380205078125 0.841724591796875 0.33625456640625 0.83568320703125 0.358599751953125 0.831155802734375 0.3868460703125 0.831649958984375 0.4227235625 0.83877859765625 0.4655905859375 0.847071705078125 0.484747328125 0.8612389765625 0.503182765625 0.878325708984375 0.51830179296875 0.890152197265625 0.523440546875 0.91990208984375 0.531077033203125 0.92318653515625 0.534728591796875 0.93666391015625 0.542516623046875 0.944861609375 0.538679767578125 0.9499129765625 0.52793880859375 0.949776533203125 0.51642362109375
7 0.803168423828125 0.231673306640625 0.8071006328125 0.209689158203125 0.8064636796875 0.183662046875 0.807545876953125 0.171604107421875 0.814466283203125 0.12743515234375 0.81820240625 0.0808343359375 0.81936048046875 0.0951234765625 0.825071083984375 0.12398498828125 0.8277485234375 0.11138862109375 0.827592392578125 0.0981899609375 0.82689213671875 0.0747828671875 0.824574998046875 0.057820248046875 0.81773802734375 0.057477380859375 0.79464119921875 0.1916811015625 0.792467927734375 0.203067896484375 0.789589193359375 0.230541970703125 0.793464982421875 0.243653759765625 0.803168423828125 0.231673306640625
7 0.965662900390625 0.123916015625 0.975568849609375 0.106180611328125 0.983262 0.094920150390625 0.970790642578125 0.0892931328125 0.965375111328125 0.095086369140625 0.957064412109375 0.11712810546875 0.93664028515625 0.159412181640625 0.9195622890625 0.196455205078125 0.904547544921875 0.236912931640625 0.893060521484375 0.28308169140625 0.88827468359375 0.3331530625 0.88957052734375 0.3572376796875 0.899861029296875 0.34950450390625 0.905082125 0.2777005703125 0.9147243671875 0.237588009765625 0.926998744140625 0.1995239453125 0.946989841796875 0.156651802734375 0.9608821484375 0.129348154296875 0.965662900390625 0.123916015625
7 0 0.459167609375 0.003688736328125 0.459951673828125 0.027016216796875 0.465405162109375 0.0514127578125 0.489394298828125 0.065719296875 0.53598033203125 0.07382708984375 0.5659089375 0.074743228515625 0.576000494140625 0.085645908203125 0.586234443359375 0.095035119140625 0.585261609375 0.09765153515625 0.572952345703125 0.095476044921875 0.55962453125 0.087508146484375 0.546054712890625 0.08358608203125 0.542251529296875 0.07855688671875 0.543656986328125 0.070011142578125 0.51709894140625 0.05505225390625 0.482745517578125 0.038743580078125 0.4599804296875 0.014162498046875 0.447333177734375 0.002506662109375 0.449803591796875 0 0.457331994140625 0 0.459167609375
4 0.8067213046875 0.145422578125 0.801349568359375 0.183548125 0.803828158203125 0.187952287109375 0.81244519140625 0.130275150390625 0.81298348828125 0.117030986328125 0.818984859375 0.077015416015625 0.820941748046875 0.06245312890625 0.821454771484375 0.065395384765625 0.82363666796875 0.0808373984375 0.8254392109375 0.111987310546875 0.8259576953125 0.11169237109375 0.823638140625 0.062621115234375 0.821605404296875 0.057189041015625 0.818439091796875 0.06030151953125 0.8163419140625 0.07766814453125 0.811593595703125 0.112858234375 0.8067213046875 0.145422578125
4 0.24761358203125 0.64565891015625 0.240192515625 0.6408393671875 0.23056953515625 0.6352214296875 0.22431812890625 0.6253750390625 0.21656835546875 0.61603466015625 0.20840746484375 0.60935491015625 0.197320185546875 0.594633595703125 0.180570365234375 0.5737635703125 0.1687070859375 0.55832922265625 0.1565025 0.54144690234375 0.14899269921875 0.532432994140625 0.13011141015625 0.507812865234375 0.119415314453125 0.49125118359375 0.113484947265625 0.486144560546875 0.109844703125 0.48509628515625 0.11102386328125 0.487544955078125 0.122151013671875 0.50062575 0.131927732421875 0.51424305078125 0.14482173046875 0.532095462890625 0.15729571875 0.546836068359375 0.17072587109375 0.5650769609375 0.188951513671875 0.5898331953125 0.208272169921875 0.612348685546875 0.224898837890625 0.63154353515625 0.225354931640625 0.635212046875 0.230818359375 0.6407693984375 0.24585221875 0.650010005859375 0.24761358203125 0.64565891015625
1 0.210094875 0.715254154296875 0.20682178125 0.709580205078125 0.20060530078125 0.70658619140625 0.196859275390625 0.706506533203125 0.194045123046875 0.707102990234375 0.191153615234375 0.70553325 0.19046519921875 0.703714259765625 0.1915000234375 0.700110853515625 0.193160236328125 0.69735791015625 0.1957518125 0.695280974609375 0.20414830078125 0.702560783203125 0.213346783203125 0.72124071484375 0.22044241796875 0.73780195703125 0.226571990234375 0.75511298828125 0.24521911328125 0.81352092578125 0.25307134375 0.850102900390625 0.25283297265625 0.868927669921875 0.25084087109375 0.8782997734375 0.2517205078125 0.881115486328125 0.252477494140625 0.880081763671875 0.25455873046875 0.86523258203125 0.254326037109375 0.8498915546875 0.2469577578125 0.81248571484375 0.240830701171875 0.793264009765625 0.2293624140625 0.756181310546875 0.22315265625 0.7386137421875 0.21422828515625 0.719275490234375 0.208509482421875 0.706352228515625 0.205127529296875 0.700138291015625 0.19964260546875 0.691803744140625 0.195496916015625 0.69044545703125 0.19086249609375 0.69328280078125 0.188153134765625 0.69844148046875 0.187918462890625 0.704603263671875 0.188697857421875 0.70978691796875 0.192697623046875 0.711831720703125 0.197440560546875 0.711645236328125 0.20173198046875 0.7123179140625 0.20654583984375 0.718120572265625 0.20716215234375 0.724702734375 0.21127142578125 0.718646990234375 0.210094875 0.715254154296875