7 0.109153646484375 0.057717591796875 0.118753125 0.05202777734375 0.1342953125 0.057717591796875 0.150752083984375 0.06909722265625 0.163094271484375 0.086165740234375 0.167665625 0.116238888671875 0.164922916015625 0.139810185546875 0.158522916015625 0.160942591796875 0.1374953125 0.170696296875 0.12698125 0.16012962890625 0.1196671875 0.14875092578125 0.116010416015625 0.16012962890625 0.121038541015625 0.17719907421875 0.132466666015625 0.184513888671875 0.1562375 0.18045 0.17269375 0.1520018515625 0.176351041015625 0.112987962890625 0.169036978515625 0.074786111328125 0.147552083984375 0.0487768515625 0.122409896484375 0.03577222265625 0.105039583984375 0.04552592578125 0.08766875 0.061781482421875 0.0771546875 0.081288888671875 0.070297916015625 0.100796296875 0.076240625 0.114612962890625 0.08446875 0.112987962890625 0.093154166015625 0.104860185546875 0.098182291015625 0.09022962890625 0.1000109375 0.069909259765625 0.109153646484375 0.057717591796875
7 0.139780728515625 0.13412037109375 0.1553234375 0.100796296875 0.164922916015625 0.071535185546875 0.181379166015625 0.05690462890625 0.210635416015625 0.031708333984375 0.228463021484375 0.004886111328125 0.217034896484375 0.000009259765625 0.190064583984375 0.030082408203125 0.1653796875 0.052840740234375 0.142066666015625 0.096731482421875 0.12698125 0.134933333984375 0.104582291015625 0.20727222265625 0.097725521484375 0.22352777734375 0.0917828125 0.249537962890625 0.097268228515625 0.2649805546875 0.107009896484375 0.269768517578125 0.113267708984375 0.262542591796875 0.1178390625 0.24222222265625 0.116467708984375 0.216212962890625 0.124238541015625 0.17394722265625 0.139780728515625 0.13412037109375
7 0.139780728515625 0.398828703125 0.135209375 0.376883333984375 0.127438541015625 0.373632408203125 0.118753125 0.388262962890625 0.1228671875 0.411833333984375 0.128352603515625 0.44272037109375 0.131552603515625 0.502053703125 0.126524478515625 0.576018517578125 0.121495833984375 0.6337268515625 0.110981771484375 0.6670518515625 0.089496875 0.709317591796875 0.096354166015625 0.7158194453125 0.116924478515625 0.681682408203125 0.135209375 0.617471296875 0.139780728515625 0.556511111328125 0.140238021484375 0.50367962890625 0.1406953125 0.42890277734375 0.139780728515625 0.398828703125
2 0.2010359375 0.32242592578125 0.210635416015625 0.2988555546875 0.199664583984375 0.286662962890625 0.190979166015625 0.29722962890625 0.193264583984375 0.31592407421875 0.200578646484375 0.32242592578125 0.2010359375 0.32242592578125
7 0.112353125 0.86754907421875 0.132009896484375 0.880553703125 0.1562375 0.879741666015625 0.185950521484375 0.878115740234375 0.185493228515625 0.859421296875 0.151208853515625 0.86754907421875 0.121495833984375 0.858608333984375 0.097268228515625 0.817968517578125 0.08126875 0.770013888671875 0.073497916015625 0.733437962890625 0.065269271484375 0.7179944453125 0.054755728515625 0.728561111328125 0.057041146484375 0.7472555546875 0.0593265625 0.7724518515625 0.062069791015625 0.79764907421875 0.0657265625 0.80740277734375 0.074869271484375 0.80902777734375 0.081726041015625 0.801712962890625 0.094525521484375 0.835037962890625 0.112353125 0.86754907421875
2 0.047441666015625 0.9852731484375 0.046527083984375 0.984460185546875 0.052013021484375 0.970642591796875 0.047441666015625 0.954387037109375 0.038298958984375 0.9552 0.03555625 0.965765740234375 0.036013541015625 0.981209259765625 0.047441666015625 0.9852731484375
5 0.721769271484375 0.887737962890625 0.7190265625 0.91374722265625 0.725426041015625 0.92350092578125 0.741425521484375 0.911309259765625 0.748739583984375 0.8918018515625 0.748739583984375 0.875546296875 0.738225521484375 0.869043517578125 0.721769271484375 0.887737962890625
7 0.719940625 0.559081482421875 0.7053125 0.556642591796875 0.697541666015625 0.563958333984375 0.676513541015625 0.555017591796875 0.666 0.546889814453125 0.643600521484375 0.51600277734375 0.636286458984375 0.47455092578125 0.631258333984375 0.421718517578125 0.624858333984375 0.37132592578125 0.625315625 0.330686111328125 0.623030208984375 0.313616666015625 0.616630208984375 0.313616666015625 0.619830208984375 0.34287777734375 0.622572916015625 0.381891666015625 0.628058333984375 0.4396 0.631258333984375 0.483491666015625 0.639486458984375 0.531446296875 0.651371875 0.5558305546875 0.6597703125 0.560461111328125 0.676056771484375 0.57289907421875 0.6979984375 0.5810268515625 0.714455208984375 0.599721296875 0.72816875 0.591593517578125 0.729083333984375 0.5696481484375 0.719940625 0.559081482421875
7 0.625315625 0.391991666015625 0.6161734375 0.439946296875 0.6106875 0.515536111328125 0.619372916015625 0.587875 0.623944271484375 0.637766666015625 0.613430208984375 0.666213888671875 0.619830208984375 0.677593517578125 0.630344271484375 0.658086111328125 0.6326296875 0.615008333984375 0.623486978515625 0.559737962890625 0.618458853515625 0.48739907421875 0.624858333984375 0.428064814453125 0.6358296875 0.37929722265625 0.642802083984375 0.357941666015625 0.649543228515625 0.31965277734375 0.644971875 0.303396296875 0.634458333984375 0.3066481484375 0.6294296875 0.322903703125 0.629886978515625 0.352164814453125 0.625315625 0.391991666015625
7 0.649597396484375 0.157667591796875 0.654736978515625 0.2177194453125 0.640052603515625 0.3201981484375 0.636014583984375 0.357403703125 0.642255208984375 0.354140740234375 0.647394791015625 0.317587037109375 0.659509375 0.246439814453125 0.663547396484375 0.19030462890625 0.656572396484375 0.140043517578125 0.647027603515625 0.115892591796875 0.634179166015625 0.095658333984375 0.633148958984375 0.086487962890625 0.618353646484375 0.05112592578125 0.612603125 0.047037037109375 0.601132291015625 0.055715740234375 0.608454166015625 0.082187962890625 0.625294271484375 0.1034518515625 0.649597396484375 0.157667591796875
2 0.909246353515625 0.107512962890625 0.916221353515625 0.097721296875 0.9143859375 0.082709259765625 0.904473958984375 0.082056482421875 0.903005728515625 0.09315277734375 0.905208333984375 0.103596296875 0.909246353515625 0.107512962890625
6 0.973998958984375 0.2024055546875 0.96030625 0.18815 0.950955208984375 0.171518517578125 0.943608333984375 0.149541666015625 0.927911978515625 0.1436018515625 0.921566146484375 0.157857408203125 0.922234375 0.1738944453125 0.931919271484375 0.1851805546875 0.943273958984375 0.198841666015625 0.958636458984375 0.2154731484375 0.969991666015625 0.224382408203125 0.985688021484375 0.235668517578125 0.997108853515625 0.242121296875 0.999479166015625 0.2422018515625 0.999479166015625 0.220225 0.994036978515625 0.2154731484375 0.982682291015625 0.20834537109375 0.973998958984375 0.2024055546875
7 0.584602603515625 0.651839814453125 0.568706771484375 0.682162962890625 0.5528109375 0.69809537109375 0.534603125 0.6929555546875 0.515528125 0.67805092578125 0.501077603515625 0.656978703125 0.4900953125 0.65954907421875 0.510615103515625 0.6934694453125 0.540672396484375 0.713513888671875 0.566394791015625 0.706318517578125 0.586047916015625 0.673939814453125 0.595585416015625 0.635906482421875 0.593561978515625 0.592734259765625 0.582290625 0.548534259765625 0.579400521484375 0.53157407421875 0.574776041015625 0.500736111328125 0.567261978515625 0.489943517578125 0.557724478515625 0.506903703125 0.5626375 0.527462037109375 0.568995833984375 0.542366666015625 0.5730421875 0.5490481484375 0.576799478515625 0.5608694453125 0.584602603515625 0.5824555546875 0.586047916015625 0.614834259765625 0.584602603515625 0.651839814453125
7 0.511482291015625 0.668286111328125 0.526221875 0.669313888671875 0.534025521484375 0.66417407421875 0.549343228515625 0.652867591796875 0.555990103515625 0.6431018515625 0.561481771484375 0.62819722265625 0.566105728515625 0.605583333984375 0.570441146484375 0.577315740234375 0.569284896484375 0.557785185546875 0.5640828125 0.524378703125 0.5533890625 0.483262037109375 0.547897916015625 0.478636111328125 0.54471875 0.48942962890625 0.559169271484375 0.52797592578125 0.5626375 0.5603555546875 0.565238541015625 0.581941666015625 0.560325521484375 0.606611111328125 0.550209896484375 0.634878703125 0.535759375 0.64567222265625 0.520441666015625 0.654409259765625 0.501366666015625 0.65029722265625 0.486916146484375 0.634364814453125 0.478245833984375 0.61432037109375 0.4692859375 0.60352777734375 0.459748958984375 0.604041666015625 0.454257291015625 0.617918517578125 0.4600375 0.634878703125 0.466973958984375 0.640532408203125 0.473910416015625 0.6446444453125 0.481425 0.645158333984375 0.484026041015625 0.6549231484375 0.511482291015625 0.668286111328125
7 0.61870625 0.59787407421875 0.603099478515625 0.58965092578125 0.583735416015625 0.585538888671875 0.565238541015625 0.5932481484375 0.556857291015625 0.600443517578125 0.555990103515625 0.6107231484375 0.568995833984375 0.606611111328125 0.5808453125 0.600443517578125 0.60194375 0.600957408203125 0.614659896484375 0.60815277734375 0.632579166015625 0.624086111328125 0.641249478515625 0.63179537109375 0.6464515625 0.637962962890625 0.648474478515625 0.649446296875 0.659746353515625 0.65852037109375 0.674196875 0.65954907421875 0.676797916015625 0.642587962890625 0.667838541015625 0.631281482421875 0.6481859375 0.6210018515625 0.61870625 0.59787407421875
7 0.596452083984375 0.5547018515625 0.6007875 0.535685185546875 0.615816146484375 0.504334259765625 0.6294 0.47555277734375 0.644139583984375 0.450882408203125 0.644139583984375 0.43495 0.635180208984375 0.44214537109375 0.613793228515625 0.483262037109375 0.5808453125 0.566009259765625 0.570441146484375 0.593762037109375 0.569573958984375 0.60969537109375 0.5741984375 0.628711111328125 0.578822396484375 0.641046296875 0.5820015625 0.653381482421875 0.5915390625 0.6667444453125 0.599053646484375 0.668286111328125 0.603388541015625 0.65954907421875 0.60194375 0.640532408203125 0.594645833984375 0.630178703125 0.5831578125 0.622543517578125 0.579111458984375 0.61432037109375 0.576510416015625 0.5989018515625 0.582290625 0.58142777734375 0.596452083984375 0.5547018515625
7 0.642116666015625 0.45807777734375 0.650208853515625 0.480178703125 0.654255208984375 0.505362037109375 0.652231771484375 0.528489814453125 0.6458734375 0.540311111328125 0.634023958984375 0.540311111328125 0.6279546875 0.534143517578125 0.624486458984375 0.5151268515625 0.616105208984375 0.503306482421875 0.616683333984375 0.52592037109375 0.625353646484375 0.552132408203125 0.640093228515625 0.55932777734375 0.652809896484375 0.55367407421875 0.662636458984375 0.530546296875 0.66408125 0.499708333984375 0.653098958984375 0.462703703125 0.634313021484375 0.438034259765625 0.5915390625 0.40822407421875 0.564371875 0.400514814453125 0.558880208984375 0.3933194453125 0.5533890625 0.389208333984375 0.541250521484375 0.389208333984375 0.533447396484375 0.398459259765625 0.5343140625 0.41285 0.535759375 0.420162037109375 0.550498958984375 0.421587037109375 0.5635046875 0.4149055546875 0.581134375 0.418503703125 0.6088796875 0.430838888671875 0.6267984375 0.44420092578125 0.642116666015625 0.45807777734375
7 0.570315625 0.67572592578125 0.582834375 0.710487037109375 0.6043578125 0.7389981484375 0.636203646484375 0.766337037109375 0.644330208984375 0.765556482421875 0.645208333984375 0.75969722265625 0.60391875 0.72532777734375 0.585909375 0.696816666015625 0.573609896484375 0.655746296875 0.564166146484375 0.611221296875 0.558016666015625 0.577633333984375 0.555161458984375 0.5385768515625 0.55538125 0.5190481484375 0.5558203125 0.490537037109375 0.548133333984375 0.4674944453125 0.540227083984375 0.46944722265625 0.538689583984375 0.4838981484375 0.541983853515625 0.5057694453125 0.544948958984375 0.515487962890625 0.5479140625 0.528483333984375 0.5503296875 0.564415740234375 0.554502603515625 0.599957408203125 0.561091666015625 0.64174722265625 0.570315625 0.67572592578125
7 0.623245833984375 0.28937222265625 0.634007291015625 0.2460194453125 0.642792708984375 0.212821296875 0.648722396484375 0.173764814453125 0.651138541015625 0.129240740234375 0.646306771484375 0.0944805546875 0.640596353515625 0.102682408203125 0.644330208984375 0.140957408203125 0.641035416015625 0.1865018515625 0.635105728515625 0.211107408203125 0.618853125 0.26287037109375 0.603698958984375 0.328485185546875 0.5914 0.380821296875 0.587227083984375 0.41987777734375 0.5839328125 0.428860185546875 0.579759896484375 0.445263888671875 0.579759896484375 0.4601055546875 0.581516666015625 0.4644018515625 0.587666146484375 0.4655731484375 0.591180208984375 0.4562 0.594035416015625 0.435890740234375 0.594474478515625 0.420864814453125 0.597549478515625 0.405633333984375 0.6028203125 0.376731482421875 0.6133625 0.328818517578125 0.623245833984375 0.28937222265625
7 0.6904515625 0.183012037109375 0.6810078125 0.1408305546875 0.653334896484375 0.114112037109375 0.634666146484375 0.10825277734375 0.622147916015625 0.10434722265625 0.611825 0.09614537109375 0.610507291015625 0.11137777734375 0.628736458984375 0.122313888671875 0.645647916015625 0.125828703125 0.6665125 0.144966666015625 0.678591666015625 0.158636111328125 0.6834234375 0.1777731484375 0.6854 0.201988888671875 0.683863021484375 0.219563888671875 0.680788021484375 0.24065462890625 0.6709046875 0.266040740234375 0.6619 0.27189907421875 0.6458671875 0.27502407421875 0.633129166015625 0.26565092578125 0.623245833984375 0.26565092578125 0.6149 0.273462037109375 0.614680208984375 0.289084259765625 0.621269271484375 0.297003703125 0.635764583984375 0.293931482421875 0.646526041015625 0.288463888671875 0.662558853515625 0.288463888671875 0.6810078125 0.26854537109375 0.693086978515625 0.228317591796875 0.6904515625 0.183012037109375
7 0.646306771484375 0.392740740234375 0.633568228515625 0.397817591796875 0.6074328125 0.405238888671875 0.590082291015625 0.432187037109375 0.578002603515625 0.463432408203125 0.571633333984375 0.5009268515625 0.574708333984375 0.536467591796875 0.5898625 0.57735092578125 0.610946875 0.602737037109375 0.609189583984375 0.5875055546875 0.593596353515625 0.5668055546875 0.583273958984375 0.533607408203125 0.581516666015625 0.49337962890625 0.585250521484375 0.4718981484375 0.595572916015625 0.44065277734375 0.6089703125 0.421515740234375 0.625002603515625 0.4140944453125 0.637302083984375 0.41175092578125 0.640486458984375 0.417387962890625 0.64938125 0.42437592578125 0.662778646484375 0.421642591796875 0.6693671875 0.412268517578125 0.668928125 0.396646296875 0.661680728515625 0.389615740234375 0.646306771484375 0.392740740234375
7 0.66004375 0.474506482421875 0.666057291015625 0.478665740234375 0.665055208984375 0.462031482421875 0.657371353515625 0.419257408203125 0.647683333984375 0.377671296875 0.642338021484375 0.3218268515625 0.636658853515625 0.277864814453125 0.636325 0.204792591796875 0.645344791015625 0.17152407421875 0.644342708984375 0.153107408203125 0.6346546875 0.150731482421875 0.628641146484375 0.168553703125 0.627221353515625 0.19762222265625 0.62596875 0.2142981484375 0.628975 0.287964814453125 0.635656771484375 0.3473731484375 0.646346875 0.413910185546875 0.66004375 0.474506482421875
7 0.634758853515625 0.51045462890625 0.647282291015625 0.54757222265625 0.656228125 0.558708333984375 0.665471875 0.549162962890625 0.6466859375 0.51045462890625 0.638933333984375 0.473865740234375 0.633566146484375 0.4219 0.625515103515625 0.369934259765625 0.620744271484375 0.339709259765625 0.620744271484375 0.32062037109375 0.6195515625 0.306833333984375 0.614482291015625 0.289335185546875 0.60851875 0.282441666015625 0.602853125 0.282441666015625 0.599275 0.29039537109375 0.595622396484375 0.298316666015625 0.601958333984375 0.329634259765625 0.610904166015625 0.347133333984375 0.618358853515625 0.385842591796875 0.626409896484375 0.426142591796875 0.627602603515625 0.47015462890625 0.634758853515625 0.51045462890625
4 0.070583333984375 0.75167037109375 0.076869271484375 0.7752 0.091756771484375 0.818141666015625 0.10234375 0.8404944453125 0.1135921875 0.8563768515625 0.124178646484375 0.866965740234375 0.1357578125 0.8728481484375 0.156600521484375 0.87402407421875 0.176450521484375 0.866965740234375 0.172811458984375 0.865788888671875 0.146675521484375 0.8704944453125 0.130133853515625 0.865788888671875 0.1182234375 0.856965740234375 0.106644271484375 0.84284722265625 0.091426041015625 0.81167037109375 0.075545833984375 0.762846296875 0.069591146484375 0.7316694453125 0.0659515625 0.729316666015625 0.061981771484375 0.724611111328125 0.059004166015625 0.7299055546875 0.059004166015625 0.739316666015625 0.061981771484375 0.744611111328125 0.064242708984375 0.75845277734375 0.066613541015625 0.75637592578125 0.061651041015625 0.731081482421875 0.064628646484375 0.731081482421875 0.066613541015625 0.735787962890625 0.070583333984375 0.75167037109375
8 0.635463541015625 0.359911111328125 0.6336078125 0.356639814453125 0.631369791015625 0.362337037109375 0.630459896484375 0.369616666015625 0.632279166015625 0.374468517578125 0.63478125 0.369212037109375 0.6352359375 0.366785185546875 0.635463541015625 0.359911111328125