6 0.313303990234375 0 0.311494078125 0.01015687109375 0.29922964453125 0.0418864296875 0.284064263671875 0.057583802734375 0.26957778515625 0.06081093359375 0.253883826171875 0.05116875390625 0.23965755078125 0.038334181640625 0.2368574921875 0.049651171875 0.241661349609375 0.054877111328125 0.25550207421875 0.07323556640625 0.274977078125 0.07807559765625 0.29480315625 0.068275177734375 0.310270056640625 0.040029240234375 0.32276953515625 0.0090501328125 0.32469319921875 0 0.313303990234375 0
1 0.369175072265625 0.53391779296875 0.370439478515625 0.52834759765625 0.36972188671875 0.52657115234375 0.373132494140625 0.516483833984375 0.377889263671875 0.495528451171875 0.37232559765625 0.510496408203125 0.36831290625 0.525549400390625 0.36735728125 0.530045255859375 0.36817794921875 0.533834802734375 0.369175072265625 0.53391779296875
1 0.361488197265625 0.565307607421875 0.362918001953125 0.56814276171875 0.37070897265625 0.534045458984375 0.369175072265625 0.53391779296875 0.36280652734375 0.5619736640625 0.361488197265625 0.565307607421875
1 0.3757338203125 0.523150046875 0.379110666015625 0.510131537109375 0.384263998046875 0.4964058125 0.38691063671875 0.48395435546875 0.388215962890625 0.47894670703125 0.384035935546875 0.48608726953125 0.3781689296875 0.5059546484375 0.37490902734375 0.51566385546875 0.37070897265625 0.534045458984375 0.370974 0.534067517578125 0.3757338203125 0.523150046875
1 0.379921677734375 0.490060630859375 0.381199888671875 0.48813180078125 0.386234521484375 0.46609764453125 0.39065265234375 0.455830759765625 0.39245975 0.451154283203125 0.39708890234375 0.445631232421875 0.40084006640625 0.44136798046875 0.40616932421875 0.43924724609375 0.407945298828125 0.438539923828125 0.40864489453125 0.441942130859375 0.4099278125 0.445468328125 0.408483931640625 0.45130682421875 0.402116423828125 0.464051255859375 0.39534808203125 0.469119609375 0.391890373046875 0.47199976171875 0.388818474609375 0.476635283203125 0.388215962890625 0.47894670703125 0.388475587890625 0.47850319921875 0.39760354296875 0.47285252734375 0.402595400390625 0.468491388671875 0.40789101171875 0.456964591796875 0.412239892578125 0.4441526953125 0.411350994140625 0.4378183515625 0.41014110546875 0.4339460703125 0.40221091796875 0.435875568359375 0.390541177734375 0.4496616640625 0.381984994140625 0.4774851875 0.377889263671875 0.495528451171875 0.379921677734375 0.490060630859375
1 0.388818474609375 0.476635283203125 0.390213943359375 0.4712818203125 0.39126431640625 0.468251578125 0.388331615234375 0.468065546875 0.385048115234375 0.482324791015625 0.388818474609375 0.476635283203125
1 0.373132494140625 0.516483833984375 0.370439478515625 0.52834759765625 0.3705208359375 0.52854900390625 0.373184203125 0.520801029296875 0.37490902734375 0.51566385546875 0.378789537109375 0.498680736328125 0.3751951875 0.510383146484375 0.373132494140625 0.516483833984375
7 0.361780546875 0.537711650390625 0.368545142578125 0.54036401171875 0.37973723828125 0.516302208984375 0.39134780859375 0.48022881640625 0.40322649609375 0.454024046875 0.410762861328125 0.4296982578125 0.404508626953125 0.416455771484375 0.3952115546875 0.419384958984375 0.38506816015625 0.452265849609375 0.376568169921875 0.49040140234375 0.36619828515625 0.51692782421875 0.361780546875 0.537711650390625
5 0.60076761328125 0.687702515625 0.610835787109375 0.6737255625 0.612646494140625 0.66149683984375 0.60550315625 0.64316097265625 0.59717041015625 0.6322796015625 0.5886698515625 0.63888150390625 0.587609583984375 0.6551224453125 0.5924761796875 0.68033428125 0.60076761328125 0.687702515625
5 0.636714783203125 0.23891084375 0.636645697265625 0.23835658984375 0.650335126953125 0.224239666015625 0.658780814453125 0.210663771484375 0.6647897734375 0.195472810546875 0.662550478515625 0.18566419140625 0.657605044921875 0.181319744140625 0.6463941484375 0.190464630859375 0.63173621484375 0.207111404296875 0.630310947265625 0.22108146484375 0.6314738671875 0.234503591796875 0.636714783203125 0.23891084375
7 0.8002057421875 0.2704017890625 0.802674701171875 0.2500661015625 0.797111916015625 0.238452982421875 0.787536501953125 0.2413589765625 0.779551306640625 0.26875578125 0.77735169921875 0.306714994140625 0.7624896640625 0.36064801171875 0.734151876953125 0.406775359375 0.7151723515625 0.421954513671875 0.700756740234375 0.42437978125 0.687201310546875 0.419852330078125 0.678328255859375 0.397654857421875 0.68144769140625 0.36263538671875 0.677454513671875 0.339279025390625 0.67439943359375 0.35619970703125 0.6735868671875 0.380726927734375 0.672844703125 0.40746809375 0.678539115234375 0.43008799609375 0.695417525390625 0.436419837890625 0.7169257265625 0.435502146484375 0.740312431640625 0.41412326171875 0.75919320703125 0.39068854296875 0.781180513671875 0.341015220703125 0.789711140625 0.295070009765625 0.8002057421875 0.2704017890625
7 0.829235146484375 0.545011369140625 0.796994962890625 0.50631922265625 0.750943095703125 0.436694326171875 0.72965119921875 0.391545701171875 0.72844879296875 0.379762283203125 0.72171069140625 0.36350801171875 0.714847515625 0.356559796875 0.70785316796875 0.363307677734375 0.703952580078125 0.377299681640625 0.70840509765625 0.389774875 0.714191388671875 0.400336490234375 0.7225780703125 0.401570099609375 0.726918931640625 0.414570595703125 0.743462826171875 0.447181216796875 0.7723210234375 0.4988784765625 0.80872485546875 0.545593083984375 0.83904730078125 0.581681462890625 0.8495350390625 0.58610683984375 0.854211119140625 0.572827759765625 0.829235146484375 0.545011369140625
7 0.73405125390625 0.305094505859375 0.756094119140625 0.2467402578125 0.772406734375 0.195389330078125 0.76939789453125 0.17145272265625 0.760544328125 0.138734962890625 0.751895640625 0.123192529296875 0.737459427734375 0.12218005859375 0.72750794140625 0.14541790625 0.730573671875 0.16182968359375 0.73801744140625 0.181227138671875 0.748596419921875 0.20150872265625 0.740821857421875 0.24422008984375 0.7226071171875 0.302703630859375 0.68676816015625 0.395128478515625 0.660175189453125 0.442238208984375 0.648182708984375 0.473264498046875 0.657585490234375 0.4780045078125 0.683850099609375 0.43425076953125 0.71103308203125 0.362598697265625 0.73405125390625 0.305094505859375
2 0.542067470703125 0.587753763671875 0.541723525390625 0.602070099609375 0.550765765625 0.601251646484375 0.578662037109375 0.577031599609375 0.60350866796875 0.55627446875 0.6216338203125 0.558071046875 0.623510728515625 0.53654268359375 0.646078412109375 0.497485916015625 0.640241796875 0.483225607421875 0.619715103515625 0.51449393359375 0.576571251953125 0.556030572265625 0.54905212109375 0.574848953125 0.542067470703125 0.587753763671875
5 0.04598076953125 0.790695375 0.039072833984375 0.77847164453125 0.021378017578125 0.788538599609375 0.011169693359375 0.80403915234375 0.01619731640625 0.835672951171875 0.032123951171875 0.825394869140625 0.041918599609375 0.80980638671875 0.04598076953125 0.790695375
5 0.02314275 0.676115458984375 0.026601724609375 0.694001396484375 0.040362728515625 0.6963868203125 0.049433365234375 0.6794223671875 0.045748552734375 0.66676483984375 0.0397656875 0.6606351328125 0.036138359375 0.6577048984375 0.031820015625 0.655167353515625 0.025642861328125 0.6570936640625 0.02256235546875 0.675869978515625 0.02314275 0.676115458984375
7 0.16006035546875 0.211867861328125 0.15367294140625 0.207942017578125 0.150491224609375 0.20932081640625 0.145489884765625 0.224693767578125 0.148414974609375 0.23246337890625 0.154160833984375 0.2491371875 0.161825857421875 0.253848607421875 0.18280161328125 0.255738984375 0.186519234375 0.243687455078125 0.187165271484375 0.228415828125 0.181741744140625 0.22674901171875 0.169377853515625 0.221039765625 0.165858240234375 0.217209482421875 0.16006035546875 0.211867861328125
7 0.8309680234375 0.514974537109375 0.814530548828125 0.550539732421875 0.809122150390625 0.57598425 0.815588140625 0.587331193359375 0.823695216796875 0.58656103125 0.832053345703125 0.569223623046875 0.843671396484375 0.5409433828125 0.8547933046875 0.508403951171875 0.865239501953125 0.479043501953125 0.865103029296875 0.459900509765625 0.8560417734375 0.46296028515625 0.8446525234375 0.487964658203125 0.8309680234375 0.514974537109375
7 0.586728572265625 0.47523231640625 0.595092181640625 0.448232115234375 0.60157729296875 0.4177220625 0.602790296875 0.379091193359375 0.596227490234375 0.360584328125 0.5854331484375 0.337290287109375 0.57154234375 0.320337318359375 0.558691794921875 0.306716974609375 0.54542916015625 0.321786982421875 0.54691472265625 0.34154709765625 0.5631588828125 0.35977840234375 0.5710076171875 0.35989047265625 0.58056581640625 0.370477607421875 0.58054596484375 0.382918490234375 0.57635761328125 0.417027302734375 0.568029919921875 0.45414684375 0.557360169921875 0.48376742578125 0.5685164921875 0.509471806640625 0.578543375 0.489048169921875 0.586728572265625 0.47523231640625
1 0.1797118515625 0.244680865234375 0.181648970703125 0.241727408203125 0.182543759765625 0.237517751953125 0.18265611328125 0.232883357421875 0.177312900390625 0.232006046875 0.170174921875 0.232042212890625 0.165753541015625 0.23162021484375 0.163386626953125 0.231117111328125 0.161493484375 0.228385099609375 0.155987224609375 0.220744619140625 0.152600224609375 0.216142634765625 0.150158515625 0.218729466796875 0.151837974609375 0.224520943359375 0.155209974609375 0.22782572265625 0.156722416015625 0.228924369140625 0.16075328125 0.23392163671875 0.16765187109375 0.24185806640625 0.17492219921875 0.24599145703125 0.1797118515625 0.244680865234375
1 0.833232970703125 0.534003873046875 0.83527969140625 0.537113095703125 0.845643572265625 0.515241779296875 0.852508595703125 0.49851089453125 0.8576400703125 0.48569211328125 0.860423029296875 0.478258275390625 0.860826458984375 0.47352955859375 0.859387767578125 0.473223755859375 0.85689915234375 0.476439580078125 0.847717765625 0.501237369140625 0.835689939453125 0.52810619921875 0.833232970703125 0.534003873046875