5 0.482379150390625 0 0.479893853515625 0.011242703125 0.487820146484375 0.0248782421875 0.502915689453125 0.03606144921875 0.504286966796875 0.035343150390625 0.517554095703125 0.0132129921875 0.510053166015625 0 0.482379150390625 0
7 0.6945375625 0.073239048828125 0.72863621484375 0.046599736328125 0.7218959609375 0.0400180625 0.684551365234375 0.055910283203125 0.6309040078125 0.1156689375 0.581260517578125 0.197625970703125 0.57104232421875 0.20991721875 0.559331384765625 0.228195546875 0.556849376953125 0.24771566796875 0.570943703125 0.25334921484375 0.58359162890625 0.238484134765625 0.5923636484375 0.20569336328125 0.619707728515625 0.160574763671875 0.656963611328125 0.111567228515625 0.6945375625 0.073239048828125
6 0.55480634375 0.272644306640625 0.558311171875 0.312879009765625 0.562072837890625 0.3295728828125 0.57192069140625 0.323548568359375 0.565082283203125 0.252947994140625 0.567790587890625 0.194267541015625 0.5805490390625 0.155051234375 0.601355478515625 0.12420078515625 0.635191859375 0.091299994140625 0.6707693515625 0.051413845703125 0.669762939453125 0.036323990234375 0.5981619921875 0.10114616796875 0.5722467109375 0.1381423046875 0.558371548828125 0.1866190859375 0.55480634375 0.272644306640625
7 0.407706775390625 0.422552275390625 0.395346033203125 0.4416133203125 0.39637616796875 0.45275649609375 0.4180414375 0.425128994140625 0.431531705078125 0.387955029296875 0.432306728515625 0.354367994140625 0.423680826171875 0.329697453125 0.397533248046875 0.3194240234375 0.348040587890625 0.333358083984375 0.315922052734375 0.380900109375 0.30298903125 0.390437021484375 0.283749548828125 0.4134160703125 0.282040791015625 0.435509892578125 0.29440790234375 0.4400944296875 0.310205068359375 0.420762232421875 0.31663880078125 0.398344455078125 0.352334794921875 0.351694392578125 0.3799250625 0.337554625 0.404122541015625 0.335330419921875 0.4195418984375 0.34968429296875 0.424282623046875 0.376389244140625 0.41868919140625 0.400517599609375 0.407706775390625 0.422552275390625
7 0.179490044921875 0.4827568359375 0.203503380859375 0.4967828203125 0.209960939453125 0.485849919921875 0.21507502734375 0.472111447265625 0.204912498046875 0.46207133984375 0.18137509375 0.45995595703125 0.153633484375 0.44252980078125 0.143106783203125 0.413631232421875 0.145545421875 0.356437095703125 0.1608060703125 0.32571072265625 0.191211912109375 0.293505291015625 0.2265180625 0.260270517578125 0.225584328125 0.2487773046875 0.184405408203125 0.283550923828125 0.156515802734375 0.314131640625 0.1405995234375 0.35595495703125 0.1327228203125 0.402784904296875 0.1346445390625 0.440798419921875 0.152014728515625 0.46764915625 0.179490044921875 0.4827568359375
7 0.3211259921875 0.139896513671875 0.326580078125 0.102193251953125 0.321581484375 0.088964169921875 0.310275005859375 0.159711875 0.296117009765625 0.187710080078125 0.26179710546875 0.247465673828125 0.212336900390625 0.315455876953125 0.174378921875 0.345778349609375 0.1678229609375 0.311113552734375 0.1605819765625 0.313061322265625 0.15180464453125 0.329640552734375 0.157471228515625 0.354324263671875 0.165031744140625 0.369721802734375 0.19354787109375 0.353560798828125 0.229071736328125 0.31437412109375 0.27945853125 0.24436190625 0.31271698828125 0.18209053515625 0.3211259921875 0.139896513671875
6 0.10781484765625 0.5721120078125 0.1181225546875 0.580183384765625 0.13179089453125 0.56908158203125 0.116547095703125 0.554021421875 0.095046583984375 0.56067120703125 0.06948854296875 0.5768196875 0.046303494140625 0.573291087890625 0.03684195703125 0.553666421875 0.039194533203125 0.500203978515625 0.05616416015625 0.447382884765625 0.07186272265625 0.411511470703125 0.061348060546875 0.40288368359375 0.031368232421875 0.48248808984375 0.02817535546875 0.534239953125 0.031027095703125 0.576988556640625 0.046581822265625 0.595880345703125 0.082826876953125 0.580895365234375 0.10781484765625 0.5721120078125
1 0.09850678125 0.413020599609375 0.09156012109375 0.44101130859375 0.09835091015625 0.447513017578125 0.11132828515625 0.439488232421875 0.116880794921875 0.42060484765625 0.132403794921875 0.38543972265625 0.149389173828125 0.359647533203125 0.14421790625 0.351601947265625 0.119020318359375 0.379850763671875 0.09850678125 0.413020599609375
7 0.056029330078125 0.81343849609375 0.06577423046875 0.789594205078125 0.07247031640625 0.762737677734375 0.063369232421875 0.75521334765625 0.051366513671875 0.769486373046875 0.038577240234375 0.79707578125 0.043625458984375 0.82085526171875 0.056029330078125 0.81343849609375
2 0.198148130859375 0.683722583984375 0.20447204296875 0.692893408203125 0.2124121015625 0.685777921875 0.2162479765625 0.67547390625 0.21650194921875 0.65752057421875 0.207097591796875 0.65967996875 0.198668171875 0.66808862890625 0.198148130859375 0.683722583984375
7 0.490342115234375 0.71066184375 0.511171244140625 0.688080091796875 0.515486462890625 0.66738619140625 0.492583455078125 0.693204974609375 0.4577198828125 0.728051162109375 0.437193806640625 0.740950091796875 0.4178973671875 0.742144181640625 0.40534609375 0.72475225 0.394639166015625 0.68980351171875 0.400663365234375 0.647014892578125 0.410670392578125 0.618732748046875 0.413391802734375 0.59088522265625 0.40424535546875 0.581848513671875 0.3954307578125 0.61042891796875 0.3904601328125 0.642218861328125 0.383034166015625 0.704175703125 0.39966266015625 0.745855072265625 0.4169793828125 0.757679873046875 0.439500421875 0.7587908359375 0.46346859375 0.74224595703125 0.490342115234375 0.71066184375
7 0.350870267578125 0.750205345703125 0.36713116015625 0.752867359375 0.3844308984375 0.751065693359375 0.39934706640625 0.735266990234375 0.407944453125 0.712638615234375 0.411984998046875 0.676111662109375 0.408170638671875 0.64738559765625 0.40154830078125 0.650238625 0.40205593359375 0.687148556640625 0.39893730859375 0.714897044921875 0.385435451171875 0.73179843359375 0.37280992578125 0.738409876953125 0.35125960546875 0.7367899296875 0.31571211328125 0.735433248046875 0.284671146484375 0.73970528515625 0.274201625 0.73259077734375 0.25909735546875 0.728824859375 0.24815192578125 0.738857333984375 0.243922771484375 0.75581954296875 0.2575725390625 0.76372697265625 0.2733778046875 0.75790833203125 0.286445181640625 0.752909080078125 0.307462919921875 0.749892076171875 0.32865644140625 0.746167888671875 0.350870267578125 0.750205345703125
6 0.268118119140625 0.924628 0.262850638671875 0.953974470703125 0.270962384765625 0.95724705078125 0.277612478515625 0.925494138671875 0.28528088671875 0.8253133125 0.262887427734375 0.7424101171875 0.23056906640625 0.67730014453125 0.2216112265625 0.687828181640625 0.238321623046875 0.719019533203125 0.26069882421875 0.7748936953125 0.273507697265625 0.85390611328125 0.268118119140625 0.924628
7 0.29710314453125 0.96082647265625 0.306394712890625 0.952187123046875 0.311373716796875 0.933911759765625 0.307304595703125 0.923137876953125 0.294540271484375 0.918454302734375 0.284168849609375 0.927878884765625 0.2771946640625 0.9321452578125 0.265172033203125 0.912633048828125 0.25625905078125 0.92467333984375 0.25436984375 0.940717892578125 0.266695525390625 0.9505472734375 0.274117361328125 0.95803367578125 0.2880289765625 0.96150223046875 0.29710314453125 0.96082647265625
7 0.531293583984375 0.999188447265625 0.538569896484375 0.998862205078125 0.545319220703125 0.987032509765625 0.5478189765625 0.9583796640625 0.548196279296875 0.924693462890625 0.522180130859375 0.91220072265625 0.507698443359375 0.9160972890625 0.506690458984375 0.92860744921875 0.51985644140625 0.940147412109375 0.5289123828125 0.946158462890625 0.53161278125 0.95734114453125 0.52756385546875 0.98035351953125 0.531293583984375 0.999188447265625
2 0.418997955078125 0.84514023046875 0.425109263671875 0.851749265625 0.43454064453125 0.84376123828125 0.4363849921875 0.826204431640625 0.431037435546875 0.81886590234375 0.422477314453125 0.829493103515625 0.418997955078125 0.84514023046875
6 0.77628891796875 1 0.757551001953125 0.949819720703125 0.73754175390625 0.94032669140625 0.71961426171875 0.9411110859375 0.699531267578125 0.955621556640625 0.680074291015625 0.98455161328125 0.673110125 1 0.682889798828125 1 0.684540849609375 0.995423634765625 0.70108808984375 0.974777380859375 0.727350560546875 0.95580144140625 0.73905787890625 0.96472658984375 0.754969119140625 0.98896148828125 0.76033409375 1 0.77628891796875 1
6 0.38579046484375 0.95922123046875 0.37286582421875 0.98227272265625 0.379533423828125 0.9843168515625 0.38981837890625 0.9752390625 0.402877658203125 0.956726255859375 0.427948482421875 0.937453205078125 0.45263317578125 0.938353568359375 0.47508046875 0.963468029296875 0.482956072265625 0.989453525390625 0.49134406640625 0.9862897109375 0.4732980546875 0.936749658203125 0.453506298828125 0.921305623046875 0.433455849609375 0.917056541015625 0.412225341796875 0.932782927734375 0.38579046484375 0.95922123046875
7 0.86330469140625 1 0.857827271484375 0.991190982421875 0.844980296875 0.978776287109375 0.8347220078125 0.971966373046875 0.826470837890625 0.9762865234375 0.822021712890625 0.9957284296875 0.824364142578125 1 0.86330469140625 1
7 0.7412682578125 0.910398478515625 0.747066611328125 0.917513498046875 0.756985142578125 0.91290004296875 0.759975451171875 0.8945124609375 0.76275721484375 0.875363857421875 0.760954943359375 0.858615537109375 0.762444326171875 0.839853728515625 0.771802 0.803919603515625 0.7836700703125 0.783493259765625 0.805251826171875 0.764071712890625 0.834341404296875 0.75290043359375 0.865732552734375 0.756474890625 0.89166169140625 0.7579794453125 0.9119512890625 0.73894380078125 0.907026767578125 0.729921486328125 0.887402677734375 0.746287919921875 0.86647539453125 0.743904349609375 0.838124513671875 0.736127611328125 0.81770392578125 0.7445000078125 0.78878425390625 0.7613839375 0.76400364453125 0.79843204296875 0.753028568359375 0.84884477734375 0.747496564453125 0.86943283203125 0.741840744140625 0.892117087890625 0.7412682578125 0.910398478515625
5 0.755947099609375 0.33294969140625 0.769176470703125 0.32461175390625 0.7740546640625 0.31338241015625 0.777044794921875 0.300125900390625 0.77433648828125 0.28824940234375 0.76712165234375 0.288131013671875 0.750688822265625 0.2997153984375 0.7414713359375 0.311418298828125 0.741018759765625 0.325866693359375 0.744384791015625 0.335107349609375 0.755947099609375 0.33294969140625
5 0.931661626953125 0.312913728515625 0.935394390625 0.291729162109375 0.930784490234375 0.278532103515625 0.922517458984375 0.2826316796875 0.91662942578125 0.2974053359375 0.9110067734375 0.316165306640625 0.909304185546875 0.33310187109375 0.9156661640625 0.339168396484375 0.923012267578125 0.338760310546875 0.92857339453125 0.327825296875 0.931661626953125 0.312913728515625
7 0.92679283203125 0.15936556640625 0.934500513671875 0.1674213671875 0.934013767578125 0.169567357421875 0.94731597265625 0.15664226171875 0.936863685546875 0.14171465625 0.911764044921875 0.148898486328125 0.87637079296875 0.185998291015625 0.803162732421875 0.28759629296875 0.77241891015625 0.33257626953125 0.75486755859375 0.346121451171875 0.744928701171875 0.363245115234375 0.747376935546875 0.38121755078125 0.762268923828125 0.38212975390625 0.771482994140625 0.3653855390625 0.781223529296875 0.346531955078125 0.823618025390625 0.282615443359375 0.85525128515625 0.23785723046875 0.893469287109375 0.186900478515625 0.92679283203125 0.15936556640625
7 0.894129134765625 0.370716529296875 0.8895644921875 0.395340912109375 0.892340359375 0.409473935546875 0.886614072265625 0.41980761328125 0.8801298359375 0.42939215234375 0.870908935546875 0.43605373828125 0.863302763671875 0.44255776171875 0.86064317578125 0.457016044921875 0.866445525390625 0.464063353515625 0.879887943359375 0.465734453125 0.89770808984375 0.461216900390625 0.923853376953125 0.4397335 0.9502001171875 0.42502030859375 0.962590845703125 0.43090949609375 0.968824244140625 0.4425445859375 0.96652813671875 0.459334123046875 0.96163026953125 0.4777146484375 0.966836921875 0.47957296875 0.974663173828125 0.455761796875 0.974156064453125 0.433793029296875 0.966965666015625 0.419679658203125 0.95078708984375 0.415085728515625 0.932343392578125 0.4233679609375 0.910939822265625 0.440994095703125 0.892893275390625 0.45273629296875 0.878992185546875 0.455430185546875 0.87263020703125 0.449363662109375 0.877075498046875 0.44543153125 0.8882706875 0.435902203125 0.895803705078125 0.41705837890625 0.90255142578125 0.406419216796875 0.909424087890625 0.385171076171875 0.91553561328125 0.35813158203125 0.914047064453125 0.347679517578125 0.906663654296875 0.341918478515625 0.899849607421875 0.35030047265625 0.894129134765625 0.370716529296875
7 0.83077562890625 0.4661449296875 0.856130525390625 0.470376759765625 0.885722212890625 0.45800327734375 0.905275931640625 0.432635783203125 0.919168017578125 0.414817296875 0.930363431640625 0.4052870703125 0.941983849609375 0.390263138671875 0.947212259765625 0.373084390625 0.94045290625 0.363558796875 0.9293553125 0.37143294140625 0.919382279296875 0.387427767578125 0.91244255859375 0.406419515625 0.88248476171875 0.44319405859375 0.863056208984375 0.457951677734375 0.848528939453125 0.4593700859375 0.833765533203125 0.4528893203125 0.82508971875 0.43336417578125 0.82121635546875 0.40215565234375 0.829468115234375 0.37285090234375 0.841901908203125 0.34066774609375 0.8390650234375 0.33435980859375 0.81912578515625 0.37643209375 0.813249384765625 0.4113705078125 0.8162664765625 0.4434858515625 0.83077562890625 0.4661449296875
7 0.892961326171875 0.498451431640625 0.912014861328125 0.47360240625 0.929065974609375 0.428179103515625 0.9493265234375 0.3721848984375 0.947648537109375 0.320801732421875 0.94018615625 0.292618515625 0.932252857421875 0.302962080078125 0.941189994140625 0.329019482421875 0.937829390625 0.384186853515625 0.919048666015625 0.4355095546875 0.8890664296875 0.48627908203125 0.86052430859375 0.52116691796875 0.84524440234375 0.531918443359375 0.830202806640625 0.5556111015625 0.8329479140625 0.573656603515625 0.844773203125 0.570444197265625 0.85586498046875 0.55248767578125 0.8668891953125 0.5322746328125 0.892961326171875 0.498451431640625
2 0.91799237109375 0.374313068359375 0.924104533203125 0.36469873828125 0.92208734375 0.351314080078125 0.915300138671875 0.35074215625 0.909641412109375 0.363332353515625 0.91079964453125 0.372581748046875 0.91799237109375 0.374313068359375
7 0.6267398828125 0.7107939296875 0.645371537109375 0.6937124609375 0.6523560234375 0.68637780859375 0.66163475 0.66684892578125 0.67113674609375 0.63505510546875 0.676218619140625 0.59319766015625 0.678181279296875 0.570165158203125 0.6705383046875 0.570500181640625 0.667190732421875 0.591506912109375 0.663820900390625 0.631550587890625 0.652243380859375 0.662826921875 0.630384326171875 0.68986026171875 0.61326088671875 0.702952931640625 0.589739115234375 0.703808279296875 0.57572784375 0.687994271484375 0.56513825 0.66351166015625 0.564728736328125 0.639887708984375 0.561057333984375 0.6154495234375 0.551298845703125 0.604055845703125 0.5422801875 0.61748879296875 0.541766369140625 0.639763169921875 0.55581371484375 0.66174694921875 0.558494671875 0.682577244140625 0.57116029296875 0.707577466796875 0.585265748046875 0.71669497265625 0.605923509765625 0.718484587890625 0.6267398828125 0.7107939296875
7 0.686276744140625 0.576103732421875 0.74214084375 0.559229275390625 0.7646692578125 0.549724845703125 0.765913453125 0.537154298828125 0.718615939453125 0.55504433203125 0.658759125 0.5614025234375 0.63365389453125 0.558503078125 0.604066572265625 0.5533667578125 0.575968021484375 0.558681607421875 0.57168207421875 0.553132693359375 0.5639717578125 0.551210296875 0.55102504296875 0.55134230859375 0.541969076171875 0.55860612890625 0.53845634765625 0.5790115234375 0.541855541015625 0.58938076171875 0.558654984375 0.585167923828125 0.575218798828125 0.5730560390625 0.590137908203125 0.56501534375 0.621403884765625 0.567210205078125 0.6555708984375 0.572928212890625 0.686276744140625 0.576103732421875
7 0.740536013671875 0.52018590625 0.74700175 0.5357589921875 0.7528410625 0.5478960625 0.7571025703125 0.567439958984375 0.751254025390625 0.593424703125 0.741947443359375 0.62190725390625 0.726153716796875 0.654933158203125 0.718058390625 0.669715677734375 0.722013798828125 0.67406281640625 0.75439628125 0.614930169921875 0.761819341796875 0.57757755078125 0.76218712890625 0.530624599609375 0.737259359375 0.494166623046875 0.71409525390625 0.48727084765625 0.683822857421875 0.493724169921875 0.67904462109375 0.4914134609375 0.663034111328125 0.49246205859375 0.651441041015625 0.49853219140625 0.64868021875 0.5096052421875 0.64858844140625 0.521342806640625 0.659166400390625 0.52566066015625 0.67369126953125 0.519201189453125 0.68505183984375 0.510272296875 0.699872849609375 0.50388666015625 0.723297025390625 0.5046865 0.740536013671875 0.52018590625
7 0.698178763671875 0.535947693359375 0.706502443359375 0.543298234375 0.71047458203125 0.54853415625 0.717041205078125 0.566413107421875 0.718337248046875 0.58521762890625 0.714240228515625 0.62059969140625 0.719250962890625 0.62576915625 0.725952650390625 0.593837298828125 0.72158140625 0.555783705078125 0.7128687890625 0.53008955859375 0.69322636328125 0.517911056640625 0.67227559375 0.5210878984375 0.653767240234375 0.532154796875 0.630648943359375 0.546552615234375 0.617799822265625 0.54502944140625 0.60482161328125 0.549074705078125 0.596466216796875 0.56995316015625 0.597496373046875 0.5847712421875 0.615909814453125 0.5804016171875 0.633127939453125 0.5606125703125 0.653742576171875 0.5461506796875 0.678771744140625 0.53166913671875 0.698178763671875 0.535947693359375
4 0.89314918359375 0.415476615234375 0.897933 0.401579455078125 0.89386328125 0.401219390625 0.890961384765625 0.41204446484375 0.883796330078125 0.429384486328125 0.8754788359375 0.436694056640625 0.865717517578125 0.44328197265625 0.862857154296875 0.452312876953125 0.865006037109375 0.460788193359375 0.872161236328125 0.462211470703125 0.88598060546875 0.461326541015625 0.89710312890625 0.459046828125 0.91110798046875 0.448464072265625 0.932092404296875 0.43023912109375 0.942577025390625 0.425635119140625 0.948774470703125 0.423571259765625 0.953338953125 0.4239878828125 0.958648197265625 0.427116154296875 0.964211177734375 0.42922458984375 0.968675580078125 0.438998662109375 0.96999319921875 0.441854091796875 0.97090913671875 0.44713437890625 0.969257927734375 0.455384611328125 0.96383458203125 0.473881275390625 0.96625383984375 0.472318265625 0.9675677421875 0.4686760859375 0.971718494140625 0.452028328125 0.972646625 0.441793283203125 0.96890530078125 0.434004021484375 0.96578092578125 0.4278114453125 0.9623396015625 0.4237060390625 0.957475625 0.4196056875 0.94584273046875 0.42067505078125 0.936270609375 0.424062751953125 0.92504516796875 0.432451818359375 0.913227015625 0.443218109375 0.90138746484375 0.453258587890625 0.886657705078125 0.458608689453125 0.870141490234375 0.4580988359375 0.866743021484375 0.455446974609375 0.866866890625 0.450065228515625 0.870346314453125 0.445879875 0.874209400390625 0.4450385234375 0.8797036171875 0.43846884375 0.882546744140625 0.435207943359375 0.887467880859375 0.42849537890625 0.89314918359375 0.415476615234375
8 0.637518833984375 0.552073970703125 0.63846597265625 0.546772478515625 0.637345548828125 0.54625646484375 0.631742865234375 0.549190046875 0.62832665625 0.552308060546875 0.6291798828125 0.558655806640625 0.6332339921875 0.55786208203125 0.637095248046875 0.55377288671875 0.637518833984375 0.552073970703125
1 0.541135904296875 0.9501584921875 0.54371125 0.94879185546875 0.54406252734375 0.941768205078125 0.53832794921875 0.934294056640625 0.53175632421875 0.926967150390625 0.5256680546875 0.92331637890625 0.517363265625 0.920533873046875 0.511989078125 0.922038623046875 0.5107995703125 0.92600859375 0.51442116796875 0.931533099609375 0.5212641171875 0.9385726640625 0.526745166015625 0.94065017578125 0.53670693359375 0.95202296484375 0.541135904296875 0.9501584921875
1 0.276138310546875 0.944875244140625 0.2730795 0.938400326171875 0.27162537109375 0.933104185546875 0.26995901171875 0.929832578125 0.2687629453125 0.921744646484375 0.267217939453125 0.917984171875 0.263872875 0.917929794921875 0.25932286328125 0.920949294921875 0.25717283984375 0.92664462890625 0.25824705078125 0.9352213046875 0.262236865234375 0.9408901015625 0.2656738359375 0.941747033203125 0.2710525859375 0.9459442421875 0.273638091796875 0.95256071484375 0.27602219921875 0.95471251171875 0.276138310546875 0.944875244140625
1 0.059951107421875 0.779706572265625 0.0635452109375 0.769991181640625 0.064107974609375 0.763675845703125 0.0619157578125 0.762844890625 0.0587044296875 0.7654576484375 0.0528378046875 0.77679553515625 0.0477078046875 0.78774738671875 0.0444664765625 0.796896103515625 0.0430009921875 0.80790850390625 0.045463740234375 0.812789083984375 0.049246064453125 0.81430182421875 0.052037880859375 0.81016165234375 0.054058 0.802700970703125 0.05460794140625 0.79857058203125 0.056159169921875 0.79042425 0.058364072265625 0.784147130859375 0.059951107421875 0.779706572265625
1 0.119712779296875 0.399995369140625 0.131652763671875 0.380449619140625 0.139215619140625 0.372031021484375 0.143280595703125 0.36303422265625 0.141702041015625 0.359401845703125 0.133481744140625 0.36912896484375 0.12749464453125 0.3785301796875 0.118373806640625 0.389210341796875 0.115779646484375 0.3956299296875 0.11580094921875 0.40152309765625 0.119712779296875 0.399995369140625
4 0.170677421875 0.36073836328125 0.18290175 0.355542275390625 0.204434830078125 0.335590423828125 0.23551797265625 0.298588787109375 0.248134064453125 0.283186150390625 0.27640564453125 0.24006133984375 0.292700998046875 0.207910564453125 0.30570014453125 0.181673205078125 0.310509001953125 0.171684302734375 0.312082861328125 0.167365470703125 0.31384419140625 0.15897283203125 0.322766208984375 0.10326349609375 0.321122294921875 0.105208765625 0.311181013671875 0.163675654296875 0.295440287109375 0.196258626953125 0.282519927734375 0.224834513671875 0.273229123046875 0.240183537109375 0.247965455078125 0.277752474609375 0.234502443359375 0.2958888359375 0.210253794921875 0.324075564453125 0.185207005859375 0.34815650390625 0.17173773828125 0.35569125 0.170677421875 0.36073836328125
3 0.578898703125 0.700840171875 0.57507807421875 0.694512169921875 0.572847146484375 0.68981916796875 0.57020647265625 0.688205546875 0.566220892578125 0.691986052734375 0.568189337890625 0.6962958359375 0.571130751953125 0.6995752109375 0.573734587890625 0.70277041796875 0.578898703125 0.700840171875