5 0.61903411328125 0.803664 0.6271193203125 0.794479490234375 0.630445138671875 0.778832751953125 0.6289355234375 0.766701 0.618851822265625 0.763648896484375 0.609311482421875 0.765255078125 0.598227177734375 0.77652740234375 0.58983821875 0.784738599609375 0.585958162109375 0.802992828125 0.589597302734375 0.8219375078125 0.599561359375 0.8231476328125 0.609297578125 0.813405310546875 0.61903411328125 0.803664
5 0.938803994140625 0.5663594453125 0.936086703125 0.583953025390625 0.938074005859375 0.603454396484375 0.941670244140625 0.6105790859375 0.948885880859375 0.610295322265625 0.9587956484375 0.6069511171875 0.96366511328125 0.58163721875 0.964546072265625 0.56547080859375 0.953876615234375 0.545940537109375 0.9443900546875 0.552100935546875 0.938803994140625 0.5663594453125
5 0.6494579296875 0.424904326171875 0.660346037109375 0.42176712890625 0.665204431640625 0.403719908203125 0.664988298828125 0.38550280859375 0.660848505859375 0.3737207421875 0.653155884765625 0.366634087890625 0.64538651953125 0.36952544921875 0.639996341796875 0.37564781640625 0.637224763671875 0.38868706640625 0.63782190234375 0.397899572265625 0.639027572265625 0.409058916015625 0.640167564453125 0.422929599609375 0.6494579296875 0.424904326171875
5 0.621703962890625 0.46170669140625 0.617096052734375 0.476173111328125 0.61333544921875 0.49627022265625 0.62495121875 0.49692173828125 0.643554720703125 0.48633986328125 0.658996451171875 0.46418191796875 0.657552001953125 0.449338720703125 0.64844644921875 0.446494529296875 0.6353636484375 0.4455302421875 0.625638498046875 0.448005888671875 0.621703962890625 0.46170669140625
5 0.695357830078125 0.199345298828125 0.69221682421875 0.214122572265625 0.69128189453125 0.22573566796875 0.70111511328125 0.232368572265625 0.70930838671875 0.232292611328125 0.71903353515625 0.229816966796875 0.728639548828125 0.225499451171875 0.736920443359375 0.208179705078125 0.733389369140625 0.198343572265625 0.727902509765625 0.1880917265625 0.715678212890625 0.18549337109375 0.709679822265625 0.189669912109375 0.695357830078125 0.199345298828125
5 0.43873491796875 0.36557665234375 0.4556098359375 0.365529484375 0.46106537109375 0.35669476953125 0.464749232421875 0.346575671875 0.463913693359375 0.33367750390625 0.4624035703125 0.32154564453125 0.45416809765625 0.309800814453125 0.445181486328125 0.3087993984375 0.438444048828125 0.316452890625 0.433728072265625 0.321810763671875 0.430891328125 0.33756145703125 0.432770369140625 0.34795518359375 0.434649412109375 0.358348916015625 0.43873491796875 0.36557665234375
5 0.35732487890625 0.3855234765625 0.36622537109375 0.362883892578125 0.36582442578125 0.345536259765625 0.36138087890625 0.33278087890625 0.353969556640625 0.3411998828125 0.347406052734375 0.355249681640625 0.34298244140625 0.368846529296875 0.3416780859375 0.3821976484375 0.346371607421875 0.391372119140625 0.35732487890625 0.3855234765625
7 0.812711494140625 0.81575716796875 0.818840212890625 0.806157740234375 0.815332103515625 0.781789375 0.81370252734375 0.76781462890625 0.80853131640625 0.751270541015625 0.7993939296875 0.72933967578125 0.78680051953125 0.728480359375 0.7811603671875 0.7381836328125 0.779659619140625 0.75967078515625 0.78292933203125 0.780353490234375 0.784177392578125 0.803332720703125 0.78953373046875 0.819008359375 0.7936187265625 0.826235990234375 0.812711494140625 0.81575716796875
7 0 0.73354779296875 0.000717904296875 0.733618919921875 0.00987774609375 0.741017439453125 0.020504494140625 0.74872681640625 0.033086833984375 0.756852810546875 0.034901220703125 0.769958091796875 0.03984471875 0.775551654296875 0.04913508203125 0.777526380859375 0.066880080078125 0.768578576171875 0.06727196484375 0.7523082109375 0.063013228515625 0.738683369140625 0.047431791015625 0.732645189453125 0.0355226328125 0.723754482421875 0.022266408203125 0.71639399609375 0.009314640625 0.7100060234375 0.002469134765625 0.708550966796875 0 0.711355818359375 0 0.73354779296875
7 0.20989296484375 0.79301703515625 0.208045244140625 0.801709869140625 0.206991056640625 0.811479173828125 0.211076369140625 0.818707818359375 0.216758916015625 0.820824427734375 0.226365123046875 0.8165060078125 0.23183153515625 0.80040551953125 0.2378521875 0.78169754296875 0.239884716796875 0.772135244140625 0.246340857421875 0.74897609765625 0.252187767578125 0.723870908203125 0.255764068359375 0.704643369140625 0.25409158984375 0.678848630859375 0.25079074609375 0.63907845703125 0.241002248046875 0.603381775390625 0.235091990234375 0.59031463671875 0.22142343359375 0.572872181640625 0.203462302734375 0.56360288671875 0.181393208984375 0.56163819921875 0.174416865234375 0.565605921875 0.17017857421875 0.5783334140625 0.18142472265625 0.580723857421875 0.194203259765625 0.58071472265625 0.2114364140625 0.586194291015625 0.222117255859375 0.598458900390625 0.227701306640625 0.62508506640625 0.2326109609375 0.65247663671875 0.23490284375 0.67295244140625 0.236162482421875 0.688665103515625 0.2390623828125 0.711087642578125 0.234931841796875 0.73292266796875 0.22277069921875 0.768497548828125 0.216641982421875 0.778096974609375 0.20989296484375 0.79301703515625
7 0 0.694935080078125 0.024828234375 0.6682760625 0.05966428515625 0.677498189453125 0.103061220703125 0.7257901015625 0.148947927734375 0.745537001953125 0.12558736328125 0.70877298046875 0.104823328125 0.693456376953125 0.08779744140625 0.672575001953125 0.06428358203125 0.655766103515625 0.041182755859375 0.649038376953125 0.0160493984375 0.65187294921875 0.00405262109375 0.66022602734375 0 0.664491333984375 0 0.694935080078125
7 0.39549852734375 0.568987880859375 0.413905830078125 0.56654113671875 0.42237153515625 0.54835192578125 0.417015705078125 0.532676392578125 0.405726146484375 0.518465849609375 0.39125318359375 0.5072126953125 0.368805794921875 0.473367125 0.3667752734375 0.44204474609375 0.36347423828125 0.40227548046875 0.37076843359375 0.3511299296875 0.387025763671875 0.315517921875 0.414845087890625 0.276003208984375 0.418899076171875 0.2641452890625 0.409477681640625 0.26759424609375 0.396068162109375 0.280188880859375 0.37963740625 0.309404689453125 0.370378365234375 0.326516525390625 0.363748994140625 0.34327856640625 0.350533154296875 0.388622640625 0.34695736328125 0.4078502890625 0.345260611328125 0.4374716640625 0.34644382421875 0.4631633515625 0.353428912109375 0.49281261328125 0.375094859375 0.518315251953125 0.37892987890625 0.529123791015625 0.381949423828125 0.55338830859375 0.39549852734375 0.568987880859375
7 0.492890740234375 0.1781147890625 0.470995580078125 0.182546408203125 0.45504401171875 0.17824705078125 0.441972599609375 0.17001709765625 0.432693619140625 0.16077670703125 0.423371421875 0.13971530859375 0.41887409765625 0.122405708984375 0.4146264296875 0.1015141875 0.40922769921875 0.074018662109375 0.40692223046875 0.101694103515625 0.414243412109375 0.15140345703125 0.435528546875 0.185909783203125 0.4582483671875 0.201642103515625 0.487782876953125 0.19974302734375 0.516904548828125 0.187761873046875 0.538453052734375 0.170536947265625 0.55442656640625 0.16030385546875 0.559284962890625 0.142256634765625 0.55667775 0.1280740859375 0.547810591796875 0.1289155546875 0.54132383203125 0.13298733984375 0.532934361328125 0.1411984296875 0.526012111328125 0.14972138671875 0.52146955859375 0.161475458984375 0.492890740234375 0.1781147890625
7 0.57456664453125 0.598137634765625 0.570677529296875 0.58277386328125 0.573471560546875 0.55520226953125 0.57679737890625 0.539555529296875 0.575895974609375 0.52936960546875 0.5684960390625 0.53052294140625 0.561520205078125 0.5344907734375 0.555684171875 0.552330189453125 0.556105560546875 0.596030158203125 0.55759271875 0.622694251953125 0.562818025390625 0.643793576171875 0.57036873828125 0.6635696875 0.587602400390625 0.66904936328125 0.599794673828125 0.652561953125 0.596709962890625 0.63100887890625 0.588962861328125 0.619368802734375 0.5795535546875 0.615551298828125 0.57456664453125 0.598137634765625
6 0.39946502734375 0.299349009765625 0.405778755859375 0.3182686640625 0.417302609375 0.306336265625 0.405219736328125 0.263818119140625 0.406302662109375 0.224897390625 0.416272435546875 0.175881517578125 0.432413134765625 0.133768947265625 0.460142529296875 0.1069045703125 0.482356830078125 0.099641314453125 0.50121684765625 0.106046955078125 0.50812587109375 0.088340001953125 0.48207237109375 0.07561075 0.458185525390625 0.086514140625 0.4218371015625 0.124330478515625 0.403049173828125 0.17466870703125 0.395171634765625 0.22652706640625 0.392826580078125 0.2626880390625 0.39946502734375 0.299349009765625
7 0.571505044921875 0.509790875 0.5788619609375 0.53183647265625 0.5764876484375 0.5676390859375 0.566242080078125 0.609683234375 0.545598646484375 0.65137828515625 0.51240394921875 0.688077765625 0.486914275390625 0.70453785546875 0.492434736328125 0.71921089453125 0.542573310546875 0.682853765625 0.57273101171875 0.62595743359375 0.583298169921875 0.598412734375 0.588896650390625 0.54374412109375 0.583243962890625 0.513683255859375 0.5605530703125 0.48372383203125 0.555728533203125 0.464544228515625 0.542938412109375 0.4520499453125 0.53447723046875 0.454906900390625 0.529065728515625 0.4705135703125 0.533556689453125 0.482640064453125 0.54534471875 0.494921345703125 0.555180765625 0.494218611328125 0.558444283203125 0.497605404296875 0.571505044921875 0.509790875
1 0.56551569140625 0.531528033203125 0.572019720703125 0.537853712890625 0.57666043359375 0.547562208984375 0.58565652734375 0.561395068359375 0.5921894296875 0.56220151171875 0.59599072265625 0.545855953125 0.58948978515625 0.53720605078125 0.580795623046875 0.53041484375 0.581063990234375 0.521459197265625 0.58176491015625 0.49893020703125 0.574805833984375 0.483204501953125 0.5668444140625 0.482966248046875 0.561819376953125 0.493528212890625 0.560135806640625 0.50683469921875 0.562145779296875 0.522639638671875 0.56551569140625 0.531528033203125
6 0.216867501953125 0.680412935546875 0.2107679609375 0.669619083984375 0.184806671875 0.69123641015625 0.168215353515625 0.6759510078125 0.151231255859375 0.639777484375 0.145719443359375 0.584333826171875 0.149250466796875 0.525836892578125 0.135683515625 0.50350501171875 0.126625015625 0.497057603515625 0.121215716796875 0.5117370625 0.137314263671875 0.530535673828125 0.136559375 0.56520011328125 0.134354138671875 0.6126725234375 0.147286052734375 0.67150234765625 0.17066275390625 0.706321671875 0.18696826953125 0.709787515625 0.198574859375 0.701852255859375 0.21173320703125 0.69110313671875 0.216867501953125 0.680412935546875
7 0.81185028125 0.0555746328125 0.820623865234375 0.066280869140625 0.865794353515625 0.13187328515625 0.8861470390625 0.1764729765625 0.896340169921875 0.20909114453125 0.910353953125 0.208140478515625 0.92103328515625 0.18388827734375 0.914328177734375 0.160852865234375 0.899140740234375 0.151731068359375 0.883121126953125 0.125732267578125 0.851339517578125 0.077720703125 0.831948806640625 0.059387599609375 0.81185028125 0.0555746328125
6 0.8868493125 0.27138280859375 0.89069548828125 0.274418248046875 0.9029311875 0.257941962890625 0.91121905078125 0.24595028125 0.927407513671875 0.22144158984375 0.934746287109375 0.20569837890625 0.94415400390625 0.183741205078125 0.9539982265625 0.150341400390625 0.95453714453125 0.111414845703125 0.94950490234375 0.08461251953125 0.94063978125 0.084059115234375 0.947888546875 0.125085900390625 0.94245251171875 0.1647464375 0.923997341796875 0.2069634140625 0.908131962890625 0.23464661328125 0.8908258203125 0.26056578515625 0.8868493125 0.27138280859375
7 0.291936251953125 0.1614541875 0.312662421875 0.161823318359375 0.335048275390625 0.143707654296875 0.350557544921875 0.124130326171875 0.36278738671875 0.0897277578125 0.36856005859375 0.0465520625 0.357473041015625 0.0186303046875 0.33942603125 0.0127761171875 0.325479314453125 0.01788530078125 0.3131562578125 0.026029876953125 0.315809197265625 0.0366856015625 0.337413421875 0.02580441015625 0.349307779296875 0.03035080859375 0.3579589296875 0.053717509765625 0.359958142578125 0.076344283203125 0.348677255859375 0.111620658203125 0.32867925390625 0.13629840234375 0.30874753515625 0.1482090859375 0.286670947265625 0.1435165625 0.276643349609375 0.131966345703125 0.263945564453125 0.120520654296875 0.25539609375 0.11803131640625 0.249146509765625 0.12073927734375 0.244914083984375 0.1353129609375 0.245796880859375 0.148955744140625 0.259139103515625 0.153809896484375 0.27321403515625 0.1534383046875 0.283071166015625 0.160630060546875 0.291936251953125 0.1614541875
7 0.250590861328125 0 0.242266142578125 0.014300416015625 0.22790425390625 0.051614064453125 0.2143419453125 0.12609882421875 0.207615765625 0.143506703125 0.20310080859375 0.16474790234375 0.206066736328125 0.17748833203125 0.213219791015625 0.184455564453125 0.220728408203125 0.17791355078125 0.22384441796875 0.154355873046875 0.2263731796875 0.13000127734375 0.230256904296875 0.079697453125 0.245964978515625 0.021814197265625 0.261656966796875 0 0.250590861328125 0
7 0.3529045703125 0 0.33767630078125 0.020186294921875 0.32169503125 0.052813625 0.3141070234375 0.088512388671875 0.3126353515625 0.115862408203125 0.315457583984375 0.138334701171875 0.31710191015625 0.166346099609375 0.329819046875 0.172908544921875 0.338143830078125 0.164385525390625 0.344774341796875 0.144749814453125 0.34356228125 0.132084943359375 0.33015280078125 0.125375333984375 0.32731494140625 0.113192228515625 0.326739162109375 0.093771271484375 0.3341340234375 0.070897796875 0.341867087890625 0.0532419921875 0.3521538203125 0.035486236328125 0.36351802734375 0.021176091796875 0.37859786328125 0.0115150625 0.389853220703125 0.01133457421875 0.39727657421875 0.02577785546875 0.405498943359375 0.055187458984375 0.40885015234375 0.099001849609375 0.410524955078125 0.13538209375 0.418725265625 0.151277916015625 0.429042791015625 0.14189201953125 0.42803597265625 0.121092048828125 0.4230445 0.102018951171875 0.419630353515625 0.07041478125 0.417478599609375 0.034574958984375 0.40990247265625 0.007232861328125 0.403467431640625 0 0.3529045703125 0
7 0.34162923828125 0.100506873046875 0.34924169921875 0.09305546484375 0.35648996875 0.069862115234375 0.346916984375 0.0538108359375 0.339817771484375 0.0523018515625 0.33040205078125 0.0420564375 0.320158359375 0.02916058984375 0.30491501171875 0.020149025390625 0.27136155859375 0.01219251953125 0.249747189453125 0.033156759765625 0.228960283203125 0.05677132421875 0.223476220703125 0.086935654296875 0.2196479765625 0.122398935546875 0.225661587890625 0.14428869140625 0.239661169921875 0.16787686328125 0.25106838671875 0.1818445234375 0.26067253515625 0.178114458984375 0.260427640625 0.157449935546875 0.247797416015625 0.1448722578125 0.23164868359375 0.11175778515625 0.235288302734375 0.090270890625 0.2467678671875 0.0580829453125 0.26694266015625 0.03516371875 0.286189310546875 0.03843022265625 0.30614572265625 0.049267130859375 0.319879978515625 0.06537841796875 0.3275594375 0.085974208984375 0.340117158203125 0.094038173828125 0.34162923828125 0.100506873046875
7 0.79695327734375 0.186257173828125 0.807750943359375 0.1840965859375 0.80951084765625 0.161077052734375 0.797362083984375 0.140114392578125 0.77879887890625 0.122800611328125 0.76116811328125 0.108469958984375 0.75047616796875 0.114552111328125 0.7464716953125 0.134867169921875 0.762856529296875 0.155059462890625 0.782432814453125 0.17203102734375 0.796839587890625 0.1879293359375 0.79695327734375 0.186257173828125
7 0.710539439453125 0.072704701171875 0.702282173828125 0.069266490234375 0.681126224609375 0.097578267578125 0.665633525390625 0.1237286015625 0.64430694140625 0.1528456484375 0.623857302734375 0.16448248046875 0.5992343359375 0.16681970703125 0.573749939453125 0.14205408984375 0.570436388671875 0.090875494140625 0.572924744140625 0.056913666015625 0.5633481875 0.064131236328125 0.558283111328125 0.11689410546875 0.5667459765625 0.1683266328125 0.606554009765625 0.1902479609375 0.6529453984375 0.165618013671875 0.68097256640625 0.122783220703125 0.692177384765625 0.123481802734375 0.7070356796875 0.104767623046875 0.710539439453125 0.072704701171875
1 0.035728080078125 0.739659576171875 0.03082699609375 0.73501880078125 0.027286802734375 0.732630564453125 0.017589603515625 0.72631718359375 0.006441736328125 0.719040396484375 0.002087626953125 0.71615257421875 0.001379765625 0.718618548828125 0.00014341015625 0.720973134765625 0.003483462890625 0.72430046484375 0.01049743359375 0.72938940234375 0.01819159765625 0.7356045546875 0.0343807890625 0.743678390625 0.035728080078125 0.739659576171875
1 0.573415921875 0.625846484375 0.569267330078125 0.613451982421875 0.568970109375 0.60324680859375 0.567949173828125 0.5841165 0.568311185546875 0.565005630859375 0.570203314453125 0.558280775390625 0.571927640625 0.552342859375 0.5745639296875 0.541390529296875 0.573482427734375 0.537049513671875 0.569815076171875 0.535447388671875 0.5684673828125 0.535983533203125 0.565903138671875 0.548047353515625 0.566112607421875 0.55576700390625 0.565081109375 0.578025046875 0.56566208984375 0.6072038359375 0.567614857421875 0.620502294921875 0.57178987109375 0.629986849609375 0.573415921875 0.625846484375
1 0.587172193359375 0.5399404296875 0.58192821484375 0.537757064453125 0.578978201171875 0.5317655703125 0.576343810546875 0.531050369140625 0.57503394140625 0.52966601953125 0.574572021484375 0.529961912109375 0.572213279296875 0.52928258203125 0.5697628671875 0.52714830859375 0.569568587890625 0.52711782421875 0.5695483828125 0.52696149609375 0.569509 0.5269271953125 0.567408083984375 0.5222066796875 0.56803653125 0.518779107421875 0.568438994140625 0.5175704296875 0.5663909140625 0.513800390625 0.5648989609375 0.510456001953125 0.565197578125 0.503397166015625 0.56584551171875 0.495165896484375 0.56664212109375 0.491418142578125 0.5677837578125 0.48934633984375 0.571126568359375 0.48916611328125 0.57267230859375 0.48896078125 0.5749205859375 0.491575171875 0.576163798828125 0.49326407421875 0.576006037109375 0.494477228515625 0.576742369140625 0.498550818359375 0.5769274296875 0.502863162109375 0.576417958984375 0.50667289453125 0.576209697265625 0.507507390625 0.57753089453125 0.508319095703125 0.579069337890625 0.504565125 0.579567705078125 0.49986321484375 0.578916556640625 0.494917916015625 0.5774012109375 0.49121262890625 0.57577678125 0.488018044921875 0.5723166875 0.486392763671875 0.5681096796875 0.487813001953125 0.56538591796875 0.4902613125 0.5632455234375 0.4951480859375 0.562437626953125 0.506015748046875 0.56441067578125 0.516049869140625 0.56697579296875 0.522827591796875 0.568600416015625 0.52602126953125 0.570043376953125 0.53006709765625 0.5741228359375 0.533961478515625 0.580177234375 0.5464657265625 0.583770298828125 0.5545297265625 0.586031373046875 0.5566129453125 0.590752080078125 0.5565485859375 0.592990140625 0.550257919921875 0.59199466796875 0.54363587109375 0.587172193359375 0.5399404296875
1 0.5780087890625 0.508612701171875 0.57753089453125 0.508319095703125 0.57698852734375 0.50964252734375 0.575905833984375 0.51058816015625 0.57605175390625 0.511223986328125 0.5763448828125 0.515025408203125 0.576149041015625 0.517833083984375 0.57726368359375 0.52483638671875 0.574840755859375 0.526813806640625 0.57300878515625 0.527525712890625 0.57503394140625 0.52966601953125 0.57665913671875 0.528624966796875 0.5775493203125 0.5263208046875 0.578128583984375 0.523595578125 0.579214923828125 0.518484755859375 0.578804513671875 0.512877828125 0.5780087890625 0.508612701171875
1 0.796756150390625 0.755066404296875 0.79571659765625 0.750868724609375 0.7947160546875 0.74505211328125 0.7918419140625 0.739921123046875 0.78864262109375 0.740145107421875 0.7873471640625 0.743847412109375 0.787096251953125 0.748855611328125 0.789648373046875 0.757893919921875 0.79011485546875 0.7628738046875 0.792392861328125 0.76841954296875 0.79451302734375 0.773750927734375 0.796998455078125 0.77879929296875 0.798353181640625 0.783425568359375 0.800886333984375 0.789206341796875 0.802824890625 0.793956716796875 0.806049435546875 0.80078846484375 0.80590030859375 0.802925453125 0.805190923828125 0.80530591015625 0.803238796875 0.80922929296875 0.80100128515625 0.8087536953125 0.797730693359375 0.80787770703125 0.794641708984375 0.807582728515625 0.7941399375 0.809464904296875 0.797321939453125 0.812671552734375 0.80003246484375 0.8137901015625 0.80285330078125 0.8143896875 0.80599685546875 0.81108115625 0.80753375390625 0.808154328125 0.808297708984375 0.80217036328125 0.806742091796875 0.79370452734375 0.804509376953125 0.79033805078125 0.799516611328125 0.778430529296875 0.79360382421875 0.76415781640625 0.79029498046875 0.7567657421875 0.789007318359375 0.747996201171875 0.7897427109375 0.74453645703125 0.79151951171875 0.743830255859375 0.7933002265625 0.748366279296875 0.793766712890625 0.7533461640625 0.79427848828125 0.760505306640625 0.794857521484375 0.76352028515625 0.796406857421875 0.76818792578125 0.796856615234375 0.768464328125 0.797619568359375 0.76806137109375 0.79748649609375 0.762632666015625 0.796756150390625 0.755066404296875
1 0.787947298828125 0.1496571484375 0.777446771484375 0.14193011328125 0.767031326171875 0.13068651171875 0.768852708984375 0.131466501953125 0.773499927734375 0.132454298828125 0.782577951171875 0.137524751953125 0.78964694140625 0.143737650390625 0.795294134765625 0.147293166015625 0.80082787109375 0.15553585546875 0.806920466796875 0.161149318359375 0.807662177734375 0.159736544921875 0.80677566015625 0.152481654296875 0.802612400390625 0.14610069921875 0.789999689453125 0.137924703125 0.779654146484375 0.132584833984375 0.76888626953125 0.127155193359375 0.7616521875 0.12483280078125 0.756183365234375 0.125633638671875 0.7567324296875 0.1292831015625 0.7657490234375 0.13983557421875 0.786538775390625 0.155246626953125 0.787947298828125 0.1496571484375