7 0.814070513671875 0.175388990234375 0.820302015625 0.15683709375 0.824763126953125 0.133733658203125 0.82286544140625 0.11442916796875 0.81452223046875 0.106973951171875 0.803810392578125 0.108862736328125 0.801630857421875 0.13067066796875 0.800062142578125 0.15594275390625 0.78743924609375 0.16977351953125 0.787876646484375 0.189335498046875 0.79950431640625 0.19264066015625 0.814070513671875 0.175388990234375
2 0.742378193359375 0.43070031640625 0.757373767578125 0.44498655078125 0.764631484375 0.4401669296875 0.769587529296875 0.431258951171875 0.772377056640625 0.412913439453125 0.764541634765625 0.388407298828125 0.752273943359375 0.3843217890625 0.736816177734375 0.39061738671875 0.73661371875 0.4093999296875 0.742378193359375 0.43070031640625
2 0.34402785546875 0.295623791015625 0.355247212890625 0.307066068359375 0.370997556640625 0.303365572265625 0.37540098046875 0.285627744140625 0.37094471875 0.263204423828125 0.358276994140625 0.25115441796875 0.348538681640625 0.252871544921875 0.34157703515625 0.2674895390625 0.34402785546875 0.295623791015625
7 0.636103927734375 0.386058853515625 0.654824958984375 0.3925773828125 0.66800098828125 0.387576375 0.66784007421875 0.3724288203125 0.662170654296875 0.357360306640625 0.651516349609375 0.353882572265625 0.63472184765625 0.36398573046875 0.605564953125 0.36377050390625 0.587875646484375 0.3517146171875 0.568477578125 0.332817259765625 0.55272750390625 0.30613576953125 0.545008326171875 0.270897318359375 0.54915594140625 0.2317809765625 0.558246576171875 0.215002126953125 0.5719010390625 0.19563308984375 0.567663732421875 0.18299071484375 0.54236025390625 0.21601785546875 0.535893537109375 0.244831306640625 0.54003125390625 0.296770390625 0.557583798828125 0.3365235859375 0.573181291015625 0.36233972265625 0.606336015625 0.38238138671875 0.636103927734375 0.386058853515625
6 0.5036913046875 0.241583078125 0.518103203125 0.24421490625 0.528379271484375 0.250619451171875 0.54789291015625 0.2587836796875 0.56332131640625 0.2551709765625 0.56991958984375 0.244187970703125 0.566532259765625 0.227823865234375 0.55241972265625 0.24459501171875 0.53634328515625 0.233146994140625 0.51278194140625 0.2248042265625 0.489678515625 0.21905843359375 0.4635377578125 0.22456001171875 0.4306539609375 0.25446153125 0.4118983671875 0.29615365625 0.405097474609375 0.32591829296875 0.416878404296875 0.330089630859375 0.430430314453125 0.290208255859375 0.448372625 0.2638345234375 0.46619885546875 0.2481940078125 0.48603833984375 0.24112485546875 0.5036913046875 0.241583078125
5 0.4671697421875 0.56120952734375 0.467524947265625 0.543293251953125 0.468004052734375 0.528926044921875 0.45838182421875 0.519909951171875 0.4498648359375 0.528553560546875 0.440163025390625 0.54186926171875 0.43996040625 0.560650892578125 0.44791155859375 0.57442481640625 0.461182130859375 0.5756557734375 0.4671697421875 0.56120952734375
2 0.56456992578125 0.717818931640625 0.578884017578125 0.723435306640625 0.58623374609375 0.70685812109375 0.5832756484375 0.695774705078125 0.572402896484375 0.682515935546875 0.556095158203125 0.692533265625 0.55321057421875 0.704646904296875 0.56456992578125 0.717818931640625
7 0.833906255859375 0.574810814453125 0.851844638671875 0.519689916015625 0.85410615234375 0.504297625 0.85305876171875 0.481273228515625 0.849444818359375 0.440846798828125 0.851195123046875 0.413758177734375 0.839443392578125 0.406903033203125 0.842491341796875 0.469746080078125 0.83838023046875 0.520460998046875 0.820664529296875 0.57089705078125 0.794031806640625 0.62201221875 0.774839484375 0.644143185546875 0.762274630859375 0.652607345703125 0.756105078125 0.66887112890625 0.76031369921875 0.68419722265625 0.77173125390625 0.69200355078125 0.785662201171875 0.677048939453125 0.7873549765625 0.6553268359375 0.816029642578125 0.6100993125 0.833906255859375 0.574810814453125
7 0.47023184765625 0.86121425 0.482804869140625 0.86703137890625 0.50130745703125 0.863768875 0.498712380859375 0.84905146875 0.48884251171875 0.8329381484375 0.476240646484375 0.829803822265625 0.46169070703125 0.8270129921875 0.42945197265625 0.81216619140625 0.3942252734375 0.788918953125 0.35223173046875 0.747225791015625 0.338553626953125 0.72374987109375 0.324751111328125 0.69672497265625 0.3059643828125 0.681291677734375 0.303232384765625 0.694270671875 0.320377046875 0.711779908203125 0.33670894140625 0.744607443359375 0.36585281640625 0.776068138671875 0.40355033984375 0.810484712890625 0.440666908203125 0.8387541484375 0.464867759765625 0.847877353515625 0.47023184765625 0.86121425
6 0.512777583984375 1 0.51203355078125 0.995780376953125 0.500637025390625 0.971008955078125 0.481507435546875 0.94224564453125 0.467981408203125 0.919635171875 0.43850335546875 0.889125658203125 0.421206267578125 0.87075198046875 0.415973740234375 0.875245533203125 0.427122814453125 0.8929178125 0.4428066796875 0.910684626953125 0.46458137890625 0.93451835546875 0.47889933984375 0.958773708984375 0.49288328515625 0.983981158203125 0.502812759765625 1 0.512777583984375 1
5 0.1683248828125 0.473004095703125 0.184905154296875 0.455570287109375 0.18635373046875 0.438581951171875 0.181200271484375 0.42074380078125 0.16950623046875 0.408523048828125 0.161476005859375 0.417080828125 0.155917466796875 0.4368068515625 0.152945998046875 0.456969904296875 0.1683248828125 0.473004095703125
5 0 0.378146986328125 0.010524951171875 0.38670957421875 0.024172439453125 0.389538240234375 0.030517697265625 0.380506595703125 0.031912796875 0.37133425 0.028190939453125 0.355922328125 0.014215162109375 0.344996166015625 0 0.342462548828125 0 0.378146986328125
2 0.10709455859375 0.592707978515625 0.12311516796875 0.59196191796875 0.129485125 0.57447719140625 0.12886629296875 0.556732662109375 0.119817875 0.53958223828125 0.105754697265625 0.53670558203125 0.095442736328125 0.546557951171875 0.09579325 0.574169341796875 0.10709455859375 0.592707978515625
7 0.215955916015625 0.26478924609375 0.247773671875 0.286861515625 0.251385236328125 0.2692548515625 0.23576671875 0.26040380859375 0.1894858359375 0.22571525390625 0.1270921796875 0.16798101953125 0.086014630859375 0.131482716796875 0.068440736328125 0.10869279296875 0.056049818359375 0.101059033203125 0.046769423828125 0.105373134765625 0.04428471484375 0.125450361328125 0.056436671875 0.140268087890625 0.07348679296875 0.151545357421875 0.081430130859375 0.1510369921875 0.114679912109375 0.17731053125 0.16072116015625 0.219182232421875 0.215955916015625 0.26478924609375
7 0.09739293359375 0.2330273671875 0.1059907578125 0.254634857421875 0.11681968359375 0.2492410078125 0.115227328125 0.231668138671875 0.104957583984375 0.207591234375 0.09359755859375 0.19441838671875 0.082259236328125 0.164281265625 0.0720176640625 0.13752073828125 0.0634348203125 0.137248666015625 0.058478775390625 0.146156642578125 0.050188400390625 0.17886257421875 0.04588003515625 0.2028322734375 0.053839357421875 0.230887484375 0.07424780078125 0.261210755859375 0.094248201171875 0.26928915625 0.106741990234375 0.297437076171875 0.10279699609375 0.317771787109375 0.114882744140625 0.323674837890625 0.117491353515625 0.30714668359375 0.10715523828125 0.274154189453125 0.094240033203125 0.255007869140625 0.07688458203125 0.2419989765625 0.06284310546875 0.222158046875 0.056744455078125 0.201808841796875 0.06202701953125 0.1776683046875 0.068196572265625 0.161404517578125 0.085720431640625 0.2038414296875 0.09739293359375 0.2330273671875
7 0.209465935546875 1 0.208024291015625 0.963249029296875 0.203524484375 0.92421423828125 0.197615509765625 0.923137857421875 0.203031318359375 0.998449904296875 0.202731984375 1 0.209465935546875 1
7 0.12465636328125 1 0.118032001953125 0.9731853125 0.11748623046875 0.952519833984375 0.111893033203125 0.92215194921875 0.10095109375 0.910099447265625 0.09614646484375 0.92069096875 0.098382501953125 0.94148244140625 0.10965334765625 0.972967498046875 0.110658123046875 0.986773130859375 0.115044392578125 1 0.12465636328125 1
2 0.806359224609375 0.897260634765625 0.82041906640625 0.89989342578125 0.827075578125 0.893607783203125 0.827096005859375 0.87720316015625 0.817727427734375 0.85986567578125 0.80483954296875 0.8638643828125 0.801228236328125 0.8791750078125 0.806359224609375 0.897260634765625
7 0.29055417578125 1 0.292522791015625 0.9943955 0.2932222265625 0.979442240234375 0.291132037109375 0.909475580078125 0.29747726953125 0.941406060546875 0.29715402734375 0.957140115234375 0.298158291015625 0.9709458359375 0.3052368203125 0.970544830078125 0.311504392578125 0.966897361328125 0.311283357421875 0.958886259765625 0.291917931640625 0.893659947265625 0.287685791015625 0.89398309375 0.28217241796875 0.95596828515625 0.275839068359375 0.975385271484375 0.275737236328125 0.9965081171875 0.276272373046875 1 0.29055417578125 1
1 0.808167171875 0.17265590625 0.811100859375 0.16142962890625 0.808831576171875 0.15844876953125 0.80661851953125 0.16926591796875 0.80029104296875 0.177426615234375 0.79691196875 0.182530744140625 0.793472876953125 0.1837012734375 0.793777859375 0.17913825 0.7985795390625 0.174909650390625 0.8035347421875 0.170654919921875 0.803926865234375 0.16748590625 0.804270751953125 0.1640433359375 0.802321162109375 0.1646691640625 0.799460255859375 0.169118740234375 0.7937571015625 0.1763241015625 0.791761533203125 0.181185220703125 0.791821197265625 0.1851198203125 0.79424384375 0.188073638671875 0.797942099609375 0.186576287109375 0.80392291796875 0.17734940234375 0.808167171875 0.17265590625
4 0.093184869140625 0.201429904296875 0.082763404296875 0.179089994140625 0.072626603515625 0.15068912890625 0.069806509765625 0.142718857421875 0.066954302734375 0.14259277734375 0.0627101015625 0.14459914453125 0.058161529296875 0.158922337890625 0.04990737890625 0.19937108984375 0.049032083984375 0.2064434921875 0.051129208984375 0.21833687109375 0.071001734375 0.248794125 0.07526217578125 0.2559049296875 0.0815576015625 0.259511908203125 0.08752981640625 0.261288876953125 0.092463578125 0.264191986328125 0.103794935546875 0.28231915234375 0.10845498046875 0.294704587890625 0.10845577734375 0.315773609375 0.11050408203125 0.31635546875 0.11169863671875 0.306081771484375 0.11026719140625 0.295957076171875 0.107504228515625 0.28229410546875 0.096902462890625 0.265296291015625 0.085919255859375 0.257169859375 0.077512291015625 0.253621171875 0.053123296875 0.2186142578125 0.05194023828125 0.211904798828125 0.05103657421875 0.205775076171875 0.055003505859375 0.187151439453125 0.060713890625 0.1603592890625 0.065091150390625 0.1460663046875 0.06680635546875 0.1457638671875 0.068746580078125 0.145735783203125 0.077050048828125 0.1747739453125 0.091326244140625 0.205588984375 0.093405205078125 0.203336345703125 0.093184869140625 0.201429904296875
4 0.2895815078125 0.96547427734375 0.291504041015625 0.95897220703125 0.292080759765625 0.949432689453125 0.289938041015625 0.92510931640625 0.29016744140625 0.90719641796875 0.291117263671875 0.903615037109375 0.29296169140625 0.90831053515625 0.297560158203125 0.927983111328125 0.30291469921875 0.9416977734375 0.304764611328125 0.9560313359375 0.30585687890625 0.962867748046875 0.305646330078125 0.965515837890625 0.30374331640625 0.966252859375 0.302428701171875 0.96648466015625 0.30181048046875 0.9629785625 0.301704208984375 0.955969234375 0.300742552734375 0.950515404296875 0.2984421015625 0.950921037109375 0.2989099609375 0.954855115234375 0.2995410703125 0.957153591796875 0.29909175 0.961650865234375 0.299971701171875 0.9679220390625 0.30157559375 0.9712533984375 0.306682830078125 0.970755263671875 0.30826658203125 0.962442853515625 0.30580919140625 0.9504258984375 0.30374856640625 0.938739513671875 0.298836484375 0.9211305234375 0.29559041015625 0.90784701953125 0.2925247109375 0.898144939453125 0.290640939453125 0.897071486328125 0.289532962890625 0.898472203125 0.2874076015625 0.9062774375 0.286744751953125 0.92045139453125 0.28809028125 0.9274434140625 0.28849038671875 0.944442375 0.287230318359375 0.95651308203125 0.2865078203125 0.96266440234375 0.2895815078125 0.96547427734375