7 0.241134375 0.236865740234375 0.246763021484375 0.2055805546875 0.241838021484375 0.17429537109375 0.235505208984375 0.077936111328125 0.228469271484375 0 0.217915103515625 0.00285092578125 0.222136458984375 0.077936111328125 0.222840103515625 0.13174722265625 0.2256546875 0.17429537109375 0.2214328125 0.211837962890625 0.2256546875 0.239368517578125 0.241134375 0.236865740234375
7 0.189066666015625 0.79620277734375 0.186252083984375 0.77117407421875 0.173586978515625 0.757408333984375 0.157404166015625 0.742391666015625 0.134888021484375 0.6848268515625 0.1271484375 0.62100462890625 0.125741146484375 0.580959259765625 0.146849478515625 0.51087962890625 0.153182291015625 0.4645768515625 0.139109896484375 0.46207407421875 0.1250375 0.52464537109375 0.113076041015625 0.5934731484375 0.113076041015625 0.63477037109375 0.120686978515625 0.6758768515625 0.129963021484375 0.716112037109375 0.139109896484375 0.738637962890625 0.1496640625 0.762414814453125 0.1588109375 0.784939814453125 0.177105208984375 0.803711111328125 0.189066666015625 0.79620277734375
6 0.237616146484375 0.9276018515625 0.2348015625 0.871287962890625 0.220729166015625 0.828739814453125 0.2073609375 0.777431482421875 0.197509896484375 0.784939814453125 0.206011978515625 0.824438888671875 0.217211458984375 0.868785185546875 0.227061978515625 0.912584259765625 0.229172916015625 0.951378703125 0.227061978515625 0.99907407421875 0.2369125 0.99907407421875 0.237616146484375 0.9276018515625
6 0.062415625 0.804962962890625 0.049750521484375 0.8650305546875 0.043418228515625 0.911333333984375 0.0377890625 0.973903703125 0.0377890625 0.99907407421875 0.0459171875 0.996457408203125 0.049046875 0.95262962890625 0.056786978515625 0.891310185546875 0.070859375 0.829990740234375 0.081413541015625 0.7736768515625 0.069452083984375 0.763665740234375 0.062415625 0.804962962890625
5 0.299363021484375 0.6723694453125 0.289610416015625 0.674939814453125 0.285943228515625 0.692187962890625 0.289248958984375 0.71862592578125 0.295751041015625 0.72954722265625 0.30478125 0.732759259765625 0.311283333984375 0.7224805546875 0.311644791015625 0.70192222265625 0.299363021484375 0.6723694453125
7 0.519344791015625 0.798907408203125 0.521151041015625 0.7629305546875 0.519705728515625 0.734662962890625 0.499477603515625 0.685837037109375 0.479249478515625 0.6633518515625 0.456131771484375 0.643436111328125 0.446017708984375 0.628017591796875 0.437709375 0.62287777734375 0.428679166015625 0.62352037109375 0.422899478515625 0.635084259765625 0.423621875 0.647290740234375 0.432291146484375 0.658212037109375 0.444211458984375 0.662709259765625 0.453964583984375 0.662709259765625 0.4716640625 0.671061111328125 0.4839453125 0.68647962890625 0.500561458984375 0.71667407421875 0.508508333984375 0.754578703125 0.508869271484375 0.789912962890625 0.4980328125 0.827817591796875 0.482861978515625 0.849017591796875 0.468834375 0.86077962890625 0.4716640625 0.86957592578125 0.484306771484375 0.862509259765625 0.496588021484375 0.847733333984375 0.512481771484375 0.822035185546875 0.519344791015625 0.798907408203125
7 0.515009896484375 0.9081231484375 0.502367708984375 0.899771296875 0.492976041015625 0.899771296875 0.4839453125 0.908764814453125 0.482861978515625 0.924184259765625 0.49153125 0.934462962890625 0.5013484375 0.9362444453125 0.508869271484375 0.93960277734375 0.515009896484375 0.93960277734375 0.525846875 0.93317777734375 0.527652603515625 0.9184018515625 0.515009896484375 0.9081231484375
2 0.246986458984375 0.9825981484375 0.252766146484375 0.987737962890625 0.2639640625 0.983240740234375 0.263602603515625 0.96525277734375 0.2560171875 0.951118517578125 0.245180728515625 0.9549731484375 0.242290625 0.970391666015625 0.246986458984375 0.9825981484375
2 0.134286978515625 0.069234259765625 0.1414359375 0.07642777734375 0.153792708984375 0.076943517578125 0.15704375 0.060239814453125 0.154515103515625 0.044178703125 0.141872396484375 0.047391666015625 0.133564583984375 0.055742591796875 0.134286978515625 0.069234259765625
2 0.159933333984375 0.2825018515625 0.162822916015625 0.291496296875 0.16853125 0.29559722265625 0.176188021484375 0.290211111328125 0.1794390625 0.27800462890625 0.176910416015625 0.266440740234375 0.170047396484375 0.263228703125 0.161378125 0.270937962890625 0.159933333984375 0.2825018515625
7 0.592721353515625 0 0.596694791015625 0.032614814453125 0.600668228515625 0.066664814453125 0.5948890625 0.110993517578125 0.579356771484375 0.1527518515625 0.557322396484375 0.186159259765625 0.534204166015625 0.200935185546875 0.522284375 0.20414722265625 0.510725 0.211856482421875 0.5006109375 0.219565740234375 0.4966375 0.2337 0.499527603515625 0.243337037109375 0.506390625 0.247191666015625 0.519755728515625 0.2420518515625 0.52483125 0.2329768515625 0.529147396484375 0.219565740234375 0.5490140625 0.213141666015625 0.575021875 0.185516666015625 0.598501041015625 0.13797592578125 0.607892708984375 0.09300462890625 0.604641666015625 0.039039814453125 0.600668228515625 0 0.592721353515625 0
7 0.6837484375 0.274816666015625 0.6739953125 0.26325277734375 0.6599078125 0.25682777734375 0.6353453125 0.222136111328125 0.628482291015625 0.19579537109375 0.6273984375 0.1636731484375 0.634622916015625 0.132836111328125 0.645820833984375 0.1148481484375 0.663158853515625 0.1084231484375 0.67796875 0.11035092578125 0.690250521484375 0.118060185546875 0.7021703125 0.126412037109375 0.707588541015625 0.111635185546875 0.679775 0.09557407421875 0.662075521484375 0.09364722265625 0.648348958984375 0.100713888671875 0.634983853515625 0.110993517578125 0.620535416015625 0.145685185546875 0.618368228515625 0.177807408203125 0.624869791015625 0.220208333984375 0.634261458984375 0.245263888671875 0.650822916015625 0.269906482421875 0.656657291015625 0.28252592578125 0.666048958984375 0.301156482421875 0.68158125 0.306296296875 0.686638021484375 0.294089814453125 0.6837484375 0.274816666015625
7 0.8589390625 0.23367592578125 0.879528125 0.224039814453125 0.897950521484375 0.23367592578125 0.898311458984375 0.21697222265625 0.868691666015625 0.207336111328125 0.8412390625 0.234961111328125 0.792113541015625 0.277362037109375 0.754908333984375 0.315266666015625 0.737569791015625 0.33197037109375 0.721315103515625 0.343534259765625 0.714452083984375 0.36730462890625 0.718425521484375 0.381437962890625 0.729622916015625 0.3820805546875 0.736847396484375 0.373728703125 0.745204166015625 0.355808333984375 0.754908333984375 0.3383944453125 0.77658125 0.3107694453125 0.814147916015625 0.279289814453125 0.8430453125 0.247810185546875 0.8589390625 0.23367592578125
6 0.904452603515625 0.551686111328125 0.8932546875 0.515709259765625 0.861467708984375 0.40842037109375 0.841600521484375 0.3383944453125 0.83293125 0.286356482421875 0.824261978515625 0.243312962890625 0.82065 0.246525 0.819566146484375 0.26965277734375 0.823901041015625 0.28892592578125 0.8291984375 0.313259259765625 0.832208853515625 0.353812962890625 0.847741146484375 0.409062962890625 0.8694140625 0.502217591796875 0.885669271484375 0.556183333984375 0.892893228515625 0.572886111328125 0.904452603515625 0.551686111328125
7 0.823539583984375 0.258778703125 0.820288541015625 0.20802592578125 0.809452083984375 0.14442407421875 0.800060416015625 0.09752592578125 0.785250521484375 0.0403481484375 0.7823609375 0.022360185546875 0.781638541015625 0 0.763938541015625 0.003086111328125 0.767551041015625 0.01914722265625 0.774052603515625 0.033281482421875 0.792475 0.10587777734375 0.8065625 0.1842555546875 0.815592708984375 0.26970092578125 0.823539583984375 0.258778703125
2 0.7823609375 0 0.781277083984375 0.0120805546875 0.783805728515625 0.026856482421875 0.7917171875 0.02424537109375 0.798615625 0.013365740234375 0.797531771484375 0 0.785611978515625 0 0.7823609375 0
2 0.620029166015625 0.53035092578125 0.612588541015625 0.536160185546875 0.613124478515625 0.545034259765625 0.617441666015625 0.5531305546875 0.6192125 0.5564944453125 0.624111978515625 0.554396296875 0.627015625 0.54665 0.626290103515625 0.537289814453125 0.620029166015625 0.53035092578125
5 0.7937859375 0.707543517578125 0.789209896484375 0.71839537109375 0.787379166015625 0.742271296875 0.789209896484375 0.75637962890625 0.794955728515625 0.759585185546875 0.802023958984375 0.752581482421875 0.807515625 0.73467407421875 0.809345833984375 0.713512037109375 0.802328646484375 0.7053731484375 0.7937859375 0.707543517578125
7 0.931688541015625 0.88877962890625 0.926807291015625 0.855137037109375 0.903009896484375 0.807386111328125 0.85938125 0.743356482421875 0.832533333984375 0.715139814453125 0.825516146484375 0.6956055546875 0.8145328125 0.68475277734375 0.804769791015625 0.68855092578125 0.801108333984375 0.700488888671875 0.803548958984375 0.71405462890625 0.809345833984375 0.724907408203125 0.819108853515625 0.7292481484375 0.826736458984375 0.7292481484375 0.836499478515625 0.739558333984375 0.8697546875 0.776456482421875 0.895382291015625 0.814440740234375 0.909111978515625 0.842656482421875 0.9189171875 0.8674 0.922230728515625 0.882811111328125 0.926502083984375 0.915368517578125 0.9271125 0.94412777734375 0.9356546875 0.9462981484375 0.931688541015625 0.88877962890625
7 0.988436458984375 0.799789814453125 0.997283853515625 0.787309259765625 0.999479166015625 0.770487962890625 0.999479166015625 0.7292481484375 0.990571875 0.73467407421875 0.985385416015625 0.7547518515625 0.982639583984375 0.78079722265625 0.974096875 0.809013888671875 0.972266146484375 0.833975 0.976232291015625 0.860563888671875 0.985080208984375 0.8876944453125 0.998252603515625 0.908762962890625 0.999479166015625 0.895834259765625 0.989046353515625 0.876842591796875 0.982334375 0.850253703125 0.983249478515625 0.823664814453125 0.988436458984375 0.799789814453125
6 0.999479166015625 0.93217037109375 0.989656771484375 0.930541666015625 0.974706771484375 0.921317591796875 0.957011458984375 0.88930277734375 0.942061978515625 0.839381482421875 0.929858333984375 0.809537037109375 0.9249765625 0.819303703125 0.926927083984375 0.82874907421875 0.936875521484375 0.85457407421875 0.946943228515625 0.888217591796875 0.959452083984375 0.915890740234375 0.977452603515625 0.9408518515625 0.999479166015625 0.945735185546875 0.999479166015625 0.93217037109375
1 0.4904046875 0.90827037109375 0.487404166015625 0.913607408203125 0.4887890625 0.919764814453125 0.495252083984375 0.920996296875 0.503330208984375 0.92304907421875 0.5201796875 0.930438888671875 0.521564583984375 0.9251018515625 0.519717708984375 0.921407408203125 0.498252603515625 0.908681482421875 0.495020833984375 0.907860185546875 0.4904046875 0.90827037109375