7 0.0353328125 0.1804981484375 0.042332291015625 0.193888888671875 0.056183333984375 0.19309907421875 0.069944271484375 0.184203703125 0.074531771484375 0.159742591796875 0.066191146484375 0.143434259765625 0.031996875 0.16567222265625 0.0353328125 0.1804981484375
2 0.047843228515625 0.018878703125 0.051194791015625 0.026136111328125 0.058685416015625 0.022585185546875 0.060353125 0.009983333984375 0.057434375 0.00034722265625 0.049928125 0 0.044506771484375 0.00850092578125 0.047843228515625 0.018878703125
7 0.157933333984375 0.426621296875 0.155847916015625 0.37547407421875 0.1587671875 0.30950092578125 0.162936978515625 0.268731482421875 0.177532291015625 0.247234259765625 0.175864583984375 0.2309268515625 0.162103125 0.236856482421875 0.148758853515625 0.265025 0.149176041015625 0.30357037109375 0.145422916015625 0.374732408203125 0.146256771484375 0.4073481484375 0.1475078125 0.431068517578125 0.150247916015625 0.4432018515625 0.156265103515625 0.47332037109375 0.159601041015625 0.484439814453125 0.170443228515625 0.482215740234375 0.177115625 0.465908333984375 0.168358333984375 0.442928703125 0.157933333984375 0.426621296875
7 0.507190103515625 0.869738888671875 0.494091666015625 0.8464555546875 0.486815103515625 0.83179537109375 0.471776041015625 0.784367591796875 0.462558853515625 0.736938888671875 0.461588541015625 0.684336111328125 0.465469791015625 0.642081482421875 0.473231771484375 0.597239814453125 0.4698359375 0.556710185546875 0.460133333984375 0.53515092578125 0.455282291015625 0.543775 0.461103646484375 0.589478703125 0.454796875 0.627421296875 0.447034896484375 0.67829907421875 0.455282291015625 0.75677222265625 0.471776041015625 0.817136111328125 0.481963541015625 0.850767591796875 0.483904166015625 0.869738888671875 0.488755208984375 0.88957222265625 0.501368228515625 0.90337037109375 0.5086453125 0.896471296875 0.507190103515625 0.869738888671875
7 0.4984578125 0.31000092578125 0.507675 0.26257222265625 0.5251390625 0.225491666015625 0.534356771484375 0.20307037109375 0.529505208984375 0.1892731484375 0.4974875 0.237563888671875 0.4873 0.30827592578125 0.4873 0.366914814453125 0.485359375 0.40744537109375 0.4873 0.429003703125 0.4956171875 0.428257408203125 0.503308853515625 0.424691666015625 0.504279166015625 0.402271296875 0.501368228515625 0.38329907421875 0.4965171875 0.361740740234375 0.4984578125 0.31000092578125
7 0.5576421875 0.201346296875 0.547940103515625 0.181512037109375 0.537752603515625 0.178925 0.529990625 0.1875481484375 0.531930728515625 0.202208333984375 0.542603646484375 0.22117962890625 0.554731771484375 0.23152777734375 0.564433853515625 0.245325 0.577532291015625 0.24187592578125 0.580928125 0.222041666015625 0.5688 0.209107408203125 0.5576421875 0.201346296875
7 0.688641146484375 0.201346296875 0.6973734375 0.179787962890625 0.699798958984375 0.1478805546875 0.6934921875 0.132359259765625 0.682334375 0.134946296875 0.67796875 0.158228703125 0.676028125 0.184961111328125 0.677483333984375 0.198759259765625 0.668266146484375 0.284992591796875 0.662444791015625 0.345356482421875 0.661474478515625 0.406582408203125 0.669236458984375 0.4393518515625 0.67796875 0.465221296875 0.693007291015625 0.462634259765625 0.682819791015625 0.44280092578125 0.675542708984375 0.4152055546875 0.671661978515625 0.392785185546875 0.6740875 0.317762037109375 0.682819791015625 0.249637037109375 0.688641146484375 0.201346296875
6 0.8666796875 0.496265740234375 0.8749265625 0.485917591796875 0.8603734375 0.46349722265625 0.8380578125 0.452287037109375 0.809920833984375 0.44107592578125 0.780328646484375 0.421242591796875 0.759953646484375 0.39537222265625 0.731331771484375 0.33932037109375 0.720658853515625 0.31689907421875 0.713344271484375 0.3420018515625 0.7323015625 0.380712037109375 0.753646875 0.419517591796875 0.775477603515625 0.44107592578125 0.810891146484375 0.464359259765625 0.833691666015625 0.47384537109375 0.8666796875 0.496265740234375
7 0.790516146484375 0.702391666015625 0.780328646484375 0.714463888671875 0.757528125 0.742059259765625 0.734727603515625 0.7627555546875 0.742004166015625 0.7817268515625 0.757042708984375 0.763617591796875 0.7730515625 0.746371296875 0.800703646484375 0.725675 0.807009896484375 0.695492591796875 0.804099478515625 0.649788888671875 0.790030728515625 0.597186111328125 0.777417708984375 0.5523444453125 0.769655728515625 0.52475 0.7648046875 0.49887962890625 0.7555875 0.47904537109375 0.743459375 0.485082408203125 0.742004166015625 0.504053703125 0.750736458984375 0.52475 0.7565578125 0.537685185546875 0.767230208984375 0.5583805546875 0.7788734375 0.595461111328125 0.788090625 0.635991666015625 0.793427083984375 0.677383333984375 0.790516146484375 0.702391666015625
7 0.824474478515625 0.31859722265625 0.7992484375 0.298763888671875 0.786634896484375 0.2659944453125 0.779358333984375 0.227189814453125 0.780813541015625 0.17717407421875 0.790516146484375 0.141817591796875 0.801673958984375 0.122846296875 0.816227603515625 0.097838888671875 0.8176828125 0.070243517578125 0.810891146484375 0.071106482421875 0.809920833984375 0.084903703125 0.800703646484375 0.10042592578125 0.7851796875 0.118535185546875 0.772566666015625 0.150441666015625 0.7667453125 0.2013194453125 0.773536978515625 0.263407408203125 0.789545833984375 0.3151481484375 0.8055546875 0.329807408203125 0.8239890625 0.3436055546875 0.831266146484375 0.354815740234375 0.8399984375 0.3608518515625 0.851641146484375 0.356540740234375 0.853581771484375 0.341018517578125 0.844364583984375 0.325496296875 0.824474478515625 0.31859722265625
7 0.8666796875 0.18407222265625 0.845334375 0.165962962890625 0.8176828125 0.15475277734375 0.798763021484375 0.15647777734375 0.801188541015625 0.172 0.822048958984375 0.17372407421875 0.8564921875 0.191833333984375 0.8768671875 0.23150092578125 0.880263021484375 0.268581482421875 0.877352603515625 0.302212962890625 0.864739583984375 0.336706482421875 0.848730208984375 0.349641666015625 0.835632291015625 0.35740277734375 0.826415103515625 0.372062037109375 0.824474478515625 0.38672222265625 0.831266146484375 0.396207408203125 0.8380578125 0.39707037109375 0.844951041015625 0.39159907421875 0.853581771484375 0.375512037109375 0.860858333984375 0.359989814453125 0.8788078125 0.336706482421875 0.892876041015625 0.29100277734375 0.888509896484375 0.23322592578125 0.8666796875 0.18407222265625
7 0.676028125 0.525231482421875 0.660504166015625 0.53557962890625 0.651286978515625 0.581283333984375 0.641584375 0.611465740234375 0.634792708984375 0.6381981484375 0.640129166015625 0.646821296875 0.648451041015625 0.645671296875 0.660019271484375 0.63129907421875 0.661959375 0.607153703125 0.671661978515625 0.572660185546875 0.680879166015625 0.55455092578125 0.685730208984375 0.53730462890625 0.676028125 0.525231482421875
6 0.5009 0.825812962890625 0.499444791015625 0.85427037109375 0.4979890625 0.9068731484375 0.484891146484375 0.956887962890625 0.474218228515625 0.99907407421875 0.48288125 0.997541666015625 0.494108333984375 0.97499722265625 0.504295833984375 0.942228703125 0.5110875 0.896525 0.5110875 0.8637555546875 0.510602603515625 0.825812962890625 0.5009 0.825812962890625
2 0.791921353515625 0.385560185546875 0.802011458984375 0.38909722265625 0.806977603515625 0.377856482421875 0.803367708984375 0.3623481484375 0.791634896484375 0.359139814453125 0.7886265625 0.37197407421875 0.791921353515625 0.385560185546875
7 0.191236458984375 0.67640092578125 0.206686458984375 0.68492407421875 0.22266875 0.682082408203125 0.22266875 0.658407408203125 0.20935 0.647043517578125 0.1976296875 0.648937037109375 0.186974478515625 0.655566666015625 0.165664583984375 0.657460185546875 0.140625 0.695340740234375 0.129969791015625 0.759737962890625 0.136363021484375 0.825081482421875 0.150747396484375 0.87622037109375 0.156075 0.87337962890625 0.150214583984375 0.844968517578125 0.1446625 0.8125018515625 0.141690625 0.784360185546875 0.141690625 0.742691666015625 0.148083333984375 0.710493517578125 0.159271353515625 0.689659259765625 0.177384896484375 0.669771296875 0.191236458984375 0.67640092578125
7 0.218406771484375 0.86580277734375 0.2674203125 0.85727962890625 0.286066666015625 0.84212777734375 0.281271875 0.829816666015625 0.248773958984375 0.8411805546875 0.21148125 0.84212777734375 0.159271353515625 0.821293517578125 0.118782291015625 0.797618517578125 0.1113234375 0.782465740234375 0.0969390625 0.768261111328125 0.0830875 0.775837037109375 0.076161978515625 0.792883333984375 0.080956771484375 0.808035185546875 0.091078646484375 0.8118231484375 0.102702083984375 0.813685185546875 0.11185625 0.814664814453125 0.126240625 0.823187962890625 0.157672916015625 0.84212777734375 0.18058125 0.854438888671875 0.218406771484375 0.86580277734375
6 0.137428646484375 0.829846296875 0.126240625 0.829846296875 0.134231771484375 0.85257407421875 0.142755728515625 0.87530277734375 0.132101041015625 0.877196296875 0.115052603515625 0.854468517578125 0.0980046875 0.816587962890625 0.087882291015625 0.776812962890625 0.094808333984375 0.7114694453125 0.0836203125 0.704840740234375 0.077227083984375 0.745562037109375 0.079358333984375 0.784389814453125 0.0830875 0.81374722265625 0.0913796875 0.837366666015625 0.1113234375 0.87625 0.128904166015625 0.897084259765625 0.147550521484375 0.902765740234375 0.1555421875 0.89045462890625 0.150747396484375 0.86015092578125 0.137428646484375 0.829846296875
7 0.403272396484375 0.21615277734375 0.3915515625 0.2265694453125 0.387822396484375 0.26539722265625 0.3659796875 0.3193768515625 0.354791666015625 0.385667591796875 0.362783333984375 0.451012037109375 0.396346353515625 0.498362037109375 0.429909896484375 0.488891666015625 0.446425521484375 0.4642694453125 0.4368359375 0.450064814453125 0.419255208984375 0.468057408203125 0.400076041015625 0.472792591796875 0.380896875 0.4529055546875 0.374503646484375 0.4235481484375 0.372372916015625 0.40744907421875 0.370774478515625 0.374303703125 0.378765625 0.330740740234375 0.392084375 0.285284259765625 0.4070015625 0.257821296875 0.411796353515625 0.228463888671875 0.403272396484375 0.21615277734375
7 0.321228125 0.43112407421875 0.3073765625 0.442488888671875 0.299918228515625 0.471846296875 0.299385416015625 0.497414814453125 0.286599478515625 0.52582592578125 0.26901875 0.5400305546875 0.250371875 0.544765740234375 0.229594791015625 0.53434907421875 0.215743228515625 0.498362037109375 0.214144791015625 0.44817037109375 0.217341666015625 0.39135 0.208284896484375 0.39135 0.204022396484375 0.457640740234375 0.2088171875 0.512567591796875 0.223734375 0.552341666015625 0.243979166015625 0.568440740234375 0.245233333984375 0.568585185546875 0.270083853515625 0.558971296875 0.2961890625 0.5400305546875 0.3073765625 0.504991666015625 0.319097396484375 0.481315740234375 0.327088541015625 0.4548 0.321228125 0.43112407421875
7 0.3382765625 0.225593517578125 0.3249578125 0.242639814453125 0.320163021484375 0.272943517578125 0.300983853515625 0.312718517578125 0.264223958984375 0.35912222265625 0.239290103515625 0.373296296875 0.196908333984375 0.373296296875 0.184961458984375 0.361161111328125 0.177281771484375 0.342453703125 0.172730728515625 0.3535768515625 0.180126041015625 0.3798694453125 0.198899478515625 0.388464814453125 0.218809896484375 0.389981482421875 0.2353078125 0.38897037109375 0.258554166015625 0.3803194453125 0.2828703125 0.3600694453125 0.312704166015625 0.316506482421875 0.336678125 0.2795731484375 0.348931771484375 0.254003703125 0.348931771484375 0.235062962890625 0.3382765625 0.225593517578125
7 0.332586458984375 0.263071296875 0.336853125 0.246891666015625 0.333440103515625 0.231217591796875 0.321778125 0.22312777734375 0.305564583984375 0.223633333984375 0.2813875 0.21655462890625 0.260907291015625 0.22970092578125 0.230472396484375 0.273184259765625 0.224783333984375 0.3171731484375 0.224498958984375 0.352565740234375 0.232747916015625 0.37784722265625 0.239574478515625 0.424363888671875 0.244125521484375 0.46582407421875 0.244694271484375 0.47442037109375 0.251520833984375 0.460768517578125 0.2492453125 0.426386111328125 0.24128125 0.377341666015625 0.233885416015625 0.33335277734375 0.2350234375 0.300487037109375 0.244409896484375 0.26812777734375 0.256640625 0.2519481484375 0.26499375 0.243515740234375 0.277689583984375 0.235768517578125 0.291911458984375 0.235262962890625 0.3024359375 0.243858333984375 0.308978125 0.25649907421875 0.319502603515625 0.262060185546875 0.332586458984375 0.263071296875
2 0.635547916015625 0.219387962890625 0.641448958984375 0.227936111328125 0.645370833984375 0.2229694453125 0.6478890625 0.214911111328125 0.645622396484375 0.20685277734375 0.639578125 0.204166666015625 0.635547916015625 0.210881482421875 0.635547916015625 0.219387962890625
2 0.6093546875 0.239982408203125 0.604569271484375 0.24087777734375 0.6039796875 0.253686111328125 0.6068359375 0.26102407421875 0.612628646484375 0.262814814453125 0.616658853515625 0.2556518515625 0.617666146484375 0.24714537109375 0.613636458984375 0.24132592578125 0.6093546875 0.239982408203125
7 0.313477603515625 0.598309259765625 0.302577083984375 0.552036111328125 0.302928646484375 0.5245231484375 0.3071484375 0.500136111328125 0.3152359375 0.4744981484375 0.326794791015625 0.45099722265625 0.3496953125 0.455113888671875 0.360975 0.460891666015625 0.372897916015625 0.478561111328125 0.380846875 0.491282408203125 0.3883984375 0.501884259765625 0.4129890625 0.510766666015625 0.436547916015625 0.498885185546875 0.445690625 0.484503703125 0.4460421875 0.458865740234375 0.43830625 0.451362037109375 0.4231859375 0.463868517578125 0.406659375 0.47262222265625 0.3887265625 0.4669944453125 0.3739578125 0.455113888671875 0.350750521484375 0.43135277734375 0.327894271484375 0.4294768515625 0.306796875 0.453237962890625 0.292731771484375 0.48637962890625 0.288511978515625 0.52389722265625 0.292731771484375 0.57767407421875 0.302225521484375 0.609564814453125 0.29800625 0.62215 0.302225521484375 0.64145462890625 0.3071484375 0.655837037109375 0.3159390625 0.661464814453125 0.323675 0.654586111328125 0.321916666015625 0.62519722265625 0.313477603515625 0.598309259765625
7 0.44245 0.373331482421875 0.437283333984375 0.345766666015625 0.429731771484375 0.337992591796875 0.420590625 0.330925 0.407078125 0.32597777734375 0.402308853515625 0.345060185546875 0.420988541015625 0.35212777734375 0.4281421875 0.3620231484375 0.4281421875 0.38039907421875 0.423372916015625 0.405136111328125 0.41145 0.42704537109375 0.388795833984375 0.444714814453125 0.368923958984375 0.45672962890625 0.340705208984375 0.475106482421875 0.326 0.48782777734375 0.308910416015625 0.492068517578125 0.301358853515625 0.50055 0.2985765625 0.51892592578125 0.301358853515625 0.530940740234375 0.306128125 0.541542591796875 0.314474478515625 0.541542591796875 0.330371875 0.5283305546875 0.3534234375 0.49842962890625 0.377269791015625 0.480053703125 0.403103646484375 0.45885 0.422578125 0.4433018515625 0.438475521484375 0.41715092578125 0.44245 0.373331482421875
7 0.291422916015625 0.374718517578125 0.294602603515625 0.3648231484375 0.2894359375 0.35987592578125 0.269166146484375 0.405816666015625 0.248896875 0.45599722265625 0.233794271484375 0.489214814453125 0.221870833984375 0.539396296875 0.213524478515625 0.5952305546875 0.214319791015625 0.622087962890625 0.210742708984375 0.651065740234375 0.2147171875 0.668735185546875 0.220678646484375 0.68287037109375 0.224255728515625 0.684284259765625 0.2326015625 0.676509259765625 0.2369734375 0.660810185546875 0.236178646484375 0.6369305546875 0.231806771484375 0.61784722265625 0.229819791015625 0.572613888671875 0.240947916015625 0.504763888671875 0.258038021484375 0.458117591796875 0.291422916015625 0.374718517578125
7 0.30015 0.290615740234375 0.31093125 0.24920277734375 0.31351875 0.21392592578125 0.30834375 0.1755805546875 0.29799375 0.151040740234375 0.28333125 0.1364694453125 0.26780625 0.1282305546875 0.2561625 0.1282305546875 0.25573125 0.1428018515625 0.26780625 0.149703703125 0.27945 0.163508333984375 0.2889375 0.178846296875 0.2967 0.22049907421875 0.29626875 0.245038888671875 0.28850625 0.26727962890625 0.276 0.281083333984375 0.26090625 0.296421296875 0.2527125 0.299488888671875 0.2389125 0.302556482421875 0.2277 0.29565462890625 0.21519375 0.278015740234375 0.20311875 0.2749481484375 0.19190625 0.2864518515625 0.1935234375 0.309733333984375 0.20311875 0.326659259765625 0.2130375 0.336628703125 0.22554375 0.345831482421875 0.24538125 0.343531482421875 0.27729375 0.325892591796875 0.30015 0.290615740234375
7 0.649694271484375 0.617164814453125 0.6690234375 0.544646296875 0.670308333984375 0.49765 0.662119271484375 0.453459259765625 0.629644791015625 0.390087962890625 0.609030728515625 0.361463888671875 0.597170833984375 0.356442591796875 0.5994296875 0.37000092578125 0.618349478515625 0.41017407421875 0.635010416015625 0.444321296875 0.650258853515625 0.478468517578125 0.652235416015625 0.5316981484375 0.6429171875 0.594971296875 0.615808333984375 0.644685185546875 0.606065625 0.672960185546875 0.601406771484375 0.69500092578125 0.605359896484375 0.7110694453125 0.619196875 0.7060481484375 0.625691666015625 0.684957408203125 0.626821353515625 0.6663768515625 0.649694271484375 0.617164814453125
4 0.1682140625 0.46079907421875 0.169549478515625 0.464868517578125 0.168786458984375 0.469616666015625 0.166020833984375 0.473008333984375 0.163064583984375 0.472160185546875 0.160394271484375 0.46469907421875 0.156865625 0.452660185546875 0.152955208984375 0.431783333984375 0.152288021484375 0.415165740234375 0.1520015625 0.35122222265625 0.1543859375 0.32697407421875 0.156102603515625 0.311542591796875 0.157246875 0.295942591796875 0.157819271484375 0.279325 0.158963541015625 0.26525092578125 0.160489583984375 0.258807408203125 0.163255208984375 0.25270277734375 0.166688541015625 0.248463888671875 0.176415625 0.243546296875 0.176415625 0.24100277734375 0.170121353515625 0.24202037109375 0.1656390625 0.245412037109375 0.16220625 0.250159259765625 0.1571515625 0.26152037109375 0.155434896484375 0.283582408203125 0.154290625 0.302912962890625 0.151047916015625 0.32760462890625 0.149617708984375 0.347613888671875 0.1492359375 0.384918517578125 0.1490453125 0.4059444453125 0.150857291015625 0.4261231484375 0.151334375 0.438162962890625 0.155434896484375 0.452067591796875 0.1617765625 0.478462037109375 0.1685125 0.477321296875 0.173003125 0.468766666015625 0.170116666015625 0.4585 0.162097396484375 0.4465231484375 0.154239583984375 0.43122777734375 0.15448125 0.436042591796875 0.158677603515625 0.4458768515625 0.16296875 0.45282962890625 0.166211458984375 0.457068517578125 0.1682140625 0.46079907421875
1 0.070030728515625 0.1731305546875 0.070030728515625 0.16512777734375 0.0695015625 0.159008333984375 0.062882291015625 0.156184259765625 0.058381771484375 0.16324537109375 0.052027603515625 0.172189814453125 0.0475265625 0.172189814453125 0.042144791015625 0.168837962890625 0.038259896484375 0.171718517578125 0.040113541015625 0.17925092578125 0.04805625 0.183016666015625 0.059705208984375 0.179721296875 0.070030728515625 0.1731305546875
1 0.538609896484375 0.20137407421875 0.540992708984375 0.207964814453125 0.548717708984375 0.21472962890625 0.555025 0.20655277734375 0.549465103515625 0.193842591796875 0.540728125 0.19007592578125 0.538874478515625 0.193842591796875 0.538609896484375 0.20137407421875
1 0.670522916015625 0.5351231484375 0.66538125 0.544646296875 0.658954166015625 0.564453703125 0.655097916015625 0.582357408203125 0.654455208984375 0.590356482421875 0.658420833984375 0.593337037109375 0.663667708984375 0.569787037109375 0.669666146484375 0.55645462890625 0.6728796875 0.551121296875 0.675664583984375 0.5396944453125 0.674379166015625 0.533218517578125 0.670522916015625 0.5351231484375
8 0.858284896484375 0.355496296875 0.858181771484375 0.353664814453125 0.857872916015625 0.351466666015625 0.8573578125 0.349818517578125 0.856842708984375 0.3492694453125 0.853546875 0.349818517578125 0.851247396484375 0.35150462890625 0.851074478515625 0.35732777734375 0.851795833984375 0.360075 0.854370833984375 0.359708333984375 0.855400521484375 0.358792591796875 0.8572546875 0.358243517578125 0.858284896484375 0.355496296875