7 0.895843876953125 0.085991787109375 0.90080830859375 0.071794234375 0.89260747265625 0.052812650390625 0.88075825390625 0.0340861875 0.862295802734375 0.019081955078125 0.844287419921875 0.010563703125 0.820113634765625 0.025290484375 0.800495390625 0.05273509765625 0.795863970703125 0.09135409375 0.80223382421875 0.130017828125 0.8206344296875 0.157248748046875 0.844630841796875 0.159644568359375 0.855520873046875 0.15155038671875 0.859346046875 0.13417177734375 0.854904443359375 0.123075875 0.848401935546875 0.1349370625 0.838650580078125 0.146211416015625 0.816993814453125 0.13794828125 0.80913528125 0.117313794921875 0.80475500390625 0.09399123828125 0.807217423828125 0.06367246484375 0.818338908203125 0.045784576171875 0.833961787109375 0.03328469921875 0.84906921484375 0.026524578125 0.8590422109375 0.03153090625 0.869013095703125 0.04305511328125 0.872254765625 0.063198421875 0.87829121875 0.077442595703125 0.88752244140625 0.0849447109375 0.895843876953125 0.085991787109375
7 0.746237091796875 0 0.75599333203125 0.012664015625 0.786935919921875 0.03575812109375 0.804372658203125 0.049205109375 0.815989904296875 0.07772531640625 0.833819322265625 0.109884009765625 0.852101830078125 0.14852967578125 0.86280204296875 0.19015039453125 0.86324834375 0.21619195703125 0.8692260390625 0.2361439453125 0.875972662109375 0.24291574609375 0.885356609375 0.23745990234375 0.889751443359375 0.22167228515625 0.882008830078125 0.19614 0.874034833984375 0.18040234765625 0.84664433203125 0.10980214453125 0.8289308359375 0.07274565625 0.80261294140625 0.030588064453125 0.776400634765625 0.0096071015625 0.766491544921875 0 0.746237091796875 0
7 0.894815892578125 0.654517841796875 0.917717376953125 0.687136810546875 0.92410441796875 0.680172455078125 0.899723546875 0.639508380859375 0.886910462890625 0.606997984375 0.877868537109375 0.54978100390625 0.86769313671875 0.476347109375 0.86674645703125 0.41693508984375 0.870063939453125 0.3857406484375 0.872523794921875 0.3619407109375 0.8628389609375 0.34795166015625 0.855313828125 0.351736732421875 0.852284443359375 0.373947525390625 0.853469947265625 0.404012138671875 0.859142294921875 0.478574939453125 0.863283810546875 0.531245826171875 0.872096396484375 0.591738634765625 0.894815892578125 0.654517841796875
2 0.774628580078125 0.279160478515625 0.785848859375 0.30200380859375 0.786305037109375 0.30197191015625 0.793147736328125 0.294975693359375 0.794123529296875 0.27616736328125 0.784722173828125 0.26623230078125 0.774628580078125 0.279160478515625
7 0.9576263828125 0.766375548828125 0.958605259765625 0.74104834765625 0.95912750390625 0.715754005859375 0.960103296875 0.696945677734375 0.94887826953125 0.687138138671875 0.941746955078125 0.7031180390625 0.936546458984375 0.74014693359375 0.923931099609375 0.789100814453125 0.90259740234375 0.831331666015625 0.873580435546875 0.842323302734375 0.838812611328125 0.836606880859375 0.839660490234375 0.855287685546875 0.86941455078125 0.854836974609375 0.893639783203125 0.853957001953125 0.912341513671875 0.83961286328125 0.927857830078125 0.805937357421875 0.93830149609375 0.771800689453125 0.9456518203125 0.778619380859375 0.95465890234375 0.776360576171875 0.9576263828125 0.766375548828125
2 0.979726072265625 0.938246138671875 0.986162513671875 0.951647392578125 0.985306869140625 0.952522173828125 0.996423671875 0.947670998046875 0.995802564453125 0.93223319921875 0.9923295078125 0.92188451953125 0.983152361328125 0.921711298828125 0.979726072265625 0.938246138671875
5 0.304665017578125 0.938194224609375 0.3103685234375 0.928017875 0.3058181796875 0.902263294921875 0.288097958984375 0.884762318359375 0.278063119140625 0.891982681640625 0.279197048828125 0.908198638671875 0.2878540625 0.92714832421875 0.304665017578125 0.938194224609375
7 0.329457275390625 0.585002595703125 0.34483643359375 0.57145884375 0.35289140234375 0.56625372265625 0.36304690625 0.541099779296875 0.367909841796875 0.492687998046875 0.368040318359375 0.448680029296875 0.36948684375 0.390729626953125 0.3695013984375 0.351619451171875 0.370652453125 0.3222063984375 0.36426804296875 0.32265283984375 0.3631788984375 0.339840126953125 0.36646996484375 0.380349046875 0.363600763671875 0.431065326171875 0.362270291015625 0.48411978125 0.357865580078125 0.525980861328125 0.337675236328125 0.55835516796875 0.32775426953125 0.567196533203125 0.30740104296875 0.577582345703125 0.299138818359375 0.570826490234375 0.284716455078125 0.574279845703125 0.276333111328125 0.58545853515625 0.278776298828125 0.6072866484375 0.2930233984375 0.61443801953125 0.3081360234375 0.594641146484375 0.329457275390625 0.585002595703125
7 0.3382406640625 0.330523703125 0.347636287109375 0.36824908203125 0.35608138671875 0.389066248046875 0.370427869140625 0.43694972265625 0.3809507109375 0.495693041015625 0.380980939453125 0.5682064609375 0.375715966796875 0.623979958984375 0.38100076953125 0.66679337890625 0.39284998828125 0.685519841796875 0.398440595703125 0.6737214921875 0.385967767578125 0.64607698828125 0.387047720703125 0.595987974609375 0.390665873046875 0.523219435546875 0.379920419921875 0.44819643359375 0.367455357421875 0.400996345703125 0.360116958984375 0.361585390625 0.358531984375 0.33236366015625 0.35238165625 0.316498482421875 0.341666888671875 0.313987939453125 0.3382406640625 0.330523703125
7 0.35062278515625 0.06047529296875 0.338330244140625 0.096783259765625 0.33794223828125 0.10600315625 0.3265365703125 0.127084384765625 0.3186997109375 0.151842291015625 0.315247740234375 0.202467521484375 0.323191716796875 0.25818428515625 0.34023976953125 0.328313126953125 0.347916689453125 0.364419267578125 0.3543697265625 0.367238958984375 0.34774621484375 0.330405712890625 0.325949056640625 0.22920097265625 0.32688711328125 0.1689368828125 0.347349138671875 0.11315791015625 0.362664927734375 0.090771111328125 0.368122359375 0.063852626953125 0.356074072265625 0.055995228515625 0.35062278515625 0.06047529296875
2 0.05673099609375 0.127735361328125 0.0643720390625 0.137016625 0.0681270078125 0.1328278203125 0.06959574609375 0.122256095703125 0.067357052734375 0.111289248046875 0.057514755859375 0.112631861328125 0.05673099609375 0.127735361328125
6 0 0.2677468671875 0.011927099609375 0.257838759765625 0.022633166015625 0.248159103515625 0.03679808984375 0.2304965 0.04717216796875 0.216076603515625 0.056046193359375 0.20414240234375 0.055594107421875 0.188097818359375 0.04826931640625 0.174319650390625 0.03302553515625 0.18133991796875 0.0272295859375 0.2037757265625 0.0190614765625 0.2210189921875 0.0063965390625 0.2361949765625 0 0.2412600859375 0 0.2677468671875
7 0.4341275859375 0.547076369140625 0.439430736328125 0.53176451171875 0.442897712890625 0.51091354296875 0.43220036328125 0.49465997265625 0.425457458984375 0.505950431640625 0.422995390625 0.537035861328125 0.42129541015625 0.5541563359375 0.413134748046875 0.59903491796875 0.41412778125 0.642243123046875 0.42629512109375 0.679518505859375 0.44815899609375 0.71044740234375 0.47432065625 0.715830943359375 0.5029065 0.693738634765625 0.521010140625 0.65846950390625 0.509875302734375 0.65667148046875 0.49692990625 0.678700390625 0.47894106640625 0.69489931640625 0.461136142578125 0.701296724609375 0.444167640625 0.68651196484375 0.426195294921875 0.65737151953125 0.422172125 0.620556927734375 0.42135529296875 0.58815627734375 0.427633638671875 0.566078431640625 0.430557166015625 0.5540238359375 0.4341275859375 0.547076369140625
7 0.54927381640625 0.631762501953125 0.553856861328125 0.614440423828125 0.5474105703125 0.600980455078125 0.5378609765625 0.601133083984375 0.529675759765625 0.6125243984375 0.522424796875 0.63312482421875 0.5091208671875 0.650026439453125 0.490379173828125 0.655459064453125 0.474489314453125 0.6478118203125 0.45932107421875 0.638052611328125 0.447258244140625 0.6105595078125 0.440636337890625 0.58629287109375 0.4417252734375 0.56457790234375 0.44292636328125 0.532035216796875 0.454652830078125 0.49257480078125 0.4507284921875 0.482029341796875 0.44557341015625 0.48702704296875 0.43777386328125 0.528789509765625 0.43491476953125 0.562477494140625 0.43512371875 0.58204112890625 0.441420421875 0.60993744140625 0.44761058203125 0.63217369140625 0.45412856640625 0.646658935546875 0.46144047265625 0.655937224609375 0.477509568359375 0.666147654296875 0.485652740234375 0.67073059375 0.500284724609375 0.668677138671875 0.526741939453125 0.6534314765625 0.528655486328125 0.643509009765625 0.53611591796875 0.642472181640625 0.54274863671875 0.637886298828125 0.54927381640625 0.631762501953125
7 0.351700603515625 0.66927756640625 0.362312044921875 0.65943930859375 0.36352899609375 0.6478428359375 0.368288177734375 0.641327390625 0.376399599609375 0.633032099609375 0.393163765625 0.615887591796875 0.40534701171875 0.607822716796875 0.426358208984375 0.605838326171875 0.43860905078125 0.611164318359375 0.45186994140625 0.61435910546875 0.450287796875 0.604165005859375 0.4414250390625 0.597571810546875 0.422435451171875 0.591171607421875 0.4034053984375 0.596624396484375 0.388410263671875 0.6059161875 0.36061569921875 0.631044025390625 0.3417280390625 0.64266951171875 0.3335791875 0.65457342578125 0.337357041015625 0.67131178125 0.351700603515625 0.66927756640625
7 0.414665525390625 0.63646375390625 0.408107625 0.647301314453125 0.407992888671875 0.66637244140625 0.412926689453125 0.67478580859375 0.42031542578125 0.67272370703125 0.428897541015625 0.6587279921875 0.43120850390625 0.646201087890625 0.434960740234375 0.6335733984375 0.438247482421875 0.614281392578125 0.436270953125 0.59844736328125 0.4239561953125 0.57148794921875 0.385316384765625 0.491240625 0.36111334765625 0.45171599609375 0.351673875 0.445163126953125 0.352785263671875 0.461056724609375 0.369209859375 0.48463881640625 0.384768318359375 0.512402626953125 0.40194728515625 0.542628837890625 0.40759867578125 0.5612967578125 0.4235899453125 0.5869697265625 0.43057500390625 0.603998029296875 0.429055837890625 0.6195604296875 0.425592958984375 0.628045802734375 0.414665525390625 0.63646375390625
7 0.4441542421875 0.42530067578125 0.458758517578125 0.422850966796875 0.459690248046875 0.415455921875 0.459550955078125 0.40103978125 0.45112152734375 0.39235570703125 0.4390125546875 0.39320244921875 0.433821560546875 0.39768658984375 0.4288451953125 0.405247509765625 0.40228195703125 0.414833078125 0.361691646484375 0.447554408203125 0.34467232421875 0.47347419921875 0.33629809765625 0.5111547734375 0.339890517578125 0.541816833984375 0.351306455078125 0.564202806640625 0.36438652734375 0.56895566796875 0.37858828125 0.56074964453125 0.385409013671875 0.5339966484375 0.384408265625 0.511397517578125 0.37687198046875 0.523773740234375 0.374738734375 0.542986013671875 0.369114478515625 0.549561955078125 0.35729386328125 0.55038853125 0.35012640625 0.53903956640625 0.3464945859375 0.516109275390625 0.348774384765625 0.49070502734375 0.35530517578125 0.468093455078125 0.36961808984375 0.453181861328125 0.386561103515625 0.438602423828125 0.413378369140625 0.42436187109375 0.430714119140625 0.419542703125 0.4441542421875 0.42530067578125
7 0.456240919921875 0.518585716796875 0.458520873046875 0.508684037109375 0.460281453125 0.486636220703125 0.45773965234375 0.472327748046875 0.449716443359375 0.47093123828125 0.443655560546875 0.494453916015625 0.44608238671875 0.52286494921875 0.447663896484375 0.54233075 0.447540087890625 0.58149126171875 0.443748564453125 0.61542637109375 0.4374337265625 0.660501673828125 0.4280291328125 0.70232996484375 0.412052462890625 0.732027896484375 0.37326094921875 0.769193833984375 0.37454565625 0.77497756640625 0.38270687109375 0.77518933984375 0.41256806640625 0.74569559375 0.43205023828125 0.71575253515625 0.442113681640625 0.6802028359375 0.4489449375 0.64566347265625 0.452602837890625 0.603515826171875 0.454286328125 0.5677696484375 0.45418955078125 0.531756265625 0.456240919921875 0.518585716796875
7 0.40172161328125 0.442606486328125 0.405986568359375 0.462667103515625 0.410145908203125 0.471772291015625 0.416198703125 0.4701748828125 0.417651498046875 0.46576650390625 0.416616197265625 0.4509609921875 0.411309181640625 0.4348883359375 0.407396353515625 0.42615760546875 0.40050916015625 0.3874873515625 0.384589376953125 0.33613666015625 0.364895068359375 0.27173878125 0.34507125390625 0.221235634765625 0.33743961328125 0.197103650390625 0.330975826171875 0.151899984375 0.332030658203125 0.113457759765625 0.325762017578125 0.105674224609375 0.323366765625 0.140686783203125 0.3288828671875 0.184933857421875 0.337522552734375 0.22348156640625 0.34860235546875 0.255986005859375 0.362361736328125 0.29848249609375 0.37497262890625 0.337143275390625 0.388831375 0.384204140625 0.3961054609375 0.4126679140625 0.40023546484375 0.427647791015625 0.40172161328125 0.442606486328125
7 0.35019151953125 0.3039039140625 0.364865828125 0.3059575078125 0.370886408203125 0.2975977265625 0.369577400390625 0.282028890625 0.360707021484375 0.274818982421875 0.350847765625 0.27550841015625 0.338794611328125 0.28574728515625 0.32258286328125 0.2837482890625 0.313191455078125 0.278532361328125 0.301561349609375 0.253897515625 0.297022625 0.23307265234375 0.294263419921875 0.2156476796875 0.294545962890625 0.191353048828125 0.298031033203125 0.17192558203125 0.3091272421875 0.157446833984375 0.32860600390625 0.13690005078125 0.3452310859375 0.132214115234375 0.362652982421875 0.120033041015625 0.36027592578125 0.104929658203125 0.350550287109375 0.11383162109375 0.33833498828125 0.118600888671875 0.320120435546875 0.125748142578125 0.29437871875 0.154331939453125 0.28790040625 0.19706943359375 0.288431765625 0.242448462890625 0.303287654296875 0.281735650390625 0.323081119140625 0.300318712890625 0.339074875 0.2992003203125 0.35019151953125 0.3039039140625
7 0.3457073671875 0.434980451171875 0.35409303515625 0.427389041015625 0.35687643359375 0.42154360546875 0.369309427734375 0.423023447265625 0.38582034765625 0.42930830859375 0.400520041015625 0.447464173828125 0.412996859375 0.47791337890625 0.41822008984375 0.4990820703125 0.4192732265625 0.539334439453125 0.41129176171875 0.573171771484375 0.397180474609375 0.594909076171875 0.396489958984375 0.610226037109375 0.41575212890625 0.583430994140625 0.428017501953125 0.5415901484375 0.428605814453125 0.505921482421875 0.419636580078125 0.468962671875 0.405406751953125 0.438636048828125 0.3862186875 0.41296385546875 0.359629251953125 0.407383751953125 0.34656759765625 0.40320786328125 0.3310131015625 0.401162908203125 0.32427378515625 0.408681892578125 0.32492554296875 0.424296685546875 0.3321519375 0.433188330078125 0.3457073671875 0.434980451171875
7 0.351995744140625 0.2072333125 0.34855169140625 0.178334642578125 0.341309583984375 0.160975318359375 0.3318108984375 0.164021259765625 0.332095939453125 0.18246296484375 0.343414453125 0.21502125390625 0.348178673828125 0.287938763671875 0.3455799765625 0.33218987109375 0.3441431953125 0.38827115234375 0.33737967578125 0.430431763671875 0.332698306640625 0.473637640625 0.332859013671875 0.49030128125 0.338567771484375 0.485732671875 0.348004296875 0.424328537109375 0.354026970703125 0.357207876953125 0.356548349609375 0.297478162109375 0.35440855078125 0.223781240234375 0.351995744140625 0.2072333125
7 0.38640591796875 0.337161515625 0.39054181640625 0.30547823828125 0.386345548828125 0.29783103125 0.382221318359375 0.290146298828125 0.376569494140625 0.29054151171875 0.37110134765625 0.297834236328125 0.367265033203125 0.315643373046875 0.36703696484375 0.329480025390625 0.3683685390625 0.3485224140625 0.365717716796875 0.379006583984375 0.361311232421875 0.4314073515625 0.35958206640625 0.48362090234375 0.35440066015625 0.520661455078125 0.338360640625 0.560585939453125 0.348247724609375 0.56946324609375 0.356394951171875 0.557730232421875 0.366298689453125 0.51982946484375 0.370626322265625 0.4791284375 0.368746 0.4351404140625 0.373966244140625 0.394376970703125 0.37870255078125 0.3552419921875 0.38640591796875 0.337161515625
4 0.9527245625 0.727426306640625 0.954014447265625 0.71346064453125 0.9566154765625 0.707971388671875 0.955958990234375 0.698583201171875 0.95261931640625 0.69350936328125 0.948987439453125 0.698480373046875 0.945520841796875 0.701081306640625 0.941755447265625 0.73259758984375 0.92931971875 0.782410478515625 0.91631334765625 0.814572955078125 0.90574724609375 0.829464802734375 0.894481314453125 0.839097287109375 0.87830818359375 0.84494526953125 0.851907669921875 0.842074326171875 0.848359564453125 0.84350216015625 0.86865357421875 0.8491586328125 0.889363484375 0.846531658203125 0.900504107421875 0.839855857421875 0.910326134765625 0.8285542890625 0.920439271484375 0.811925919921875 0.929441208984375 0.788889080078125 0.941296984375 0.74501351953125 0.945926265625 0.72110272265625 0.94877848828125 0.704982083984375 0.950430240234375 0.700148609375 0.953400591796875 0.69994090234375 0.9502146328125 0.725519896484375 0.9527245625 0.727426306640625
8 0.3593473359375 0.371836271484375 0.35671734765625 0.36630904296875 0.355094333984375 0.3697018203125 0.35580089453125 0.376543271484375 0.356423763671875 0.378932494140625 0.35928642578125 0.384001634765625 0.36076281640625 0.3790346953125 0.3593473359375 0.371836271484375