7 0.076044791015625 0.005912037109375 0.101965625 0.031653703125 0.133778125 0.042966666015625 0.1690609375 0.055307408203125 0.199716666015625 0.059421296875 0.221696353515625 0.061478703125 0.236734896484375 0.057364814453125 0.2378921875 0.03679537109375 0.226902083984375 0.02445462890625 0.207814583984375 0.025482408203125 0.183521353515625 0.034738888671875 0.142454166015625 0.028567591796875 0.106592708984375 0.019312037109375 0.078829166015625 0 0.076044791015625 0.005912037109375
5 0.373239583984375 0.041937962890625 0.3905921875 0.049137037109375 0.391748958984375 0.048108333984375 0.399268228515625 0.02342592578125 0.386543228515625 0.0100555546875 0.370926041015625 0.003885185546875 0.361671353515625 0.00902777734375 0.36225 0.030625 0.373239583984375 0.041937962890625
7 0.585516146484375 0.03885277734375 0.612157291015625 0.0047555546875 0.604025 0 0.571634375 0.02445462890625 0.5340375 0.095416666015625 0.505695833984375 0.18694907421875 0.4987546875 0.20134722265625 0.491813541015625 0.221915740234375 0.494127603515625 0.241456482421875 0.509166146484375 0.243512962890625 0.5178421875 0.22602962890625 0.518420833984375 0.192090740234375 0.5340375 0.14169722265625 0.558330728515625 0.085132408203125 0.585516146484375 0.03885277734375
6 0.498176041015625 0.266138888671875 0.511310416015625 0.3043305546875 0.518998958984375 0.319618517578125 0.527096875 0.311390740234375 0.503381771484375 0.244541666015625 0.491813541015625 0.18694907421875 0.494705728515625 0.145811111328125 0.507430728515625 0.110843517578125 0.532302603515625 0.070734259765625 0.557173958984375 0.02342592578125 0.552546875 0.00902777734375 0.4987546875 0.089246296875 0.482559375 0.131412962890625 0.480823958984375 0.181806482421875 0.498176041015625 0.266138888671875
7 0.391711978515625 0.4471805546875 0.3843296875 0.468665740234375 0.388025 0.479228703125 0.402363021484375 0.4471805546875 0.406459375 0.40784722265625 0.3990859375 0.37507037109375 0.384747916015625 0.3532194453125 0.356891666015625 0.3495768515625 0.312240103515625 0.37507037109375 0.292577083984375 0.42897037109375 0.282335416015625 0.44135277734375 0.2692265625 0.468303703125 0.272913541015625 0.49015462890625 0.286022396484375 0.491611111328125 0.2966734375 0.469031482421875 0.297492708984375 0.4457231484375 0.320842708984375 0.3918231484375 0.344192708984375 0.371428703125 0.367133333984375 0.363416666015625 0.3855671875 0.373613888671875 0.396627603515625 0.398378703125 0.3970375 0.423143517578125 0.391711978515625 0.4471805546875
7 0.1848390625 0.560807408203125 0.211532291015625 0.568607408203125 0.215153125 0.556437037109375 0.216791666015625 0.5418694453125 0.204502083984375 0.534586111328125 0.181152083984375 0.53822777734375 0.15001875 0.5280305546875 0.132813541015625 0.502537037109375 0.121343228515625 0.4464518515625 0.1287171875 0.412946296875 0.150428646484375 0.374341666015625 0.176645833984375 0.33355277734375 0.172959375 0.3226268515625 0.141416146484375 0.36632962890625 0.121753125 0.40274907421875 0.116427603515625 0.4471805546875 0.1201140625 0.494525 0.131175 0.5309444453125 0.154525 0.55279537109375 0.1848390625 0.560807408203125
7 0.239322396484375 0.193866666015625 0.235493228515625 0.155963888671875 0.227442708984375 0.144337037109375 0.2335875 0.215718517578125 0.2266234375 0.246310185546875 0.207779166015625 0.312593517578125 0.176236458984375 0.39052962890625 0.146741666015625 0.429134259765625 0.131994271484375 0.397085185546875 0.125439583984375 0.4007268515625 0.120933853515625 0.418937037109375 0.132403646484375 0.441516666015625 0.143464583984375 0.45462777734375 0.167223958984375 0.4320481484375 0.1922125 0.385431482421875 0.224165103515625 0.305309259765625 0.241370833984375 0.236841666015625 0.239322396484375 0.193866666015625
6 0.136909896484375 0.6648481484375 0.1488640625 0.670186111328125 0.159440625 0.656107408203125 0.14100625 0.645182408203125 0.121753125 0.656836111328125 0.1008609375 0.678687962890625 0.0775109375 0.6808731484375 0.0635828125 0.66412037109375 0.052931771484375 0.6116768515625 0.05661875 0.5563194453125 0.063172916015625 0.517715740234375 0.050883333984375 0.511887962890625 0.041052083984375 0.5963805546875 0.050473958984375 0.647367591796875 0.0635828125 0.688156482421875 0.083245833984375 0.70272407421875 0.1147890625 0.679415740234375 0.136909896484375 0.6648481484375
1 0.089390625 0.512734259765625 0.089421875 0.54157407421875 0.097583853515625 0.546239814453125 0.108234375 0.535313888671875 0.109053646484375 0.5156481484375 0.115608333984375 0.47777222265625 0.125849478515625 0.448637037109375 0.118885416015625 0.442081482421875 0.1012703125 0.475587037109375 0.089390625 0.512734259765625
7 0.145044791015625 0.911534259765625 0.148731771484375 0.886040740234375 0.148731771484375 0.858362037109375 0.138080728515625 0.853262962890625 0.1298875 0.870015740234375 0.124152603515625 0.89987962890625 0.134803646484375 0.921731482421875 0.145044791015625 0.911534259765625
7 0.053019271484375 0.99907407421875 0.054519271484375 0.981458333984375 0.0561578125 0.971989814453125 0.064351041015625 0.9530518515625 0.069676041015625 0.934113888671875 0.067628125 0.918088888671875 0.0561578125 0.912990740234375 0.0471453125 0.929014814453125 0.045506771484375 0.9523231484375 0.046326041015625 0.9676194453125 0.0446875 0.99907407421875 0.053019271484375 0.99907407421875
2 0.2515609375 0.751289814453125 0.259915625 0.758658333984375 0.2658984375 0.749833333984375 0.267127603515625 0.738907408203125 0.263030728515625 0.72142592578125 0.254428125 0.725796296875 0.248283333984375 0.7359944453125 0.2515609375 0.751289814453125
7 0.541592708984375 0.706740740234375 0.556340103515625 0.679790740234375 0.555520833984375 0.658667591796875 0.539544271484375 0.689260185546875 0.514146353515625 0.7315055546875 0.497350521484375 0.748987037109375 0.478916146484375 0.754813888671875 0.462530208984375 0.740975 0.443686458984375 0.70965462890625 0.439180208984375 0.66667962890625 0.442047916015625 0.636816666015625 0.4379515625 0.609137962890625 0.426890625 0.602582408203125 0.425252083984375 0.632446296875 0.428119791015625 0.6644944453125 0.435903125 0.726407408203125 0.462120833984375 0.76282592578125 0.481783853515625 0.770110185546875 0.5039046875 0.765739814453125 0.523158333984375 0.743887962890625 0.541592708984375 0.706740740234375
7 0.415830208984375 0.77885092578125 0.432252083984375 0.7775 0.448602083984375 0.771566666015625 0.459253125 0.752628703125 0.462120833984375 0.728592591796875 0.4572046875 0.6921731484375 0.446554166015625 0.6652231484375 0.44081875 0.669593517578125 0.450240625 0.705284259765625 0.453927603515625 0.732962962890625 0.444915625 0.752628703125 0.434264583984375 0.7620981484375 0.4129625 0.765739814453125 0.378142708984375 0.7730231484375 0.349057291015625 0.78467777734375 0.337177603515625 0.780307408203125 0.3216109375 0.780307408203125 0.313417708984375 0.792689814453125 0.313417708984375 0.810171296875 0.328575 0.814541666015625 0.342503125 0.80507222265625 0.353972916015625 0.797060185546875 0.373636458984375 0.7890481484375 0.393299478515625 0.780307408203125 0.415830208984375 0.77885092578125
6 0.3777328125 0.968112037109375 0.379721353515625 0.997861111328125 0.388383853515625 0.99907407421875 0.3871546875 0.9666555546875 0.370359375 0.86759537109375 0.328575 0.79257222265625 0.281465103515625 0.737214814453125 0.2753203125 0.74959722265625 0.299080208984375 0.7758194453125 0.334309896484375 0.82462037109375 0.365853125 0.898187037109375 0.3777328125 0.968112037109375
7 0.4146140625 0.9962231484375 0.421539583984375 0.985592591796875 0.421949478515625 0.9666555546875 0.415394791015625 0.957186111328125 0.4018765625 0.95572962890625 0.394093228515625 0.967383333984375 0.388358333984375 0.973210185546875 0.371972396484375 0.957186111328125 0.366236978515625 0.971025 0.368285416015625 0.98705 0.382622916015625 0.9936055546875 0.391635416015625 0.99907407421875 0.405972916015625 0.99907407421875 0.4146140625 0.9962231484375
7 0.651128646484375 0.976789814453125 0.658109896484375 0.974712962890625 0.661796875 0.9616018515625 0.657290625 0.93319537109375 0.649507291015625 0.900418517578125 0.621241666015625 0.894590740234375 0.6081328125 0.901875 0.61018125 0.914257408203125 0.625747916015625 0.9222694453125 0.6359890625 0.925911111328125 0.641314583984375 0.936108333984375 0.642953125 0.959416666015625 0.651128646484375 0.976789814453125
2 0.504901041015625 0.854484259765625 0.5124296875 0.859418517578125 0.5196484375 0.849386111328125 0.517190625 0.83190462890625 0.5102265625 0.82607777734375 0.504491666015625 0.838460185546875 0.504901041015625 0.854484259765625
6 0.784165625 0.969568517578125 0.7870625 0.997861111328125 0.799732291015625 0.99907407421875 0.7956359375 0.968112037109375 0.798913021484375 0.936062962890625 0.809973958984375 0.9120268515625 0.830865625 0.887261111328125 0.844384375 0.893088888671875 0.8656859375 0.91275462890625 0.890674478515625 0.942618517578125 0.901735416015625 0.936791666015625 0.858721875 0.87415092578125 0.837010416015625 0.8697805546875 0.819805208984375 0.874878703125 0.803829166015625 0.893816666015625 0.791948958984375 0.9265944453125 0.784165625 0.969568517578125
6 0.500278646484375 0.973210185546875 0.493314583984375 0.998703703125 0.500278646484375 0.99907407421875 0.508061978515625 0.98777777734375 0.5162546875 0.9666555546875 0.535918228515625 0.941889814453125 0.5600875 0.936791666015625 0.58794375 0.95572962890625 0.601871875 0.979037962890625 0.6092453125 0.973938888671875 0.579750521484375 0.930236111328125 0.556810416015625 0.920038888671875 0.536327603515625 0.920766666015625 0.519532291015625 0.941162037109375 0.500278646484375 0.973210185546875
7 0.986910416015625 0.918913888671875 0.9999515625 0.92419907421875 1 0.91135 0.974535416015625 0.898286111328125 0.966028125 0.890034259765625 0.950559375 0.881096296875 0.938958333984375 0.87697037109375 0.931997396484375 0.883158333984375 0.932383853515625 0.90309907421875 0.941278646484375 0.912725 0.9528796875 0.912037962890625 0.962547396484375 0.907912037109375 0.975695833984375 0.91547592578125 0.986910416015625 0.918913888671875
7 0.8333859375 0.839839814453125 0.840733333984375 0.845340740234375 0.849241146484375 0.838464814453125 0.847694271484375 0.8199 0.8457609375 0.80064722265625 0.839960416015625 0.784832408203125 0.836866666015625 0.766267591796875 0.837253125 0.729137037109375 0.843827083984375 0.706446296875 0.860069271484375 0.6823805546875 0.8855921875 0.664503703125 0.916915625 0.66037777734375 0.942438541015625 0.655564814453125 0.9575203125 0.632186111328125 0.950559375 0.6246231484375 0.935477603515625 0.64525092578125 0.9145953125 0.64800092578125 0.885205208984375 0.647313888671875 0.867416666015625 0.66037777734375 0.843440625 0.683756482421875 0.828358853515625 0.72569907421875 0.829905728515625 0.7772694453125 0.82951875 0.798584259765625 0.82951875 0.821962962890625 0.8333859375 0.839839814453125
5 0.94265 0.0473018515625 0.9514890625 0.038571296875 0.9493734375 0.020131482421875 0.944178125 0.0087194453125 0.935314583984375 0 0.925840625 0.0021981484375 0.9218671875 0.01469722265625 0.926146353515625 0.02882592578125 0.93348125 0.040237962890625 0.94265 0.0473018515625
5 0.70793125 0.275992591796875 0.718750521484375 0.2647018515625 0.7207671875 0.25262592578125 0.720461458984375 0.239039814453125 0.714960416015625 0.228171296875 0.70793125 0.2298018515625 0.6947890625 0.245017591796875 0.6886765625 0.25860277734375 0.6917328125 0.272731482421875 0.697234375 0.280883333984375 0.70793125 0.275992591796875
5 0.873579166015625 0.214042591796875 0.872076041015625 0.192584259765625 0.864410416015625 0.1808944453125 0.857380728515625 0.18687222265625 0.855241666015625 0.202631482421875 0.854324478515625 0.2221944453125 0.856769791015625 0.239039814453125 0.864410416015625 0.243387037109375 0.871439583984375 0.241213888671875 0.874190103515625 0.229258333984375 0.873579166015625 0.214042591796875
7 0.831708333984375 0.066233333984375 0.8411359375 0.072185185546875 0.8411828125 0.074385185546875 0.850963021484375 0.05862592578125 0.837209896484375 0.04667037109375 0.81459375 0.059712962890625 0.789227083984375 0.1042731484375 0.742772396484375 0.220563888671875 0.7238234375 0.27164537109375 0.7100703125 0.289034259765625 0.704569271484375 0.308053703125 0.711292708984375 0.3249 0.725963021484375 0.322182408203125 0.730852603515625 0.303706482421875 0.735742708984375 0.283056482421875 0.761415103515625 0.210782408203125 0.781280728515625 0.15970092578125 0.8060359375 0.101012037109375 0.831708333984375 0.066233333984375
7 0.8511453125 0.279208333984375 0.8526734375 0.3042055546875 0.8587859375 0.31724722265625 0.8557296875 0.328659259765625 0.851756771484375 0.33952777734375 0.844421353515625 0.34822222265625 0.838614583984375 0.3563731484375 0.839531771484375 0.37104537109375 0.846866666015625 0.37647962890625 0.8603140625 0.37484907421875 0.876511978515625 0.36615462890625 0.896683333984375 0.338984259765625 0.918688021484375 0.318334259765625 0.932135416015625 0.32105092578125 0.9409984375 0.330832408203125 0.942832291015625 0.347678703125 0.9425265625 0.3666981484375 0.948028125 0.367241666015625 0.949861458984375 0.3422444453125 0.9440546875 0.32105092578125 0.933663541015625 0.309096296875 0.916854166015625 0.30855277734375 0.900961978515625 0.32105092578125 0.884458333984375 0.343331482421875 0.869788541015625 0.359090740234375 0.856952083984375 0.365067591796875 0.849311458984375 0.36072037109375 0.8526734375 0.35582962890625 0.861230728515625 0.343875 0.86398125 0.323768517578125 0.8679546875 0.311812962890625 0.8694828125 0.289533333984375 0.868871353515625 0.261818517578125 0.8648984375 0.252037037109375 0.856340625 0.248233333984375 0.851756771484375 0.258014814453125 0.8511453125 0.279208333984375
7 0.812759896484375 0.387128703125 0.838385416015625 0.38510092578125 0.8641046875 0.365936111328125 0.876940625 0.336591666015625 0.886109375 0.315941666015625 0.894666666015625 0.303986111328125 0.902307291015625 0.28659722265625 0.903224478515625 0.268663888671875 0.894361458984375 0.261056482421875 0.8854984375 0.271381482421875 0.879691146484375 0.289313888671875 0.877552083984375 0.30942037109375 0.857380728515625 0.35235 0.842099478515625 0.3713694453125 0.828346875 0.376260185546875 0.812454166015625 0.373543517578125 0.7993125 0.35669722265625 0.788004166015625 0.32735277734375 0.788921353515625 0.29692222265625 0.7932 0.262687037109375 0.788921353515625 0.25725277734375 0.779752603515625 0.30289907421875 0.782503125 0.338221296875 0.7932 0.36865277734375 0.812759896484375 0.387128703125
7 0.8809140625 0.403431482421875 0.893390103515625 0.374711111328125 0.898945833984375 0.326512037109375 0.905058333984375 0.26727962890625 0.890999478515625 0.217828703125 0.876940625 0.192287962890625 0.8717453125 0.204243517578125 0.886720833984375 0.227364814453125 0.89680625 0.281706482421875 0.890999478515625 0.3360481484375 0.874190103515625 0.392562962890625 0.8549359375 0.4333194453125 0.8427109375 0.4474481484375 0.833847916015625 0.47407592578125 0.840877083984375 0.490921296875 0.851573958984375 0.484943517578125 0.8579921875 0.464837037109375 0.863798958984375 0.442557408203125 0.8809140625 0.403431482421875
2 0.875169791015625 0.276925 0.878774478515625 0.266117591796875 0.873579166015625 0.253618517578125 0.866855208984375 0.2547055546875 0.864410416015625 0.268290740234375 0.867771875 0.276985185546875 0.875169791015625 0.276925
7 0.673970833984375 0.673871296875 0.687916666015625 0.652789814453125 0.692919271484375 0.643983333984375 0.697197916015625 0.622789814453125 0.698726041015625 0.589641666015625 0.693530728515625 0.5477981484375 0.689863021484375 0.524975 0.682528125 0.52714907421875 0.684361978515625 0.548341666015625 0.6907796875 0.588011111328125 0.6871125 0.621159259765625 0.672442708984375 0.65267777734375 0.6589953125 0.66952407421875 0.636379166015625 0.6760444453125 0.618958333984375 0.664089814453125 0.602760416015625 0.642896296875 0.596647916015625 0.6200731484375 0.5871734375 0.59724907421875 0.5749484375 0.58855462890625 0.569447396484375 0.60377037109375 0.5743375 0.625507408203125 0.5932859375 0.643439814453125 0.6009265625 0.66300277734375 0.6192640625 0.684196296875 0.63515625 0.6896305546875 0.655633333984375 0.6863694453125 0.673970833984375 0.673871296875
7 0.6991546875 0.528778703125 0.749277083984375 0.498890740234375 0.768836978515625 0.484218517578125 0.767003125 0.47172037109375 0.725438541015625 0.500521296875 0.668897916015625 0.521171296875 0.643836978515625 0.524431482421875 0.6138859375 0.5266055546875 0.5879078125 0.538560185546875 0.582406771484375 0.534212962890625 0.574460416015625 0.534212962890625 0.561930208984375 0.5374731484375 0.554900521484375 0.546712037109375 0.556428646484375 0.567361111328125 0.562235416015625 0.5766 0.577516666015625 0.5684481484375 0.590658333984375 0.552688888671875 0.6031890625 0.54127777734375 0.634057291015625 0.535843517578125 0.668592708984375 0.53312592578125 0.6991546875 0.528778703125
7 0.738274478515625 0.46139537109375 0.748315625 0.474941666015625 0.756917708984375 0.4853055546875 0.765780728515625 0.503237962890625 0.7663921875 0.529865740234375 0.764252603515625 0.559753703125 0.756917708984375 0.5956194453125 0.7526390625 0.611921296875 0.757528646484375 0.615182408203125 0.77464375 0.54997222265625 0.772809896484375 0.511933333984375 0.7618078125 0.466286111328125 0.728800521484375 0.436941666015625 0.70465625 0.43585462890625 0.676844271484375 0.449439814453125 0.671648958984375 0.448353703125 0.656367708984375 0.4532444453125 0.6465875 0.461938888671875 0.6465875 0.47335092578125 0.649338021484375 0.484762037109375 0.660646353515625 0.486392591796875 0.673177083984375 0.476611111328125 0.682040103515625 0.46519907421875 0.694876041015625 0.455417591796875 0.717797916015625 0.4505268515625 0.738274478515625 0.46139537109375
7 0.700988541015625 0.486936111328125 0.710843228515625 0.49205462890625 0.7159640625 0.49617407421875 0.7266609375 0.511933333984375 0.732467708984375 0.529865740234375 0.737052083984375 0.565187962890625 0.743164583984375 0.568991666015625 0.7419421875 0.536387037109375 0.728494791015625 0.500521296875 0.713825 0.4776981484375 0.691819791015625 0.470633333984375 0.672259896484375 0.478784259765625 0.656978646484375 0.494 0.638030208984375 0.513562962890625 0.625194271484375 0.515193517578125 0.613580208984375 0.522258333984375 0.610523958984375 0.544537962890625 0.615108333984375 0.558666666015625 0.631917708984375 0.54997222265625 0.643836978515625 0.5266055546875 0.660340625 0.507586111328125 0.681122916015625 0.48747962890625 0.700988541015625 0.486936111328125
4 0.861022916015625 0.32287592578125 0.862302603515625 0.308234259765625 0.858266666015625 0.3088694453125 0.858069791015625 0.320075 0.8553125 0.338633333984375 0.849010416015625 0.347737962890625 0.8411328125 0.356491666015625 0.8405421875 0.365946296875 0.844677603515625 0.37365 0.851964583984375 0.3733 0.865159375 0.3690981484375 0.8754 0.36419537109375 0.886428646484375 0.350538888671875 0.902380728515625 0.327778703125 0.911440103515625 0.320775 0.916954166015625 0.3172731484375 0.921483853515625 0.3165731484375 0.9273921875 0.31832407421875 0.9333 0.31902407421875 0.939996353515625 0.32742777734375 0.941965625 0.32987962890625 0.944131771484375 0.334781482421875 0.944525521484375 0.343186111328125 0.943738021484375 0.36244537109375 0.945707291015625 0.360343517578125 0.946101041015625 0.356491666015625 0.946101041015625 0.339334259765625 0.944525521484375 0.329178703125 0.9390109375 0.32252592578125 0.93448125 0.3172731484375 0.930148958984375 0.31412222265625 0.9244375 0.31132037109375 0.913408853515625 0.31517222265625 0.904940625 0.320775 0.896078125 0.3316305546875 0.887215625 0.344936111328125 0.878156771484375 0.357542591796875 0.865158853515625 0.36629722265625 0.849009896484375 0.3697981484375 0.845070833984375 0.36804722265625 0.8438890625 0.36279537109375 0.846252603515625 0.357892591796875 0.849797396484375 0.356141666015625 0.8535390625 0.348437962890625 0.855508853515625 0.344586111328125 0.858659896484375 0.336882408203125 0.861022916015625 0.32287592578125
8 0.646031771484375 0.517258333984375 0.645668228515625 0.511885185546875 0.64445625 0.5116555546875 0.6397296875 0.515857408203125 0.637169271484375 0.519709259765625 0.6395328125 0.525662037109375 0.643274478515625 0.523911111328125 0.646031771484375 0.519009259765625 0.646031771484375 0.517258333984375
1 0.6488171875 0.926835185546875 0.650985416015625 0.924886111328125 0.649627083984375 0.917986111328125 0.6422546875 0.912121296875 0.634105728515625 0.9066018515625 0.627315103515625 0.904532408203125 0.618583853515625 0.903841666015625 0.613733333984375 0.9066018515625 0.613539583984375 0.910741666015625 0.618390103515625 0.91522592578125 0.6267328125 0.92040092578125 0.632553646484375 0.921090740234375 0.644970833984375 0.929715740234375 0.6488171875 0.926835185546875
1 0.390413021484375 0.985817591796875 0.385878646484375 0.980275 0.383186458984375 0.975487962890625 0.380778125 0.972716666015625 0.3776609375 0.965158333984375 0.375252083984375 0.961883333984375 0.371993228515625 0.962639814453125 0.368308853515625 0.96667037109375 0.367600521484375 0.972716666015625 0.370717708984375 0.980778703125 0.375960416015625 0.985313888671875 0.379502603515625 0.985313888671875 0.385736978515625 0.988085185546875 0.389846353515625 0.99387962890625 0.392680208984375 0.995390740234375 0.390413021484375 0.985817591796875
1 0.140689583984375 0.8778555546875 0.1418265625 0.867559259765625 0.140844791015625 0.86129537109375 0.138516666015625 0.8610194453125 0.1360328125 0.864331482421875 0.133083333984375 0.8767518515625 0.130755208984375 0.8886194453125 0.1298234375 0.8982805546875 0.131065625 0.90932037109375 0.1346359375 0.913460185546875 0.138671875 0.914012962890625 0.140379166015625 0.90932037109375 0.140534375 0.901592591796875 0.14006875 0.8974518515625 0.139603125 0.88917222265625 0.140223958984375 0.8825481484375 0.140689583984375 0.8778555546875
1 0.106815625 0.494965740234375 0.113672396484375 0.473112037109375 0.118973958984375 0.463113888671875 0.120741666015625 0.45340092578125 0.11833125 0.450258333984375 0.112708333984375 0.461685185546875 0.1091734375 0.4722555546875 0.102907291015625 0.484825 0.101943228515625 0.491681482421875 0.103389583984375 0.4973944453125 0.106815625 0.494965740234375
4 0.146769271484375 0.44454537109375 0.1573734375 0.436546296875 0.173440103515625 0.41197777734375 0.1946484375 0.3685555546875 0.203163541015625 0.350558333984375 0.2201625 0.301875 0.228195833984375 0.266737037109375 0.234461458984375 0.238134259765625 0.2367109375 0.227278703125 0.237193228515625 0.222707408203125 0.236871875 0.214137962890625 0.2320515625 0.157925 0.230927083984375 0.160210185546875 0.235425521484375 0.21934537109375 0.228034896484375 0.254768517578125 0.222411458984375 0.285621296875 0.217109896484375 0.302762037109375 0.201685416015625 0.3453268515625 0.193009896484375 0.366181482421875 0.176300521484375 0.39939722265625 0.1578234375 0.42882222265625 0.146577083984375 0.439391666015625 0.146769271484375 0.44454537109375
3 0.625142708984375 0.675787037109375 0.6199046875 0.670571296875 0.6166046875 0.666557408203125 0.613652083984375 0.6656305546875 0.610699478515625 0.670262962890625 0.613652083984375 0.673968517578125 0.617299478515625 0.676438888671875 0.620598958984375 0.678909259765625 0.625142708984375 0.675787037109375