7 0.050181771484375 0.82479722265625 0.037434896484375 0.826360185546875 0.030841666015625 0.84042777734375 0.027325521484375 0.866218517578125 0.027325521484375 0.88497592578125 0.018973958984375 0.9178 0 0.96000277734375 0.0020328125 0.97047777734375 0.0167765625 0.952187962890625 0.028644271484375 0.9295231484375 0.036555728515625 0.8881018515625 0.044907291015625 0.872471296875 0.0523796875 0.8466805546875 0.050181771484375 0.82479722265625
7 0.1183109375 0.495771296875 0.1095203125 0.477014814453125 0.095015103515625 0.4840481484375 0.092817708984375 0.505931482421875 0.098531771484375 0.523906482421875 0.107322396484375 0.541881482421875 0.115673958984375 0.584866666015625 0.133255728515625 0.67552407421875 0.139409375 0.728668517578125 0.131936978515625 0.7739981484375 0.1209484375 0.816982408203125 0.120069271484375 0.84355462890625 0.126626041015625 0.840390740234375 0.132816146484375 0.8099481484375 0.1451234375 0.75602222265625 0.147760416015625 0.697407408203125 0.138530208984375 0.63644722265625 0.1196296875 0.536411111328125 0.1183109375 0.495771296875
7 0.454122396484375 0.444316666015625 0.448847916015625 0.409928703125 0.440057291015625 0.393516666015625 0.425991666015625 0.40289537109375 0.430386978515625 0.4271231484375 0.440936458984375 0.450568517578125 0.453243228515625 0.491208333984375 0.456759896484375 0.574832408203125 0.448847916015625 0.638137037109375 0.436101041015625 0.676432408203125 0.4233546875 0.709256482421875 0.419838021484375 0.74677037109375 0.4292109375 0.741067591796875 0.433024478515625 0.718635185546875 0.4422546875 0.692062962890625 0.461155208984375 0.632666666015625 0.471264583984375 0.533411111328125 0.462913541015625 0.464636111328125 0.454122396484375 0.444316666015625
2 0.134573958984375 0.679432408203125 0.141606771484375 0.6935 0.154808333984375 0.69360277734375 0.163584375 0.6817768515625 0.163144791015625 0.664582408203125 0.156111978515625 0.64817037109375 0.144683853515625 0.647388888671875 0.135013541015625 0.662237962890625 0.134573958984375 0.679432408203125
7 0.247097396484375 0.156436111328125 0.220725 0.15799907421875 0.206219791015625 0.16425092578125 0.181165625 0.170503703125 0.151277083984375 0.207236111328125 0.1424859375 0.248657408203125 0.145563021484375 0.2783555546875 0.1552328125 0.27210277734375 0.154353646484375 0.23615277734375 0.160507291015625 0.20879907421875 0.171935416015625 0.194731482421875 0.188638021484375 0.183789814453125 0.201384896484375 0.178318517578125 0.220285416015625 0.183008333984375 0.230834375 0.1962944453125 0.252371875 0.19707592578125 0.254130208984375 0.172066666015625 0.247097396484375 0.156436111328125
2 0.0725984375 0.569362037109375 0.067763541015625 0.59124537109375 0.078172916015625 0.607463888671875 0.088861458984375 0.598278703125 0.095015103515625 0.584211111328125 0.091498958984375 0.566236111328125 0.080510416015625 0.561546296875 0.0725984375 0.569362037109375
2 0.424266666015625 0.647896296875 0.4332140625 0.646734259765625 0.439367708984375 0.629539814453125 0.429258333984375 0.621725 0.422665103515625 0.628758333984375 0.424266666015625 0.647896296875
2 0.514090103515625 0.95127962890625 0.5057390625 0.958313888671875 0.5057390625 0.9778518515625 0.512332291015625 0.9919194453125 0.521122916015625 0.9872305546875 0.5272765625 0.979414814453125 0.52288125 0.958313888671875 0.514090103515625 0.95127962890625
7 0.663160416015625 0.835865740234375 0.674148958984375 0.83117592578125 0.672830728515625 0.8124194453125 0.663160416015625 0.799133333984375 0.6464578125 0.79209907421875 0.622722396484375 0.770216666015625 0.591954166015625 0.755367591796875 0.557669791015625 0.748333333984375 0.538330208984375 0.7381731484375 0.5282203125 0.713946296875 0.518550521484375 0.67799537109375 0.514594791015625 0.691281482421875 0.518990103515625 0.72332407421875 0.5453625 0.758493517578125 0.580965625 0.77177962890625 0.605580208984375 0.782721296875 0.625799478515625 0.79209907421875 0.64074375 0.8077305546875 0.647336978515625 0.8257055546875 0.663160416015625 0.835865740234375
7 0.607778125 0.67317962890625 0.6236015625 0.673961111328125 0.640304166015625 0.667709259765625 0.653490625 0.647388888671875 0.66228125 0.597371296875 0.665358333984375 0.5528231484375 0.656127603515625 0.5528231484375 0.656127603515625 0.577832408203125 0.654809375 0.61222037109375 0.6477765625 0.635665740234375 0.638985416015625 0.6544231484375 0.613931771484375 0.6630194453125 0.5893171875 0.643481482421875 0.57085625 0.611438888671875 0.561626041015625 0.578613888671875 0.558988541015625 0.55594907421875 0.551516146484375 0.53562962890625 0.5449234375 0.523906482421875 0.531297396484375 0.534066666015625 0.534813541015625 0.550478703125 0.540949478515625 0.567910185546875 0.551955728515625 0.580958333984375 0.560746875 0.611438888671875 0.572614583984375 0.644262962890625 0.588877603515625 0.659893517578125 0.607778125 0.67317962890625
6 0.540527603515625 0.717575 0.5449234375 0.7332055546875 0.552834896484375 0.75352592578125 0.562505208984375 0.77384537109375 0.578328646484375 0.781661111328125 0.59239375 0.776190740234375 0.599866146484375 0.764467591796875 0.609975521484375 0.769937962890625 0.625359896484375 0.7800981484375 0.628876041015625 0.7707194453125 0.6095359375 0.751962962890625 0.594591666015625 0.744928703125 0.5893171875 0.760559259765625 0.573933333984375 0.766812037109375 0.557669791015625 0.745710185546875 0.551516146484375 0.722264814453125 0.544044271484375 0.700381482421875 0.531297396484375 0.698818517578125 0.523385416015625 0.7113231484375 0.519869271484375 0.733987037109375 0.522945833984375 0.751181482421875 0.534521875 0.773242591796875 0.543165103515625 0.768375 0.547560416015625 0.754307408203125 0.541406771484375 0.73242407421875 0.534813541015625 0.717575 0.540527603515625 0.717575
2 0.741399478515625 0.69362592578125 0.745355208984375 0.668616666015625 0.744915625 0.646734259765625 0.73480625 0.631103703125 0.713268228515625 0.6279768515625 0.704038021484375 0.6420444453125 0.699642708984375 0.673306482421875 0.710191666015625 0.6967518515625 0.723378125 0.699878703125 0.741399478515625 0.69362592578125
7 0.726069791015625 0.315881482421875 0.7137671875 0.319911111328125 0.709234896484375 0.3527231484375 0.708586978515625 0.37459722265625 0.706644791015625 0.407409259765625 0.703083333984375 0.483971296875 0.7040546875 0.544414814453125 0.709882291015625 0.5743481484375 0.714091146484375 0.563986111328125 0.711177083984375 0.5271444453125 0.710853646484375 0.46957962890625 0.715709896484375 0.3976231484375 0.717328646484375 0.3717194453125 0.725422396484375 0.35445 0.729307291015625 0.33487777734375 0.726069791015625 0.315881482421875
7 0.834203125 0.506366666015625 0.8410015625 0.49255092578125 0.847153125 0.479311111328125 0.856865625 0.4649194453125 0.865606771484375 0.456285185546875 0.863016666015625 0.4649194453125 0.850390625 0.484491666015625 0.838735416015625 0.505790740234375 0.828375521484375 0.53342222265625 0.828699478515625 0.547237962890625 0.835174478515625 0.524211111328125 0.866902083984375 0.478735185546875 0.8759671875 0.453982408203125 0.863988021484375 0.440742591796875 0.848124478515625 0.454557408203125 0.831936978515625 0.475281482421875 0.822871875 0.491975 0.813159375 0.505790740234375 0.8134828125 0.521909259765625 0.819310416015625 0.527665740234375 0.829346875 0.521909259765625 0.834203125 0.506366666015625
7 0.78790625 0.21245 0.7746328125 0.224538888671875 0.763301041015625 0.253321296875 0.752941146484375 0.30167592578125 0.7474375 0.34427407421875 0.747761458984375 0.38859907421875 0.74905625 0.41392777734375 0.754883853515625 0.455375 0.759416146484375 0.469765740234375 0.76524375 0.462282408203125 0.7603875 0.443862037109375 0.754559896484375 0.41335277734375 0.754883853515625 0.375359259765625 0.757797396484375 0.328156482421875 0.7665390625 0.287860185546875 0.7713953125 0.270015740234375 0.785316666015625 0.25562407421875 0.7940578125 0.230871296875 0.78790625 0.21245
2 0.4846375 0.277458333984375 0.488236978515625 0.26282962890625 0.485666146484375 0.253687037109375 0.480009375 0.247287037109375 0.4720390625 0.2468981484375 0.4681828125 0.25917222265625 0.467154166015625 0.26557222265625 0.471267708984375 0.274715740234375 0.474353125 0.279287037109375 0.481038021484375 0.279287037109375 0.4846375 0.277458333984375
7 0.927583853515625 0.461984259765625 0.9224921875 0.449311111328125 0.9163828125 0.436034259765625 0.9106125 0.420343517578125 0.901108853515625 0.3907731484375 0.888550521484375 0.376892591796875 0.878368228515625 0.36965092578125 0.867506771484375 0.362409259765625 0.843747396484375 0.366633333984375 0.8206671875 0.384737962890625 0.8145578125 0.420343517578125 0.815236458984375 0.44689722265625 0.822025 0.454138888671875 0.823721875 0.437241666015625 0.826097916015625 0.410084259765625 0.835261978515625 0.398618517578125 0.850196353515625 0.388962962890625 0.862076041015625 0.388359259765625 0.870221875 0.388359259765625 0.876331771484375 0.3901694453125 0.885835416015625 0.397411111328125 0.893641666015625 0.4173268515625 0.898054166015625 0.440862962890625 0.901108853515625 0.45957037109375 0.905182291015625 0.476468517578125 0.912649478515625 0.48612407421875 0.915704166015625 0.488537962890625 0.920455728515625 0.48974537109375 0.9313171875 0.482503703125 0.927583853515625 0.461984259765625
7 0.177261458984375 0.22374722265625 0.1649078125 0.202356482421875 0.158405728515625 0.176918517578125 0.148652603515625 0.153215740234375 0.136948958984375 0.140496296875 0.128008853515625 0.156915740234375 0.134347916015625 0.17865277734375 0.142475521484375 0.190793517578125 0.148977603515625 0.198887962890625 0.1658828125 0.241091666015625 0.174335416015625 0.24282592578125 0.177261458984375 0.22374722265625
7 0.238055208984375 0.005281482421875 0.2250515625 0.048641666015625 0.2149734375 0.069453703125 0.207495833984375 0.071766666015625 0.197742708984375 0.081016666015625 0.194166666015625 0.1052981484375 0.193516666015625 0.126688888671875 0.202619271484375 0.135361111328125 0.213347916015625 0.127362037109375 0.220825 0.1006731484375 0.229927603515625 0.0682981484375 0.242606771484375 0.044016666015625 0.2461828125 0.023781482421875 0.24163125 0.004703703125 0.238055208984375 0.005281482421875
7 0.6436234375 0.39767407421875 0.629399478515625 0.441938888671875 0.622643228515625 0.49062962890625 0.622998958984375 0.523512037109375 0.627977603515625 0.5456444453125 0.631533333984375 0.558291666015625 0.6318890625 0.514659259765625 0.63615625 0.460909259765625 0.647534896484375 0.422968517578125 0.656780208984375 0.39767407421875 0.667803646484375 0.383762037109375 0.677760416015625 0.3742768515625 0.688428125 0.366688888671875 0.698740625 0.347718517578125 0.695540103515625 0.32874722265625 0.688783853515625 0.324953703125 0.677048958984375 0.342659259765625 0.6699375 0.36099722265625 0.6436234375 0.39767407421875
7 0.7737703125 0.716965740234375 0.7908390625 0.694833333984375 0.801151041015625 0.648038888671875 0.801506771484375 0.5999805546875 0.790483333984375 0.559509259765625 0.772703646484375 0.531053703125 0.7535015625 0.519671296875 0.733588541015625 0.527259259765625 0.71723125 0.541803703125 0.713319791015625 0.544965740234375 0.716164583984375 0.555083333984375 0.732521875 0.5462305546875 0.747811978515625 0.5354805546875 0.767369791015625 0.5462305546875 0.783371353515625 0.570891666015625 0.793328125 0.605038888671875 0.794750521484375 0.630965740234375 0.789772396484375 0.6638481484375 0.782660416015625 0.682818517578125 0.771636978515625 0.695465740234375 0.761680208984375 0.704318517578125 0.743633853515625 0.707393517578125 0.735721875 0.7175981484375 0.7350109375 0.740362962890625 0.7375 0.746686111328125 0.751723958984375 0.74099537109375 0.767725521484375 0.727083333984375 0.7737703125 0.716965740234375
7 0.747456771484375 0.536159259765625 0.750656771484375 0.4792481484375 0.7535015625 0.443203703125 0.7552796875 0.416012037109375 0.749945833984375 0.4065268515625 0.7399890625 0.40462962890625 0.734299478515625 0.41917407421875 0.736077603515625 0.44067407421875 0.7399890625 0.47735092578125 0.737855728515625 0.7479981484375 0.744611978515625 0.712586111328125 0.744967708984375 0.65377777734375 0.7435453125 0.593071296875 0.747456771484375 0.536159259765625
7 0.681043228515625 0.600003703125 0.6867328125 0.5721805546875 0.6952671875 0.55890092578125 0.701667708984375 0.542459259765625 0.704868228515625 0.51590092578125 0.703801041015625 0.505783333984375 0.695622396484375 0.50515092578125 0.688866146484375 0.51590092578125 0.683177083984375 0.548936111328125 0.676065103515625 0.56727407421875 0.670019791015625 0.610906482421875 0.678554166015625 0.620392591796875 0.681043228515625 0.600003703125
7 0.664603646484375 0.7343194453125 0.6521578125 0.7260981484375 0.631533333984375 0.690687037109375 0.613397916015625 0.655907408203125 0.608775521484375 0.6299805546875 0.606997396484375 0.602789814453125 0.6080640625 0.581289814453125 0.610908853515625 0.562318517578125 0.607353125 0.553465740234375 0.600596875 0.569275 0.595973958984375 0.60405462890625 0.603796875 0.6483194453125 0.6148203125 0.6805694453125 0.630821875 0.710289814453125 0.640778646484375 0.725465740234375 0.646823958984375 0.735584259765625 0.646823958984375 0.740642591796875 0.647179166015625 0.742162037109375 0.653935416015625 0.7558194453125 0.661758853515625 0.768466666015625 0.671004166015625 0.77605462890625 0.6791828125 0.77099537109375 0.679538541015625 0.76087777734375 0.664603646484375 0.7343194453125
1 0.169323958984375 0.2208981484375 0.158397396484375 0.1984805546875 0.1508328125 0.180546296875 0.146909896484375 0.176561111328125 0.144108333984375 0.175066666015625 0.1435953125 0.181161111328125 0.16091875 0.216414814453125 0.1679234375 0.232853703125 0.174927603515625 0.237337962890625 0.1768890625 0.23335277734375 0.1768890625 0.229864814453125 0.169323958984375 0.2208981484375
1 0.231009375 0.05959537109375 0.241376041015625 0.03817407421875 0.245578646484375 0.0227305546875 0.2444578125 0.01725092578125 0.241376041015625 0.0122694453125 0.239414583984375 0.01625462890625 0.234091146484375 0.03020277734375 0.229328125 0.048635185546875 0.2187765625 0.070335185546875 0.213358333984375 0.079521296875 0.215039583984375 0.0869944453125 0.220922916015625 0.088987037109375 0.223725 0.077528703125 0.231009375 0.05959537109375
4 0.546257291015625 0.7224231484375 0.546635416015625 0.7276944453125 0.5480234375 0.733189814453125 0.5490328125 0.737338888671875 0.552375521484375 0.745638888671875 0.560891146484375 0.762940740234375 0.565054166015625 0.7676518515625 0.5695328125 0.7704555546875 0.572813021484375 0.77359537109375 0.575777603515625 0.77359537109375 0.5828421875 0.77497962890625 0.588014583984375 0.77217592578125 0.593565625 0.76410092578125 0.596530208984375 0.7566981484375 0.597728646484375 0.7541194453125 0.598990103515625 0.753334259765625 0.602522396484375 0.756137962890625 0.617790625 0.768362962890625 0.6215625 0.772961111328125 0.624022916015625 0.77329722265625 0.621752083984375 0.76982037109375 0.6174625 0.765671296875 0.611848958984375 0.7597268515625 0.6053515625 0.755128703125 0.599675 0.7499694453125 0.59765625 0.7499694453125 0.595574478515625 0.75052962890625 0.591790103515625 0.7625305546875 0.588636458984375 0.766343517578125 0.586302083984375 0.76869907421875 0.581697916015625 0.7702694453125 0.577597396484375 0.7706055546875 0.5729296875 0.769708333984375 0.569208333984375 0.767353703125 0.564098958984375 0.762418517578125 0.559052603515625 0.754343517578125 0.5541328125 0.745371296875 0.551546353515625 0.738192591796875 0.5492125 0.730566666015625 0.5480140625 0.723163888671875 0.546500521484375 0.713967591796875 0.5442296875 0.709817591796875 0.543157291015625 0.707911111328125 0.538363541015625 0.70735 0.5350296875 0.707237962890625 0.530677083984375 0.708584259765625 0.528469791015625 0.711163888671875 0.527902083984375 0.717668517578125 0.528469791015625 0.719912037109375 0.5313078125 0.719687037109375 0.532380208984375 0.71654722265625 0.532327083984375 0.715941666015625 0.53799375 0.71087037109375 0.540769271484375 0.710534259765625 0.542283333984375 0.71087037109375 0.543355728515625 0.713113888671875 0.54480625 0.71670277734375 0.546257291015625 0.7224231484375
1 0.677709375 0.593117591796875 0.681865625 0.57517037109375 0.689782291015625 0.55370462890625 0.687209375 0.550185185546875 0.678896875 0.5723555546875 0.674740625 0.591358333984375 0.672959375 0.607546296875 0.676521875 0.610361111328125 0.677907291015625 0.606138888671875 0.677709375 0.593117591796875
4 0.863008333984375 0.466761111328125 0.849369791015625 0.4868305546875 0.833380208984375 0.519162962890625 0.828677083984375 0.530312962890625 0.829304166015625 0.532263888671875 0.838709896484375 0.513031482421875 0.8485859375 0.4935194453125 0.8600296875 0.4748444453125 0.86614375 0.468712962890625 0.868808853515625 0.4623018515625 0.870689583984375 0.453661111328125 0.8705328125 0.449758333984375 0.869749478515625 0.446135185546875 0.8647328125 0.442512037109375 0.856894791015625 0.446413888671875 0.837926041015625 0.477911111328125 0.8394765625 0.480140740234375 0.8542125 0.459235185546875 0.8595421875 0.451988888671875 0.8642625 0.44892222265625 0.867397916015625 0.45115277734375 0.866927603515625 0.457284259765625 0.863008333984375 0.466761111328125