5 0.73801241796875 0.403093767578125 0.720820263671875 0.39674029296875 0.721030697265625 0.442415734375 0.736966603515625 0.4717504921875 0.7616019921875 0.452840318359375 0.758548115234375 0.423784625 0.73801241796875 0.403093767578125
5 0.85824898046875 0.437786044921875 0.83448084375 0.412539595703125 0.825621017578125 0.4330549375 0.826010625 0.454231142578125 0.836896828125 0.479199447265625 0.84835233203125 0.500844669921875 0.863458322265625 0.469880298828125 0.85824898046875 0.437786044921875
7 0 0.283010466796875 0.003246126953125 0.28631916796875 0.01804455859375 0.322300904296875 0.024780791015625 0.36892254296875 0.0189554921875 0.47072245703125 0.010384296875 0.47651959375 0.006803015625 0.494848978515625 0.010535552734375 0.53036169921875 0.027268990234375 0.549820099609375 0.042824703125 0.53186423828125 0.0374049296875 0.45409454296875 0.046732984375 0.394360787109375 0.025616173828125 0.254590380859375 0 0.233786650390625 0 0.283010466796875
7 0.926293123046875 0.587312056640625 0.930282939453125 0.537930974609375 0.913778958984375 0.51192103515625 0.899360525390625 0.52322807421875 0.895779244140625 0.541557458984375 0.898663552734375 0.56899981640625 0.909210423828125 0.590739611328125 0.915070505859375 0.70763223046875 0.937672923828125 0.817868892578125 0.962110822265625 0.875686724609375 0.971250189453125 0.866565693359375 0.95220123046875 0.81634190625 0.935875810546875 0.76583186328125 0.92970826953125 0.7158862734375 0.926952857421875 0.645996986328125 0.926293123046875 0.587312056640625
7 0.860599439453125 0.2155786328125 0.845892052734375 0.241605775390625 0.83804080078125 0.297921068359375 0.857517125 0.2648643359375 0.874608818359375 0.23532334375 0.899294486328125 0.234360865234375 0.913813279296875 0.25894737109375 0.92764409765625 0.30319218359375 0.9240527890625 0.34763511328125 0.905264443359375 0.361033541015625 0.907291009765625 0.40651902734375 0.916650224609375 0.416959025390625 0.93339369140625 0.410303880859375 0.93771384375 0.390264748046875 0.945675064453125 0.343730431640625 0.948198107421875 0.271654267578125 0.92097697265625 0.22228941015625 0.89170093359375 0.205781380859375 0.860599439453125 0.2155786328125
7 0.63251798828125 0.306974015625 0.636807318359375 0.332915919921875 0.659032087890625 0.313910908203125 0.690963986328125 0.298052912109375 0.731778861328125 0.29237400390625 0.77605995703125 0.319668966796875 0.778472033203125 0.327749994140625 0.775517021484375 0.3516741953125 0.784486103515625 0.39240423828125 0.799603017578125 0.39498266015625 0.8015465859375 0.36144019921875 0.7967305390625 0.323052765625 0.771294619140625 0.2743298203125 0.7577741640625 0.2646381484375 0.71328984765625 0.265146365234375 0.66464509375 0.28553913671875 0.63251798828125 0.306974015625
7 0.21835591015625 0.1287328359375 0.2277073984375 0.180535416015625 0.255751123046875 0.231762451171875 0.269169873046875 0.25535479296875 0.28336154296875 0.278866828125 0.29630386328125 0.283062900390625 0.295105837890625 0.2567960859375 0.283283548828125 0.22609049609375 0.272948515625 0.224398568359375 0.252964654296875 0.190382591796875 0.232121697265625 0.1549095390625 0.230017974609375 0.106851357421875 0.2410770859375 0.073876763671875 0.264831111328125 0.0575329609375 0.31238355078125 0.027171052734375 0.24746665234375 0.03399409375 0.220401703125 0.0812896484375 0.21835591015625 0.1287328359375
7 0.238082296875 0.36787815234375 0.22316059375 0.35972284765625 0.209105314453125 0.35981102734375 0.20808647265625 0.3724199296875 0.2148386875 0.39949206640625 0.229955599609375 0.402070486328125 0.240775171875 0.4009333046875 0.292335193359375 0.467745931640625 0.31284534765625 0.514208416015625 0.31363683203125 0.596080669921875 0.322774357421875 0.571505728515625 0.324191728515625 0.52551768359375 0.308080009765625 0.468869267578125 0.28694143359375 0.42386192578125 0.256766521484375 0.38952891015625 0.238082296875 0.36787815234375
7 0.159123513671875 0.203930693359375 0.145466669921875 0.17063880859375 0.13300784765625 0.16361373828125 0.12575558984375 0.183823255859375 0.13371384375 0.214935904296875 0.14607105078125 0.235862564453125 0.145637837890625 0.231740826171875 0.1757619453125 0.27302463671875 0.20708365625 0.34057623828125 0.274177779296875 0.458541625 0.27418579296875 0.436315326171875 0.25319119921875 0.392682873046875 0.212790263671875 0.320529171875 0.17697609375 0.254839771484375 0.159123513671875 0.203930693359375
6 0.173484177734375 0.293955166015625 0.146574390625 0.320688525390625 0.115635748046875 0.362942857421875 0.1021084921875 0.39581841796875 0.110677013671875 0.41001628125 0.120874169921875 0.39258825 0.132602279296875 0.376258056640625 0.148052244140625 0.34821260546875 0.163802955078125 0.33649181640625 0.1838904609375 0.30544330859375 0.202531958984375 0.280836794921875 0.217720408203125 0.250303201171875 0.22088719140625 0.19964373828125 0.211180796875 0.18808296484375 0.207144232421875 0.22373539453125 0.197686001953125 0.25492546484375 0.173484177734375 0.293955166015625
7 0.192883806640625 0.329243814453125 0.167512025390625 0.259934724609375 0.156120294921875 0.203449384765625 0.147860494140625 0.122132119140625 0.147670892578125 0.054770890625 0.1405033515625 0.049398076171875 0.1381298359375 0.0869118671875 0.139386322265625 0.1480357421875 0.14588194921875 0.1989104609375 0.1562468984375 0.24835716015625 0.18614715234375 0.339739744140625 0.18728367578125 0.3579075078125 0.191094525390625 0.37231121875 0.193044984375 0.377211033203125 0.19568830859375 0.380506486328125 0.19881173046875 0.380178203125 0.20420701171875 0.379611134765625 0.205576732421875 0.370789078125 0.20330733203125 0.362859708984375 0.19825806640625 0.33939879296875 0.192883806640625 0.329243814453125
2 0.47016997265625 0.332447439453125 0.4346040546875 0.35946122265625 0.43173049609375 0.3985553828125 0.430422119140625 0.4359339453125 0.441892986328125 0.49524501171875 0.450839828125 0.5222354453125 0.470041373046875 0.5388378046875 0.4949156640625 0.534672322265625 0.51866117578125 0.519762265625 0.5347498671875 0.490140490234375 0.528563705078125 0.4395842421875 0.5188673046875 0.39715610546875 0.50264360546875 0.350757955078125 0.47016997265625 0.332447439453125
7 0.844306095703125 0.8873013359375 0.839773990234375 0.88060970703125 0.83325799609375 0.88380275 0.828919953125 0.894294228515625 0.82798105859375 0.9083713359375 0.831615767578125 0.918024845703125 0.8306038984375 0.92565761328125 0.83106034765625 0.939587134765625 0.835067677734375 0.952785927734375 0.838800447265625 0.965295759765625 0.85982434765625 0.96400405078125 0.8582480078125 0.9585928828125 0.855174306640625 0.948521966796875 0.851079859375 0.9364076640625 0.842438126953125 0.92513067578125 0.841730236328125 0.918395552734375 0.844386302734375 0.90915619140625 0.8477150625 0.900562087890625 0.844306095703125 0.8873013359375
7 0.216483859375 0.162347849609375 0.183183697265625 0.115903869140625 0.171164521484375 0.10369425390625 0.16388001953125 0.092470130859375 0.153110115234375 0.080128283203125 0.151494728515625 0.084789337890625 0.156696111328125 0.096219373046875 0.1735385078125 0.12027210546875 0.1889398671875 0.13661844140625 0.20290875390625 0.15536003515625 0.214456720703125 0.175104626953125 0.226249662109375 0.2011861015625 0.2354916953125 0.229031845703125 0.243914599609375 0.25509325390625 0.24766235546875 0.278468447265625 0.250565615234375 0.304352138671875 0.256063955078125 0.320615572265625 0.264989865234375 0.3234201484375 0.2703391484375 0.3202380078125 0.273882921875 0.30788975390625 0.268919400390625 0.2867045625 0.261105236328125 0.268437966796875 0.254732916015625 0.25788048046875 0.233400369140625 0.1991189921875 0.216483859375 0.162347849609375
7 0.3008967265625 0.196383904296875 0.2967156796875 0.170625203125 0.2960608203125 0.146367248046875 0.3018347734375 0.11918796484375 0.308852791015625 0.101837109375 0.305381359375 0.092845158203125 0.294612609375 0.114561056640625 0.2881082578125 0.144811291015625 0.288097884765625 0.174753251953125 0.29376338671875 0.196613203125 0.302394521484375 0.2226527265625 0.31508666015625 0.245271240234375 0.332190400390625 0.267799416015625 0.349062529296875 0.282119802734375 0.371558357421875 0.289859822265625 0.37407012890625 0.295730357421875 0.3852312734375 0.30578544921875 0.394221212890625 0.31120226953125 0.40096180859375 0.311242349609375 0.406623994140625 0.305033142578125 0.400617693359375 0.289945916015625 0.38758259375 0.280088712890625 0.37524773828125 0.276893888671875 0.346169009765625 0.264605013671875 0.316069498046875 0.23258884375 0.3008967265625 0.196383904296875
7 0.505330578125 0.296290751953125 0.501390330078125 0.315310513671875 0.5059497265625 0.326397443359375 0.518694990234375 0.326566123046875 0.5238963203125 0.303390849609375 0.52644073046875 0.276471865234375 0.5247923046875 0.241948568359375 0.51019435546875 0.189174255859375 0.491865212890625 0.157408751953125 0.465733921875 0.13752666796875 0.44442012890625 0.139264083984375 0.433808009765625 0.13786569140625 0.420066208984375 0.13629255859375 0.4105334453125 0.14785419140625 0.41133048046875 0.168890748046875 0.413558302734375 0.172099529296875 0.422499310546875 0.178276556640625 0.43561384375 0.173881638671875 0.44442759375 0.1689323125 0.46362559375 0.16590901171875 0.482310931640625 0.179533275390625 0.498352841796875 0.20299049609375 0.504341955078125 0.22498960546875 0.51088768359375 0.2549752109375 0.510950119140625 0.277094486328125 0.505330578125 0.296290751953125
7 0.56163912890625 0.420584875 0.56497004296875 0.46007432421875 0.566244912109375 0.485203724609375 0.56892428515625 0.502898365234375 0.573748455078125 0.522797556640625 0.577360380859375 0.531163056640625 0.582359365234375 0.534523744140625 0.57891935546875 0.517395046875 0.57497731640625 0.487686951171875 0.571070501953125 0.453117056640625 0.570728087890625 0.418657595703125 0.57489460546875 0.3880981875 0.579203875 0.372564501953125 0.585408423828125 0.368530890625 0.591256369140625 0.359171119140625 0.595402341796875 0.338815123046875 0.591876162109375 0.32606851171875 0.586033791015625 0.3198804921875 0.577399853515625 0.326132044921875 0.571326474609375 0.351548712890625 0.569817923828125 0.36579648828125 0.565942337890625 0.386124064453125 0.56163912890625 0.420584875
7 0.58231073046875 0.385860734375 0.569544541015625 0.373599291015625 0.566114158203125 0.3773599453125 0.572072869140625 0.389851818359375 0.585950251953125 0.412685583984375 0.611619416015625 0.43330798828125 0.636465220703125 0.440899705078125 0.664812703125 0.43500522265625 0.675374466796875 0.42369201953125 0.680773478515625 0.394460126953125 0.68130452734375 0.373513015625 0.681737107421875 0.343831123046875 0.675932958984375 0.325006921875 0.66907486328125 0.32475574609375 0.665606353515625 0.34115350390625 0.668588763671875 0.3617313359375 0.671372181640625 0.372612962890625 0.67008359375 0.3863525546875 0.667746533203125 0.40311645703125 0.658111228515625 0.420648365234375 0.645170546875 0.424923529296875 0.623499521484375 0.41894211328125 0.6073177265625 0.415783861328125 0.593791421875 0.4040883046875 0.58231073046875 0.385860734375
7 0.642766466796875 0.62777123046875 0.643604498046875 0.60962030859375 0.64016617578125 0.589966490234375 0.63677805078125 0.57079525390625 0.630674154296875 0.55190945703125 0.6257374921875 0.54412915234375 0.621735310546875 0.53478612890625 0.61634191796875 0.52266031640625 0.611121171875 0.50172840234375 0.605834908203125 0.4749462890625 0.606353552734375 0.44852976953125 0.6119280390625 0.428416525390625 0.616162546875 0.406002966796875 0.611365984375 0.38649097265625 0.601150125 0.38073097265625 0.596190212890625 0.391015951171875 0.59621716015625 0.409563814453125 0.597713765625 0.42737066796875 0.5977848125 0.440154568359375 0.596971494140625 0.484664896484375 0.604480978515625 0.51170212890625 0.613485955078125 0.5346765234375 0.622798265625 0.55273724609375 0.632038748046875 0.5805682578125 0.63435281640625 0.6130338515625 0.6373167578125 0.63078516796875 0.642766466796875 0.62777123046875
7 0.73036425 0.6324170703125 0.730565220703125 0.60493626171875 0.72258066015625 0.603778419921875 0.712646103515625 0.61880194140625 0.71227726953125 0.631322044921875 0.712946458984375 0.6537183046875 0.71068199609375 0.674924880859375 0.70903785546875 0.7100456171875 0.7104391171875 0.723377734375 0.719088822265625 0.70948824609375 0.721859173828125 0.679741265625 0.7270566796875 0.65972350390625 0.73036425 0.6324170703125
1 0.7155699140625 0.6512490703125 0.710788857421875 0.667924435546875 0.7086468203125 0.687620123046875 0.708326853515625 0.70862232421875 0.71061351953125 0.722361345703125 0.714642060546875 0.717943826171875 0.716957884765625 0.697230880859375 0.721584548828125 0.671781923828125 0.7220934453125 0.655252998046875 0.7155699140625 0.6512490703125
7 0.57664920703125 0.814324693359375 0.5801531875 0.820945625 0.59343308203125 0.819050822265625 0.6203253984375 0.80773708984375 0.641873509765625 0.790993904296875 0.63779859375 0.778940857421875 0.6227999609375 0.78051727734375 0.603303107421875 0.790054724609375 0.57823587109375 0.794686447265625 0.57664920703125 0.814324693359375
7 0.514129689453125 0.637245259765625 0.49892012890625 0.649565546875 0.4895922421875 0.672553544921875 0.486598900390625 0.704469046875 0.488296943359375 0.7296833828125 0.49094289453125 0.73674083984375 0.49592773046875 0.73283169921875 0.495920052734375 0.69953901171875 0.497575458984375 0.679050029296875 0.503840095703125 0.66315627734375 0.5124161484375 0.6571761484375 0.52236508984375 0.652180130859375 0.531213865234375 0.6518142890625 0.545002626953125 0.662215130859375 0.5565154453125 0.67511292578125 0.566592529296875 0.69549717578125 0.5748036171875 0.722283771484375 0.57583826171875 0.736955998046875 0.578537392578125 0.760827783203125 0.582632974609375 0.7756335625 0.58887023828125 0.78062094921875 0.59628747265625 0.778712962890625 0.59690084765625 0.763412251953125 0.588651646484375 0.73324351953125 0.5736989296875 0.684592767578125 0.560326951171875 0.660040279296875 0.536515658203125 0.638842744140625 0.514129689453125 0.637245259765625
7 0.680114208984375 0.437212314453125 0.677633779296875 0.431684828125 0.6723144375 0.440443462890625 0.67805958984375 0.461546498046875 0.686337376953125 0.480935595703125 0.6942770078125 0.51000753125 0.695171154296875 0.5417490625 0.6912378203125 0.566280705078125 0.6829106796875 0.59030961328125 0.6780576015625 0.608666533203125 0.672085888671875 0.611223271484375 0.66403433984375 0.625093646484375 0.660954595703125 0.644711927734375 0.66437014453125 0.661717509765625 0.672167328125 0.666204841796875 0.680471041015625 0.66002523828125 0.68422147265625 0.631172375 0.696136962890625 0.607730857421875 0.708329759765625 0.5611074375 0.708083060546875 0.499391435546875 0.69482987890625 0.463642041015625 0.680114208984375 0.437212314453125
7 0.53078819921875 0.83382809375 0.52153619140625 0.841648216796875 0.497596763671875 0.8478521484375 0.46988862890625 0.840755857421875 0.449049900390625 0.83135761328125 0.426326509765625 0.815308826171875 0.4069559609375 0.79732769140625 0.395294572265625 0.782224083984375 0.388432017578125 0.76767001953125 0.3794656796875 0.7443806015625 0.367894998046875 0.7329552578125 0.362326712890625 0.7335405078125 0.36094862890625 0.74580079296875 0.366327482421875 0.763144671875 0.378438607421875 0.775506619140625 0.38384939453125 0.777633244140625 0.39219668359375 0.789397380859375 0.412827224609375 0.81936153125 0.435073724609375 0.83651343359375 0.459281333984375 0.849772349609375 0.492060978515625 0.86002246484375 0.519771927734375 0.858689876953125 0.5392256796875 0.849270548828125 0.53078819921875 0.83382809375
5 0.350898119140625 0.755331345703125 0.341643349609375 0.757425015625 0.338140041015625 0.767622072265625 0.3402531796875 0.780402681640625 0.34424871875 0.785457169921875 0.35217260546875 0.78394003125 0.36047720703125 0.782382876953125 0.365963935546875 0.775989146484375 0.366133376953125 0.768443060546875 0.36249523828125 0.76129809765625 0.357654830078125 0.757358404296875 0.350898119140625 0.755331345703125
7 0.3616334375 0.739421115234375 0.35435824609375 0.726088169921875 0.34394513671875 0.70525230859375 0.338105943359375 0.686024935546875 0.331526509765625 0.65695434765625 0.32957509765625 0.630007 0.327656189453125 0.6145451015625 0.330081744140625 0.584527119140625 0.338210734375 0.54451190625 0.341447337890625 0.530596431640625 0.3506782890625 0.506651287109375 0.343223791015625 0.48602676953125 0.3320069453125 0.47989622265625 0.32648177734375 0.49718513671875 0.327127154296875 0.52009223828125 0.328269783203125 0.522582740234375 0.32644780859375 0.541571654296875 0.320731873046875 0.58498845703125 0.3212438828125 0.6261837578125 0.32638132421875 0.677858533203125 0.336481859375 0.709691939453125 0.346224921875 0.726943015625 0.359814251953125 0.750055640625 0.3616334375 0.739421115234375
7 0.35619126953125 0.62616584765625 0.345922880859375 0.657007212890625 0.33533211328125 0.6763954609375 0.321440115234375 0.68673197265625 0.31453602734375 0.702077525390625 0.314532822265625 0.710432890625 0.32697240234375 0.70024903515625 0.345933302734375 0.67945874609375 0.35416201171875 0.665539955078125 0.362977984375 0.634851244140625 0.36486024609375 0.599669171875 0.361779412109375 0.584328462890625 0.3565021953125 0.56765262109375 0.337725041015625 0.531509966796875 0.319650669921875 0.5104347265625 0.3020620859375 0.50236234765625 0.28973388671875 0.5052250078125 0.27439277734375 0.50735973046875 0.2670605 0.501864576171875 0.246474486328125 0.498807060546875 0.243327275390625 0.51636834765625 0.25254837109375 0.53421893359375 0.264395775390625 0.540783169921875 0.280465052734375 0.53439533203125 0.287149166015625 0.5253377734375 0.299949525390625 0.521381802734375 0.309516068359375 0.52298691796875 0.32645049609375 0.53321634375 0.342092615234375 0.553502611328125 0.3532821015625 0.587310791015625 0.35619126953125 0.62616584765625
7 0.6869945703125 0.8014169765625 0.661893294921875 0.755359763671875 0.641595466796875 0.701460271484375 0.62584419921875 0.644414595703125 0.624787130859375 0.6165092578125 0.61944038671875 0.5870540078125 0.61302098828125 0.57238633203125 0.6041143203125 0.5733224609375 0.598589109375 0.58857801953125 0.600534412109375 0.5963785234375 0.60411975390625 0.623350583984375 0.615355923828125 0.6588585625 0.637807046875 0.72253747265625 0.6652665390625 0.791026625 0.690507025390625 0.838403365234375 0.7263461875 0.886666916015625 0.7390535625 0.89333628125 0.746891783203125 0.896514931640625 0.7471522578125 0.881145173828125 0.6869945703125 0.8014169765625
7 0.637701419921875 0.27471939453125 0.623093220703125 0.302273234375 0.614370779296875 0.339412505859375 0.6186195546875 0.363453791015625 0.628522654296875 0.397614103515625 0.641941109375 0.424263033203125 0.654632740234375 0.44945775 0.67236099609375 0.476163904296875 0.691299400390625 0.492539751953125 0.705256646484375 0.499745294921875 0.728630107421875 0.51463459375 0.7391099375 0.5242464375 0.739346216796875 0.507385857421875 0.700955353515625 0.475199326171875 0.67114424609375 0.456395759765625 0.64873692578125 0.417937470703125 0.635000759765625 0.38826071875 0.6251501796875 0.35460508984375 0.62612941796875 0.3448083203125 0.627572908203125 0.32578098046875 0.6315709765625 0.3064842109375 0.640125376953125 0.292320775390625 0.652812837890625 0.279253548828125 0.662375390625 0.27467706640625 0.6777888046875 0.27662846875 0.6860352265625 0.281373958984375 0.69816513671875 0.290302169921875 0.7064271796875 0.30065731640625 0.707566087890625 0.31229554296875 0.708561203125 0.33461378515625 0.7105765703125 0.353788720703125 0.718680015625 0.36262992578125 0.726467751953125 0.360280794921875 0.727967220703125 0.33359453515625 0.71953590625 0.299789736328125 0.69701998828125 0.26848476171875 0.670505484375 0.256476611328125 0.65340466796875 0.260314787109375 0.637701419921875 0.27471939453125
7 0.419967111328125 0.329186462890625 0.410518583984375 0.31514626171875 0.404147884765625 0.298206419921875 0.39274632421875 0.277069453125 0.381924765625 0.26145582421875 0.377996716796875 0.26315721875 0.381859623046875 0.27692515234375 0.3925467109375 0.291264376953125 0.399112197265625 0.307755474609375 0.405842123046875 0.32122207421875 0.41130186328125 0.338687794921875 0.4253059921875 0.350101302734375 0.436967287109375 0.355318353515625 0.447166216796875 0.3581120234375 0.460442361328125 0.358005185546875 0.47613895703125 0.35334819140625 0.490003052734375 0.33814720703125 0.49571644921875 0.314352982421875 0.499323291015625 0.2912093671875 0.5038528046875 0.27913643359375 0.50502610546875 0.255819390625 0.49847423046875 0.2440518203125 0.49397884765625 0.2449544375 0.4875354765625 0.2641004296875 0.48754406640625 0.282568294921875 0.4879435078125 0.293264765625 0.487807046875 0.29886247265625 0.484740416015625 0.313358732421875 0.48061275390625 0.329255048828125 0.470543369140625 0.341481044921875 0.4585199140625 0.34661037890625 0.442286900390625 0.34616866015625 0.42920733984375 0.33895280078125 0.419967111328125 0.329186462890625
7 0.6502457890625 0 0.632561380859375 0.026686814453125 0.6055105625 0.049332896484375 0.578996474609375 0.084654349609375 0.570758173828125 0.093299884765625 0.56001190234375 0.1007947890625 0.551155736328125 0.1186991484375 0.5544934375 0.135322810546875 0.5591147734375 0.1376664765625 0.566799025390625 0.13888194921875 0.59032323828125 0.10538859375 0.61922331640625 0.066280326171875 0.643645123046875 0.03754513671875 0.6665701640625 0 0.6502457890625 0
7 0.641453802734375 0.338333982421875 0.651464373046875 0.323844328125 0.667993541015625 0.299474728515625 0.6968344140625 0.29007800390625 0.721866833984375 0.274716138671875 0.740366400390625 0.238823748046875 0.743380845703125 0.191827125 0.73702823828125 0.146523533203125 0.71874629296875 0.120154880859375 0.71115847265625 0.09336887890625 0.69936095703125 0.08329315625 0.694567046875 0.0830894375 0.69400576953125 0.10518395703125 0.711169197265625 0.135096345703125 0.728690404296875 0.15800891796875 0.731726818359375 0.194467173828125 0.72586320703125 0.23327508984375 0.71725265234375 0.24973940625 0.7015363671875 0.27048753125 0.674956396484375 0.28247601171875 0.651030896484375 0.29701395703125 0.64101628125 0.32282066015625 0.641453802734375 0.338333982421875
4 0 0.274587142578125 0.00824975390625 0.280844861328125 0.017031970703125 0.295745533203125 0.02532032421875 0.31967972265625 0.02848367578125 0.32918353515625 0.031229498046875 0.34386304296875 0.032874466796875 0.35951387109375 0.032595521484375 0.391190630859375 0.0269166796875 0.433271236328125 0.021940041015625 0.46373144921875 0.021218423828125 0.530096359375 0.0236573671875 0.5281287890625 0.02376059765625 0.531014361328125 0.025955466796875 0.4950695078125 0.025253376953125 0.460929951171875 0.03204902734375 0.41573778515625 0.03552219921875 0.389284453125 0.035903125 0.363157064453125 0.035089349609375 0.35084039453125 0.033041771484375 0.3382251328125 0.031443166015625 0.327589525390625 0.029824685546875 0.321343931640625 0.013810642578125 0.281116001953125 0.00413487109375 0.271441060546875 0 0.268810296875 0 0.274587142578125
1 0.71097784765625 0.704113111328125 0.710241685546875 0.716172791015625 0.7136981796875 0.71613349609375 0.71488549609375 0.7014353515625 0.71792348828125 0.674882521484375 0.7210956875 0.649611572265625 0.7181121796875 0.648954091796875 0.713767796875 0.676939287109375 0.71097784765625 0.704113111328125
1 0.5780382578125 0.80863630078125 0.582415615234375 0.815624431640625 0.59280941015625 0.81226494921875 0.623654693359375 0.7938016328125 0.632066181640625 0.790650501953125 0.635378162109375 0.78576830078125 0.635402056640625 0.782527681640625 0.6240960625 0.787602091796875 0.60190164453125 0.794792912109375 0.60050409375 0.79882590625 0.61661686328125 0.796160392578125 0.599241267578125 0.8041407265625 0.58392605859375 0.810931580078125 0.58195621484375 0.809519564453125 0.581922533203125 0.80919910546875 0.581968162109375 0.80789925390625 0.577768904296875 0.806073564453125 0.5780382578125 0.80863630078125
4 0.8385883046875 0.921582169921875 0.838789884765625 0.914496357421875 0.8395053984375 0.908702791015625 0.842160283203125 0.9087598515625 0.84392828515625 0.90218253125 0.84395309765625 0.898816126953125 0.84347565625 0.8924748125 0.841698884765625 0.889969962890625 0.837536298828125 0.8863705390625 0.83524371875 0.88795683203125 0.83229495703125 0.8923036875 0.8315217578125 0.89574968359375 0.831238525390625 0.903852380859375 0.831950091796875 0.90882375390625 0.83473221484375 0.911895138671875 0.835892205078125 0.90672798828125 0.835799388671875 0.904046146484375 0.836720056640625 0.895082287109375 0.83960351953125 0.895236357421875 0.840280052734375 0.899874380859375 0.839284828125 0.9030066796875 0.83638174609375 0.9113856640625 0.83525679296875 0.916886166015625 0.83530247265625 0.92091829296875 0.835907154296875 0.9302739296875 0.839170662109375 0.928921689453125 0.8385883046875 0.921582169921875