7 0.061016146484375 0.0401768515625 0.0733578125 0.0470305546875 0.087628125 0.044975 0.096113021484375 0.025782408203125 0.0926421875 0.01070277734375 0.079528646484375 0.009332408203125 0.065258853515625 0.01550092578125 0.05523125 0.02372592578125 0.0390328125 0.024412037109375 0.035176041015625 0.034007408203125 0.037104166015625 0.047716666015625 0.034790103515625 0.060739814453125 0.030161978515625 0.070335185546875 0.033633333984375 0.0826731484375 0.037104166015625 0.08472962890625 0.037227083984375 0.083328703125 0.05253125 0.079246296875 0.062944791015625 0.071706482421875 0.068344271484375 0.060053703125 0.0575453125 0.047716666015625 0.049060416015625 0.043603703125 0.061016146484375 0.0401768515625
6 0.205284375 0 0.212611978515625 0.02509722265625 0.213769271484375 0.060053703125 0.208369791015625 0.093639814453125 0.196799478515625 0.11214722265625 0.183300521484375 0.118315740234375 0.165944791015625 0.11214722265625 0.1493609375 0.10255092578125 0.148975 0.11420277734375 0.154760416015625 0.118315740234375 0.172115625 0.13339537109375 0.192171353515625 0.1340805546875 0.2095265625 0.12037222265625 0.2187828125 0.08952777734375 0.224568228515625 0.0566268515625 0.224568228515625 0.02372592578125 0.214926041015625 0 0.205284375 0
1 0.377297916015625 0.536812037109375 0.376502603515625 0.55237037109375 0.376502603515625 0.556966666015625 0.378093228515625 0.56050277734375 0.37908581640625 0.560376640625 0.379164484375 0.55466528125 0.378093228515625 0.5530768515625 0.37933203515625 0.542500859375 0.37962798828125 0.521014416015625 0.377297916015625 0.536812037109375
1 0.38008125 0.59515462890625 0.380612740234375 0.560182599609375 0.37908581640625 0.560376640625 0.378689583984375 0.589143517578125 0.378093228515625 0.592678703125 0.38008125 0.59515462890625
1 0.382069271484375 0.53115462890625 0.380899263671875 0.5413294375 0.380612740234375 0.560182599609375 0.3808765625 0.56014907421875 0.3832625 0.5484805546875 0.383858853515625 0.5350444453125 0.386045833984375 0.52054722265625 0.386045833984375 0.507817591796875 0.386281486328125 0.50264798046875 0.383677408203125 0.510501580078125 0.382069271484375 0.53115462890625
1 0.391015625 0.457608333984375 0.3824671875 0.4735194453125 0.3798828125 0.502513888671875 0.37962798828125 0.521014416015625 0.380479166015625 0.515243517578125 0.38132841796875 0.51309108203125 0.381671875 0.490491666015625 0.383858853515625 0.4795305546875 0.384654166015625 0.4745805546875 0.388033853515625 0.468215740234375 0.390816666015625 0.463265740234375 0.395588541015625 0.460083333984375 0.397178646484375 0.45902222265625 0.3985703125 0.46220462890625 0.400558333984375 0.465387037109375 0.400359896484375 0.4713981484375 0.39678125 0.485187962890625 0.391214583984375 0.49155277734375 0.38843125 0.495088888671875 0.386390259765625 0.500261796875 0.386281486328125 0.50264798046875 0.386443228515625 0.502160185546875 0.394196875 0.494735185546875 0.398172916015625 0.489431482421875 0.40095625 0.4770555546875 0.402546353515625 0.4636194453125 0.400359896484375 0.457608333984375 0.398371353515625 0.45407222265625 0.391015625 0.457608333984375
1 0.3866421875 0.494735185546875 0.387039583984375 0.49155277734375 0.384132291015625 0.4919805546875 0.38388520703125 0.506610876953125 0.386390259765625 0.500261796875 0.3866421875 0.494735185546875
1 0.380280208984375 0.546712962890625 0.380899263671875 0.5413294375 0.381163986328125 0.52391063671875 0.38008125 0.53610462890625 0.37933203515625 0.542500859375 0.379164484375 0.55466528125 0.3792859375 0.55484537109375 0.380280208984375 0.546712962890625
7 0.380740625 0.442933333984375 0.377655208984375 0.47720462890625 0.377269791015625 0.51627407421875 0.372641666015625 0.5443768515625 0.372641666015625 0.565625 0.379809896484375 0.566812962890625 0.3857546875 0.54095 0.389611458984375 0.50325092578125 0.395782291015625 0.47514907421875 0.398096353515625 0.449787962890625 0.389225521484375 0.438135185546875 0.380740625 0.442933333984375
5 0.622549478515625 0.609186111328125 0.615607291015625 0.617411111328125 0.617946875 0.633517591796875 0.627948958984375 0.657166666015625 0.637591146484375 0.66265 0.644533333984375 0.646885185546875 0.643761978515625 0.63454722265625 0.6329625 0.61809722265625 0.622549478515625 0.609186111328125
5 0.5788390625 0.166791666015625 0.5679625 0.18612222265625 0.569472916015625 0.200083333984375 0.573401041015625 0.21297037109375 0.57944375 0.216191666015625 0.5792609375 0.215663888671875 0.589716146484375 0.199009259765625 0.5951546875 0.18397407421875 0.597873958984375 0.167865740234375 0.593644271484375 0.158737037109375 0.587903646484375 0.155515740234375 0.5788390625 0.166791666015625
7 0.71720625 0.366036111328125 0.730802083984375 0.339187962890625 0.74198125 0.286028703125 0.740772916015625 0.239313888671875 0.745909375 0.21300277734375 0.744096353515625 0.1925981484375 0.736240625 0.18239537109375 0.727478646484375 0.187228703125 0.7253640625 0.215687037109375 0.7311046875 0.25327407421875 0.727780728515625 0.309118517578125 0.709652603515625 0.36012962890625 0.69424375 0.3789231484375 0.680647396484375 0.384292591796875 0.666446875 0.382682408203125 0.653152603515625 0.362814814453125 0.648922916015625 0.327912037109375 0.6401609375 0.305896296875 0.640690625 0.323082408203125 0.6449953125 0.347242591796875 0.649829166015625 0.373553703125 0.660102083984375 0.39449537109375 0.677928125 0.39717962890625 0.698775521484375 0.391810185546875 0.71720625 0.366036111328125
7 0.8114578125 0.480409259765625 0.848620833984375 0.50940462890625 0.859799478515625 0.51155277734375 0.8616125 0.497591666015625 0.831398958984375 0.47557592578125 0.79181875 0.444432408203125 0.732297396484375 0.385903703125 0.702083853515625 0.346168517578125 0.6984578125 0.334892591796875 0.6884875 0.3203944453125 0.6803296875 0.315025 0.674891146484375 0.32307962890625 0.673984896484375 0.3375768515625 0.680933853515625 0.348853703125 0.688789583984375 0.357981482421875 0.697249478515625 0.3574444453125 0.7041984375 0.369258333984375 0.7271609375 0.397716666015625 0.766136978515625 0.442284259765625 0.8114578125 0.480409259765625
7 0.6393859375 0.443039814453125 0.64956875 0.445721296875 0.6661625 0.397462962890625 0.677854166015625 0.321725 0.688413541015625 0.260691666015625 0.6978421875 0.19902962890625 0.703121875 0.145409259765625 0.695202083984375 0.122621296875 0.679739583984375 0.092459259765625 0.6680484375 0.07905462890625 0.6537171875 0.081065740234375 0.648814583984375 0.105864814453125 0.655225521484375 0.1212805546875 0.666539583984375 0.138706482421875 0.681104166015625 0.15634537109375 0.6823796875 0.199739814453125 0.676722396484375 0.260732408203125 0.6608828125 0.358588888671875 0.644665625 0.4101981484375 0.6393859375 0.443039814453125
2 0.633689583984375 0.454434259765625 0.6201125 0.489287037109375 0.586547396484375 0.538886111328125 0.5635421875 0.563014814453125 0.559393228515625 0.577089814453125 0.562033333984375 0.591164814453125 0.5707078125 0.588484259765625 0.592958853515625 0.558993517578125 0.612946875 0.53352407421875 0.631049478515625 0.531512962890625 0.628409375 0.510064814453125 0.642363541015625 0.4671694453125 0.633689583984375 0.454434259765625
5 0.085065103515625 0.899028703125 0.096559896484375 0.92892592578125 0.1100015625 0.915561111328125 0.116341146484375 0.8982768515625 0.116341146484375 0.878738888671875 0.107042708984375 0.868218517578125 0.091827603515625 0.8817444453125 0.085065103515625 0.899028703125
5 0.079063541015625 0.75070092578125 0.074311978515625 0.749116666015625 0.0686703125 0.752285185546875 0.0695609375 0.771291666015625 0.0701796875 0.771411111328125 0.077281771484375 0.788187037109375 0.091238021484375 0.787659259765625 0.096583333984375 0.76917962890625 0.090347396484375 0.757564814453125 0.083220833984375 0.752812962890625 0.079063541015625 0.75070092578125
7 0.1375359375 0.299392591796875 0.131884375 0.298889814453125 0.118603646484375 0.29587592578125 0.114364583984375 0.292861111328125 0.1075828125 0.288841666015625 0.10051875 0.28632962890625 0.097693228515625 0.288339814453125 0.095997396484375 0.304416666015625 0.100473958984375 0.311408333984375 0.1095609375 0.3265231484375 0.118038021484375 0.329537962890625 0.1389484375 0.32702592578125 0.140079166015625 0.314464814453125 0.1375359375 0.299392591796875
7 0.852901041015625 0.403563888671875 0.8487875 0.384867591796875 0.840560416015625 0.3897444453125 0.83461875 0.41657037109375 0.826848958984375 0.445835185546875 0.818165103515625 0.484040740234375 0.818165103515625 0.510053703125 0.826848958984375 0.519808333984375 0.83461875 0.5173694453125 0.839189583984375 0.4986731484375 0.844673958984375 0.46859537109375 0.8487875 0.43445462890625 0.852901041015625 0.403563888671875
7 0.557009896484375 0.44100462890625 0.552731771484375 0.472196296875 0.568988541015625 0.4950194453125 0.57455 0.472957408203125 0.579683853515625 0.457741666015625 0.582251041015625 0.429592591796875 0.582251041015625 0.39840092578125 0.575405728515625 0.360362037109375 0.565138541015625 0.34362407421875 0.549736978515625 0.323083333984375 0.532625 0.309388888671875 0.5172234375 0.298737962890625 0.507383853515625 0.316236111328125 0.5129453125 0.3352555546875 0.532625 0.349711111328125 0.540325521484375 0.348188888671875 0.551876041015625 0.356557408203125 0.554443228515625 0.3687305546875 0.557438021484375 0.402964814453125 0.557009896484375 0.44100462890625
4 0.047141666015625 0.053631482421875 0.056827603515625 0.05839722265625 0.060949478515625 0.06022962890625 0.060949478515625 0.066093517578125 0.055384896484375 0.068659259765625 0.043844271484375 0.075257408203125 0.037661978515625 0.074157408203125 0.035601041015625 0.069759259765625 0.0368375 0.06572777734375 0.05229375 0.065361111328125 0.057239583984375 0.064261111328125 0.0541484375 0.062428703125 0.051057291015625 0.062062037109375 0.043638021484375 0.062062037109375 0.038073958984375 0.062062037109375 0.0349828125 0.0649944453125 0.033746353515625 0.072325 0.038073958984375 0.078189814453125 0.044050521484375 0.0778231484375 0.048584375 0.077456482421875 0.059300521484375 0.070859259765625 0.062597916015625 0.067560185546875 0.063422396484375 0.06169537109375 0.0621859375 0.056563888671875 0.053530208984375 0.05179907421875 0.047347916015625 0.047034259765625 0.043226041015625 0.044468517578125 0.041783333984375 0.04190277734375 0.041165103515625 0.03897037109375 0.041371353515625 0.0342055546875 0.04466875 0.034938888671875 0.063628125 0.0353055546875 0.063950521484375 0.027065740234375 0.045286978515625 0.028341666015625 0.039516666015625 0.029440740234375 0.038073958984375 0.034938888671875 0.037867708984375 0.0411694453125 0.039310416015625 0.048134259765625 0.047141666015625 0.053631482421875
1 0.1078640625 0.3062194453125 0.112845833984375 0.3102694453125 0.12124375 0.3165981484375 0.129214583984375 0.31912962890625 0.133627083984375 0.3168518515625 0.1349078125 0.313560185546875 0.1349078125 0.309256482421875 0.134054166015625 0.3047 0.1286453125 0.30495277734375 0.121670833984375 0.30647222265625 0.117258333984375 0.306978703125 0.114838541015625 0.306978703125 0.11241875 0.3047 0.105444271484375 0.298371296875 0.101174478515625 0.29457407421875 0.099323958984375 0.297612037109375 0.102170833984375 0.30292777734375 0.10615625 0.305459259765625 0.1078640625 0.3062194453125
1 0.8459671875 0.399087962890625 0.8442015625 0.40275092578125 0.8403765625 0.428915740234375 0.834197916015625 0.4576981484375 0.833020833984375 0.46397777734375 0.835669271484375 0.466593517578125 0.841259375 0.44304537109375 0.844495833984375 0.42525277734375 0.84685 0.41164722265625 0.8480265625 0.40379722265625 0.847438021484375 0.399087962890625 0.8459671875 0.399087962890625