5 0.9344087109375 0.4682290390625 0.928684833984375 0.489607509765625 0.92791433203125 0.52083096875 0.93706259765625 0.53661615625 0.961906052734375 0.523680734375 0.959947125 0.4862331640625 0.947589611328125 0.465666931640625 0.9344087109375 0.4682290390625
7 0.7218307265625 0.918911884765625 0.734586248046875 0.925890494140625 0.761029 0.932909115234375 0.779083349609375 0.928048962890625 0.774049357421875 0.906060125 0.763409791015625 0.886511646484375 0.73279919140625 0.877600744140625 0.72108255078125 0.8798782265625 0.707196048828125 0.886630662109375 0.7218307265625 0.918911884765625
7 0.095218158203125 0.33817769921875 0.112367994140625 0.344302140625 0.11623991015625 0.301667052734375 0.115491556640625 0.262632486328125 0.10775466796875 0.238467552734375 0.100178654296875 0.238588494140625 0.085123138671875 0.290152111328125 0.084126677734375 0.324121919921875 0.095218158203125 0.33817769921875
7 0.5563048125 0.68898709375 0.517160111328125 0.683085794921875 0.496575935546875 0.674928380859375 0.4733150390625 0.668641068359375 0.4688292890625 0.69248035546875 0.47732552734375 0.720551798828125 0.495433447265625 0.723787576171875 0.5076560859375 0.72411322265625 0.516589212890625 0.707515796875 0.5410346640625 0.708167998046875 0.581950708984375 0.723182068359375 0.5982223828125 0.74433820703125 0.613443337890625 0.791367416015625 0.62122316015625 0.858758150390625 0.63422068359375 0.90216637890625 0.63407078125 0.842749625 0.62730330859375 0.780566966796875 0.6074085078125 0.729042345703125 0.582268787109375 0.69745141015625 0.5563048125 0.68898709375
7 0.331370076171875 0.677318201171875 0.331634404296875 0.643490701171875 0.32462964453125 0.619183458984375 0.315056333984375 0.612937978515625 0.3077605390625 0.61840930859375 0.305444650390625 0.637773646484375 0.30805578125 0.662935865234375 0.314048369140625 0.682035943359375 0.33027085546875 0.76940219140625 0.33024801953125 0.839659408203125 0.311105955078125 0.9014753984375 0.280155130859375 0.9885531796875 0.296211490234375 0.977325796875 0.312585751953125 0.94036684375 0.34019769921875 0.902575193359375 0.34948709765625 0.829165052734375 0.344862955078125 0.758459431640625 0.336538765625 0.719546712890625 0.331370076171875 0.677318201171875
7 0.329986431640625 0.689746669921875 0.34714690625 0.660741236328125 0.3337130078125 0.662001779296875 0.31061333984375 0.680002158203125 0.271721640625 0.675402423828125 0.245542703125 0.634556404296875 0.2253681953125 0.577681294921875 0.22813617578125 0.552825166015625 0.2259771328125 0.52217115234375 0.2141263046875 0.504208861328125 0.20612491015625 0.513870517578125 0.20090703125 0.537852115234375 0.2047297578125 0.561427142578125 0.20928479296875 0.58486076171875 0.21318813671875 0.620579634765625 0.227316306640625 0.650257828125 0.250032658203125 0.685022248046875 0.2829743515625 0.71374589453125 0.329986431640625 0.689746669921875
7 0.064110662109375 0.4752747421875 0.05930262890625 0.4505395546875 0.0537895078125 0.42999459375 0.048302916015625 0.4134976484375 0.0336033359375 0.408249556640625 0.02979665625 0.423850501953125 0.0345776484375 0.4445377734375 0.0430203125 0.4645132890625 0.0521410234375 0.476250662109375 0.069359791015625 0.52964619140625 0.105698826171875 0.591485576171875 0.1415046484375 0.6466730078125 0.1636228828125 0.701818607421875 0.172571720703125 0.724398162109375 0.178828814453125 0.709671646484375 0.1668434609375 0.671470587890625 0.147282095703125 0.633390470703125 0.109252841796875 0.57458205859375 0.080796390625 0.5220192265625 0.064110662109375 0.4752747421875
7 0.156430361328125 0.649175658203125 0.17941542578125 0.724418623046875 0.19516959765625 0.77809978515625 0.219086216796875 0.846406072265625 0.236251587890625 0.89170658203125 0.23832950390625 0.910216849609375 0.223323173828125 0.895570353515625 0.200488009765625 0.879744142578125 0.188399896484375 0.899657265625 0.19517869921875 0.926710861328125 0.21674869140625 0.936028337890625 0.2401814609375 0.93147346875 0.26012562890625 0.916788884765625 0.2478066640625 0.8651424140625 0.201599072265625 0.752530990234375 0.177095328125 0.669477826171875 0.16885208984375 0.642707947265625 0.154831578125 0.629221513671875 0.156430361328125 0.649175658203125
7 0.782355169921875 0.64774978515625 0.798254859375 0.68654166015625 0.836241869140625 0.702125080078125 0.859847533203125 0.686727830078125 0.871629076171875 0.657417212890625 0.87865616015625 0.611467337890625 0.882808294921875 0.574182640625 0.87360645703125 0.550301521484375 0.8635536796875 0.545500927734375 0.85552575390625 0.5511145703125 0.852424162109375 0.562525287109375 0.85624637890625 0.58610041015625 0.8590300703125 0.60042126171875 0.85459840625 0.63235637890625 0.8486754375 0.660528205078125 0.82822476171875 0.672609755859375 0.81284695703125 0.6755988984375 0.799078755859375 0.663413220703125 0.790184177734375 0.648930408203125 0.781940939453125 0.622160529296875 0.777639080078125 0.60002937890625 0.770687716796875 0.583817158203125 0.77279267578125 0.606375341796875 0.782355169921875 0.64774978515625
7 0.8613009765625 0.72157216796875 0.857505291015625 0.702045060546875 0.841206572265625 0.6768410078125 0.810623013671875 0.671978017578125 0.76271775 0.671832771484375 0.68839659765625 0.66871591015625 0.673750923828125 0.671562740234375 0.660903126953125 0.687570357421875 0.663315166015625 0.719525935546875 0.6684411015625 0.7185295546875 0.689850041015625 0.70356025 0.707371171875 0.692048142578125 0.734013015625 0.692273408203125 0.7814391484375 0.69386253125 0.822926267578125 0.684447509765625 0.836188294921875 0.6940291484375 0.845589046875 0.711116 0.8613009765625 0.72157216796875
7 0.606904560546875 0.542698169921875 0.584709919921875 0.549713857421875 0.62016658984375 0.55227980859375 0.6536791796875 0.556573451171875 0.684251408203125 0.596565501953125 0.70192244140625 0.644470150390625 0.7149470078125 0.69192629296875 0.70958327734375 0.7307981875 0.701382791015625 0.747253201171875 0.706949998046875 0.7758939921875 0.71519305859375 0.802662962890625 0.72521897265625 0.80341655078125 0.734911095703125 0.7907238203125 0.73193930859375 0.7480682734375 0.72226984375 0.690502876953125 0.716341982421875 0.64436876171875 0.70013538671875 0.5961803984375 0.6680448125 0.548377140625 0.644983517578125 0.53529637109375 0.606904560546875 0.542698169921875
7 0.709886048828125 0.224103224609375 0.684482333984375 0.226338775390625 0.655934447265625 0.1967610625 0.640314462890625 0.16331967578125 0.629847455078125 0.13292982421875 0.6120844765625 0.10801039453125 0.6077712890625 0.12100830859375 0.608384943359375 0.13980319921875 0.6224867578125 0.165434287109375 0.62817226171875 0.175136966796875 0.635296185546875 0.18050781640625 0.66347191015625 0.227720359375 0.678025814453125 0.24785965625 0.712018048828125 0.250709322265625 0.741454736328125 0.230125462890625 0.7465651328125 0.189953015625 0.750275998046875 0.123031146484375 0.745839439453125 0.0806603203125 0.742672943359375 0.119104171875 0.7407183984375 0.155962642578125 0.727805697265625 0.19900339453125 0.709886048828125 0.224103224609375
7 0.598731193359375 0.121414783203125 0.573445953125 0.1047131328125 0.558412580078125 0.08601872265625 0.54863984375 0.086567607421875 0.5399867578125 0.108514513671875 0.5499207265625 0.1322533203125 0.569266775390625 0.1379499140625 0.585404263671875 0.13886627734375 0.608971732421875 0.154551083984375 0.6331526796875 0.189029873046875 0.642090189453125 0.246738490234375 0.63869773828125 0.28792869140625 0.5976243359375 0.322933068359375 0.61313683984375 0.340183603515625 0.65231991015625 0.31500375390625 0.665657482421875 0.262422388671875 0.654523248046875 0.20514171484375 0.626772904296875 0.14838845703125 0.598731193359375 0.121414783203125
2 0.52225126171875 0.38457996484375 0.54115076953125 0.403518951171875 0.574852197265625 0.40703166015625 0.584122642578125 0.3867786328125 0.5677726484375 0.34634435546875 0.5474388828125 0.299975064453125 0.506096369140625 0.24259264453125 0.467962732421875 0.211424951171875 0.459354251953125 0.239936740234375 0.4696551796875 0.283223943359375 0.497295212890625 0.3332053125 0.52225126171875 0.38457996484375
7 0.776166091796875 0.59907626171875 0.780768490234375 0.598181646484375 0.79068308984375 0.59512253515625 0.803699396484375 0.596555982421875 0.8181743515625 0.61696058984375 0.8247432421875 0.634371517578125 0.83985870703125 0.643325943359375 0.845571548828125 0.63994977734375 0.844135947265625 0.624372693359375 0.82958877734375 0.6085125859375 0.8101475 0.5805793125 0.790027791015625 0.57373046484375 0.774908375 0.579501037109375 0.762418140625 0.595519328125 0.758621931640625 0.625138798828125 0.7609634453125 0.65356521484375 0.766020388671875 0.67466764453125 0.77108927734375 0.69746655859375 0.780487771484375 0.72452123828125 0.795978083984375 0.743595626953125 0.80636158984375 0.749505345703125 0.811343095703125 0.757521556640625 0.8167187890625 0.766746798828125 0.828576326171875 0.778599259765625 0.837698498046875 0.779657744140625 0.833690701171875 0.762314943359375 0.821280431640625 0.744340658203125 0.817056494140625 0.74063125 0.799842046875 0.7241567578125 0.78309040234375 0.7002311328125 0.7752262109375 0.67287821484375 0.7688958125 0.645227158203125 0.770081578125 0.62347722265625 0.776166091796875 0.59907626171875
7 0.750466103515625 0.643797068359375 0.7579141796875 0.639518595703125 0.758861275390625 0.62800787890625 0.752807708984375 0.626352919921875 0.743708068359375 0.62868860546875 0.733502271484375 0.618779837890625 0.726058326171875 0.608334220703125 0.718709126953125 0.59673827734375 0.712776619140625 0.582601259765625 0.70409782421875 0.555973580078125 0.6971466015625 0.512021107421875 0.68983909765625 0.476065017578125 0.68000497265625 0.445131453125 0.661146865234375 0.397264181640625 0.64513012890625 0.360736236328125 0.637891064453125 0.334961552734375 0.626897482421875 0.31444619140625 0.616759951171875 0.314717923828125 0.6120962578125 0.321853716796875 0.6143575625 0.338403150390625 0.62155191796875 0.357391306640625 0.633266087890625 0.37178446875 0.637549740234375 0.375801091796875 0.6448043671875 0.388548267578125 0.65829826171875 0.4153728359375 0.6692424921875 0.443825859375 0.679925185546875 0.4791249375 0.6881075703125 0.50811480859375 0.696168896484375 0.549586740234375 0.704184826171875 0.584271333984375 0.718455072265625 0.6200059140625 0.72815335546875 0.63057928515625 0.750466103515625 0.643797068359375
7 0.7297939296875 0.58495673828125 0.730555322265625 0.561023591796875 0.72664984375 0.5130814765625 0.719672140625 0.48045983203125 0.711360884765625 0.447531447265625 0.69412073046875 0.3965180234375 0.68515753125 0.373343236328125 0.672644521484375 0.340097794921875 0.6657654296875 0.33747139453125 0.6649466953125 0.35292072265625 0.671515587890625 0.370331650390625 0.6795242109375 0.38859557421875 0.6882185703125 0.40219574609375 0.702946802734375 0.44520247265625 0.71563390625 0.4891728515625 0.72330482421875 0.533552326171875 0.72378971484375 0.575364115234375 0.72232702734375 0.6169885234375 0.7209932109375 0.662551443359375 0.724921822265625 0.6680170625 0.72653178515625 0.6484494296875 0.727884513671875 0.621004669921875 0.7297939296875 0.58495673828125
7 0.722936927734375 0.631593255859375 0.724596150390625 0.649958529296875 0.7294336015625 0.653548681640625 0.7334191328125 0.621627654296875 0.74434866796875 0.571367859375 0.760949177734375 0.542091142578125 0.773935826171875 0.52371065625 0.78829394140625 0.496002666015625 0.8031703125 0.46932584375 0.81611904296875 0.4605796015625 0.82124502734375 0.44599277734375 0.816198830078125 0.4265861171875 0.809615064453125 0.422203505859375 0.802579927734375 0.426968607421875 0.791514041015625 0.45686830859375 0.79086209375 0.46662190625 0.773219744140625 0.508559666015625 0.752595876953125 0.533521087890625 0.732063318359375 0.5720570859375 0.725399587890625 0.601667048828125 0.722936927734375 0.631593255859375
7 0.700844025390625 0.54414752734375 0.70504895703125 0.575609341796875 0.709738357421875 0.603012478515625 0.719292720703125 0.62267474609375 0.728270970703125 0.632822125 0.739078671875 0.640914146484375 0.745863705078125 0.64469168359375 0.75558847265625 0.643934232421875 0.75549733984375 0.63036056640625 0.74010908203125 0.6265565234375 0.7213270546875 0.60529032421875 0.710924123046875 0.58126254296875 0.709303328125 0.5532629296875 0.712235583984375 0.532306359375 0.7158759296875 0.51007930078125 0.725203318359375 0.4958077109375 0.735166580078125 0.484810130859375 0.744288751953125 0.485868615234375 0.752914845703125 0.48928828515625 0.75801108984375 0.495438125 0.767545154296875 0.502300580078125 0.774352716796875 0.5094722890625 0.78374768359375 0.505380390625 0.7893087890625 0.494672548828125 0.782467435546875 0.48241099609375 0.775364212890625 0.47699650390625 0.762241724609375 0.475016796875 0.74736080078125 0.470547240234375 0.72799509375 0.469215140625 0.7131564609375 0.486256810546875 0.70336695703125 0.50798033984375 0.700844025390625 0.54414752734375
7 0.68304535546875 0.55657383203125 0.704599322265625 0.577229533203125 0.728193642578125 0.5885022265625 0.75595346484375 0.593679224609375 0.7640731171875 0.592629146484375 0.758545916015625 0.58101673046875 0.719957486328125 0.57213037109375 0.688325396484375 0.545503703125 0.66136799609375 0.503166791015625 0.645989013671875 0.46227965625 0.638035744140625 0.416777884765625 0.636586125 0.4001433046875 0.63935526171875 0.38533262890625 0.63897330078125 0.371133521484375 0.641466814453125 0.357962037109375 0.63353833203125 0.3447016015625 0.62847048828125 0.34462930078125 0.622862251953125 0.34941982421875 0.62198469921875 0.3754931640625 0.625319525390625 0.388060900390625 0.62973940625 0.419976142578125 0.637473259765625 0.46129194921875 0.65440528125 0.505577595703125 0.68304535546875 0.55657383203125
7 0.652135400390625 0.45108074609375 0.6642224609375 0.485735201171875 0.6764416796875 0.524129443359375 0.684479271484375 0.5394825078125 0.6854626484375 0.52924756640625 0.676416712890625 0.491887197265625 0.663085484375 0.456946361328125 0.652847947265625 0.427218404296875 0.648006447265625 0.4038423515625 0.64428294921875 0.361747009765625 0.642568603515625 0.305516943359375 0.64239162109375 0.26484701171875 0.643189759765625 0.242953587890625 0.649901853515625 0.231605095703125 0.65667048828125 0.21443044140625 0.652080119140625 0.199991974609375 0.641814291015625 0.194586662109375 0.637461083984375 0.201248013671875 0.631427943359375 0.22832349609375 0.6309294375 0.239521578125 0.6299601640625 0.2804143203125 0.63310036328125 0.3210374296875 0.635016736328125 0.364541427734375 0.640260541015625 0.405283861328125 0.652135400390625 0.45108074609375
7 0.36709496484375 0.21122044921875 0.362894890625 0.169282830078125 0.347928908203125 0.13295246484375 0.33448325390625 0.117996001953125 0.315579451171875 0.110542935546875 0.298524609375 0.1261571796875 0.28458091796875 0.147609115234375 0.2783241015625 0.178108705078125 0.2739435625 0.21995599609375 0.270620953125 0.22997309765625 0.26712618359375 0.245879396484375 0.266389271484375 0.262421146484375 0.268994591796875 0.287684484375 0.275694205078125 0.291653126953125 0.28531661328125 0.283547796875 0.28584969921875 0.2422399140625 0.2853093515625 0.20896216796875 0.29188751953125 0.163173126953125 0.307579017578125 0.133767486328125 0.31888202734375 0.12922830078125 0.3301342421875 0.132897767578125 0.344214884765625 0.14773080078125 0.35243431640625 0.173073447265625 0.358965375 0.21514278515625 0.365280521484375 0.240856529296875 0.36919864453125 0.240680685546875 0.36709496484375 0.21122044921875
7 0.3739896875 0.307686486328125 0.408709779296875 0.3202639609375 0.43204867578125 0.30987066015625 0.43881124609375 0.3073855703125 0.436997056640625 0.289582416015625 0.41944476953125 0.29416481640625 0.4006231875 0.298994884765625 0.372614693359375 0.29214006640625 0.3523708515625 0.2744056484375 0.328068763671875 0.23579064453125 0.315187015625 0.21018273828125 0.30695593359375 0.183085072265625 0.3049614609375 0.154189369140625 0.30537701953125 0.152937068359375 0.314070853515625 0.138362279296875 0.31637058203125 0.11800312109375 0.30661145703125 0.09998701953125 0.298983169921875 0.09971346484375 0.29548840234375 0.115619765625 0.29186807421875 0.14443534765625 0.294500884765625 0.157979986328125 0.297544888671875 0.18550015625 0.306532150390625 0.21479294140625 0.318340734375 0.23826734375 0.343837861328125 0.28133520703125 0.3739896875 0.307686486328125
7 0.439289072265625 0.299678724609375 0.441753326171875 0.256445693359375 0.437095810546875 0.193514271484375 0.436586376953125 0.180728416015625 0.432515970703125 0.158092912109375 0.429785095703125 0.145738861328125 0.422219587890625 0.139010662109375 0.415226625 0.138612671875 0.41403937890625 0.15114256640625 0.418795390625 0.165445076171875 0.423156541015625 0.185763080078125 0.43027825390625 0.21943676171875 0.4328913671875 0.26168285546875 0.429890009765625 0.303847822265625 0.423997115234375 0.341304875 0.41516607421875 0.3670339296875 0.393249439453125 0.39999171875 0.398092044921875 0.411349529296875 0.4069072421875 0.399094197265625 0.422512326171875 0.3726341640625 0.434469849609375 0.339269181640625 0.439289072265625 0.299678724609375
7 0.323431025390625 0.096717626953125 0.32014395703125 0.064559548828125 0.312719849609375 0.031448345703125 0.3061535859375 0.031553173828125 0.305318609375 0.04928551171875 0.310803484375 0.07750274609375 0.316946474609375 0.109105689453125 0.33523866796875 0.167630453125 0.36590771875 0.22375034375 0.388783685546875 0.255028591796875 0.417141279296875 0.28231439453125 0.4266903203125 0.299246970703125 0.43967662890625 0.31014522265625 0.448159 0.311425228515625 0.45167740625 0.299027962890625 0.444053310546875 0.283525666015625 0.43606092578125 0.276293740234375 0.42491842578125 0.27318870703125 0.398990232421875 0.244845857421875 0.37112229296875 0.211609138671875 0.35089480078125 0.180400900390625 0.337977767578125 0.149528935546875 0.327916478515625 0.1181009296875 0.323431025390625 0.096717626953125
7 0.251231783203125 0.165804884765625 0.248630580078125 0.172752947265625 0.2574375546875 0.190953185546875 0.28961066015625 0.234480654296875 0.308878892578125 0.2488910859375 0.3347567265625 0.238004265625 0.348912056640625 0.200698443359375 0.34610718359375 0.145605689453125 0.333362642578125 0.10884351953125 0.30895083984375 0.06966408203125 0.300131529296875 0.049708015625 0.291336029296875 0.033261892578125 0.281169314453125 0.0334817578125 0.27668677734375 0.04430914453125 0.286422599609375 0.05881519921875 0.2972553984375 0.078964703125 0.30328524609375 0.07779262109375 0.321377884765625 0.106487966796875 0.332378810546875 0.13597509765625 0.34101012109375 0.1752940859375 0.33612032421875 0.204356427734375 0.32493448828125 0.22644381640625 0.306430228515625 0.23121126171875 0.296643787109375 0.22491476953125 0.2844043125 0.2161662890625 0.26011369921875 0.179305400390625 0.251231783203125 0.165804884765625
7 0.49901716796875 0.266399333984375 0.511166626953125 0.24588192578125 0.524271916015625 0.209951734375 0.526235041015625 0.1709155 0.51913228515625 0.12251484765625 0.50357876171875 0.093326892578125 0.496150283203125 0.075443521484375 0.48833425 0.047093654296875 0.480953396484375 0.036230171875 0.472898234375 0.035452888671875 0.47004959375 0.05299087890625 0.47341494921875 0.065221599609375 0.479307591796875 0.075203779296875 0.4930199453125 0.09830718359375 0.508123134765625 0.12348328515625 0.5162797890625 0.15528057421875 0.516953666015625 0.19263269921875 0.505983404296875 0.231076693359375 0.492870322265625 0.25002412890625 0.487898302734375 0.2668033359375 0.4931323203125 0.27339991015625 0.49901716796875 0.266399333984375
7 0.47492996484375 0.24414012890625 0.482056791015625 0.248611494140625 0.499781572265625 0.23813888671875 0.50739008203125 0.219675669921875 0.50561537109375 0.191907830078125 0.5014976953125 0.1622542578125 0.48070578515625 0.14169755859375 0.455396228515625 0.126705099609375 0.432269302734375 0.121243505859375 0.413984650390625 0.12714073046875 0.398026783203125 0.148398421875 0.39122524609375 0.160848099609375 0.382472826171875 0.1666487890625 0.376623265625 0.178913423828125 0.376486056640625 0.1900676875 0.383804818359375 0.207386619140625 0.391652025390625 0.20878914453125 0.39955053515625 0.2019829140625 0.40341341796875 0.1778053359375 0.405298609375 0.15869827734375 0.416029228515625 0.14782696875 0.42699144140625 0.139839451171875 0.45082812109375 0.140476986328125 0.465253751953125 0.14352960546875 0.4859359453125 0.1635218671875 0.4966475546875 0.181352822265625 0.50076471875 0.211006498046875 0.493340353515625 0.22533452734375 0.481524232421875 0.232316501953125 0.47492996484375 0.24414012890625
7 0.4492664765625 0.27214971484375 0.4489897109375 0.244955673828125 0.443868349609375 0.244378755859375 0.44236437109375 0.27453930859375 0.453809259765625 0.313710388671875 0.46824779296875 0.347059775390625 0.49070259765625 0.374659125 0.515190974609375 0.394527486328125 0.55126838671875 0.404283013671875 0.584397240234375 0.41251482421875 0.60037136328125 0.420413794921875 0.61146226953125 0.43502620703125 0.623594048828125 0.43528839453125 0.63105340234375 0.431218078125 0.630205041015625 0.41775858984375 0.619615701171875 0.40724145703125 0.60385921875 0.40349201171875 0.593430462890625 0.402898791015625 0.5647358828125 0.39170912890625 0.529542359375 0.386498072265625 0.5060456640625 0.37324914453125 0.4831733515625 0.354114609375 0.4627094140625 0.31250482421875 0.4492664765625 0.27214971484375
1 0.74532704296875 0.9112309765625 0.743016396484375 0.90123261328125 0.734233634765625 0.89477687109375 0.72252457421875 0.89215549609375 0.717972701171875 0.891407513671875 0.71488146484375 0.897232142578125 0.7178938984375 0.906115931640625 0.72266196875 0.912698376953125 0.731588642578125 0.914227818359375 0.736658048828125 0.91291605859375 0.737188740234375 0.91281290234375 0.74532704296875 0.9112309765625
4 0.17096934375 0.673930376953125 0.181700146484375 0.722311556640625 0.20214958984375 0.782481783203125 0.231881962890625 0.865844822265625 0.24545626171875 0.90565560546875 0.24612221484375 0.91590291796875 0.241433009765625 0.916342779296875 0.226648630859375 0.912612833984375 0.2253102734375 0.916646009765625 0.24282713671875 0.920788068359375 0.24945430078125 0.916670111328125 0.249082013671875 0.91202525 0.248021962890625 0.906571767578125 0.240616283203125 0.883485681640625 0.22200316796875 0.830032931640625 0.202976681640625 0.778547986328125 0.186692060546875 0.728888220703125 0.181038107421875 0.699801154296875 0.17096934375 0.673930376953125
1 0.09977036328125 0.27720553515625 0.103936576171875 0.278851943359375 0.1033361015625 0.274458013671875 0.1067676484375 0.275144560546875 0.1093573515625 0.259754703125 0.104743142578125 0.252983884765625 0.099676388671875 0.2517134375 0.095462951171875 0.25614040234375 0.090347125 0.259841962890625 0.093316470703125 0.26467718359375 0.10071689453125 0.260983361328125 0.09977036328125 0.27720553515625