7 0.612672255859375 1 0.61367753515625 0.995331205078125 0.604162255859375 0.8597710546875 0.587252900390625 0.747737625 0.5801955625 0.710642298828125 0.5719907890625 0.694498205078125 0.56404732421875 0.691612072265625 0.558987673828125 0.6975992109375 0.5554907421875 0.732062107421875 0.5658919140625 0.745528384765625 0.573850181640625 0.772880966796875 0.589839767578125 0.862034474609375 0.59821266015625 0.959256296875 0.595804990234375 1 0.612672255859375 1
7 0.09299528515625 0.770097666015625 0.07594663671875 0.78124986328125 0.066465517578125 0.79066453125 0.0582058203125 0.793135087890625 0.04878367578125 0.812530876953125 0.036913638671875 0.837658427734375 0.03202211328125 0.857277267578125 0.041725845703125 0.863321005859375 0.055890681640625 0.8432955390625 0.06605970703125 0.824992525390625 0.080333970703125 0.808618669921875 0.092535265625 0.802599982421875 0.0987029296875 0.77786283203125 0.09299528515625 0.770097666015625
7 0.14570476953125 0.589348748046875 0.16046866015625 0.589405474609375 0.16963332421875 0.585348390625 0.173466279296875 0.57814980078125 0.17473765234375 0.564876048828125 0.170578205078125 0.561121216796875 0.159865341796875 0.561167966796875 0.139814103515625 0.574666236328125 0.130986287109375 0.574806044921875 0.09180948828125 0.570474658203125 0.050535892578125 0.535721236328125 0.0341952109375 0.482721525390625 0.032943900390625 0.44073171484375 0.029259275390625 0.428941015625 0.024011380859375 0.476558087890625 0.03395730078125 0.530682123046875 0.060091294921875 0.56075426171875 0.102428228515625 0.591242875 0.14570476953125 0.589348748046875
7 0.22125139453125 0.24332641796875 0.243926095703125 0.23521162109375 0.27005282421875 0.24172574609375 0.284441396484375 0.259081455078125 0.2931609140625 0.278465767578125 0.2992153671875 0.29947967578125 0.298414466796875 0.318343478515625 0.299917986328125 0.336839015625 0.303602611328125 0.34862971484375 0.3089343203125 0.35177122265625 0.3153494921875 0.3551313359375 0.321588197265625 0.34693416015625 0.323608021484375 0.33883308984375 0.323363107421875 0.325578263671875 0.317970490234375 0.311440763671875 0.312579806640625 0.298318138671875 0.309646548828125 0.2957746328125 0.30232696484375 0.2658625703125 0.292133380859375 0.2433891484375 0.25869959765625 0.216025943359375 0.206693078125 0.23658283203125 0.18257678515625 0.282213251953125 0.17829582421875 0.30948680859375 0.178674857421875 0.322201556640625 0.18600847265625 0.317498998046875 0.189085017578125 0.29289674609375 0.192382087890625 0.276284251953125 0.204251828125 0.25973934765625 0.22125139453125 0.24332641796875
5 0.266408962890625 0.127517482421875 0.272259666015625 0.10813779296875 0.27592472265625 0.0873066015625 0.268510794921875 0.078210404296875 0.26443344921875 0.074845345703125 0.24614523828125 0.110687544921875 0.246214755859375 0.13697980078125 0.251175521484375 0.14365219140625 0.266408962890625 0.127517482421875
7 0.65210229296875 0.146538330078125 0.652007580078125 0.148142666015625 0.641937443359375 0.15378615234375 0.6420511328125 0.165593076171875 0.6462110859375 0.16934803515625 0.660875359375 0.182065060546875 0.674258951171875 0.1917440546875 0.692281357421875 0.205298357421875 0.70165405859375 0.19223233203125 0.702074671875 0.182370787109375 0.696258609375 0.170954263671875 0.68282506640625 0.16760490625 0.675629212890625 0.16581077734375 0.6568591953125 0.151164470703125 0.65210229296875 0.146538330078125
5 0.771536951171875 0.162056056640625 0.7684107734375 0.1764438125 0.780956796875 0.184823244140625 0.788944716796875 0.1732250703125 0.792456169921875 0.163227599609375 0.796284359375 0.147873568359375 0.796007310546875 0.1305903828125 0.789394921875 0.12441084765625 0.78411053125 0.123914927734375 0.775555947265625 0.14870967578125 0.771536951171875 0.162056056640625
7 0.6227034140625 0.075602291015625 0.62277242578125 0.10189441796875 0.63313345703125 0.12095130859375 0.665915439453125 0.14345603125 0.7047210703125 0.15131919921875 0.7237478359375 0.150627572265625 0.749327958984375 0.146132439453125 0.760095029296875 0.147911369140625 0.773577509765625 0.1449308359375 0.78226280859375 0.140753279296875 0.788222943359375 0.125025197265625 0.78507233984375 0.115178853515625 0.77137705859375 0.119012884765625 0.759888119140625 0.119913927734375 0.735405296875 0.126352623046875 0.704706265625 0.126852748046875 0.683013533203125 0.125974072265625 0.65561315625 0.117330228515625 0.6388666640625 0.098658515625 0.63512732421875 0.085042009765625 0.63533059375 0.067877626953125 0.639633607421875 0.044487728515625 0.632971044921875 0.044638728515625 0.62509233203125 0.059889408203125 0.6227034140625 0.075602291015625
6 0.278968048828125 0.425381412109375 0.288385828125 0.421275787109375 0.29905651953125 0.4094151328125 0.3026106171875 0.400620181640625 0.296841462890625 0.39555171875 0.287405861328125 0.40973764453125 0.278464083984375 0.415574669921875 0.275689056640625 0.4096924921875 0.281656990234375 0.398219544921875 0.293490267578125 0.3862451015625 0.313228134765625 0.37987249609375 0.316760208984375 0.373895744140625 0.314146302734375 0.36800030078125 0.29175294921875 0.3777445234375 0.276931404296875 0.3926039609375 0.268328349609375 0.409821154296875 0.265959361328125 0.415684240234375 0.26558253515625 0.42083401171875 0.269856830078125 0.42552976171875 0.278968048828125 0.425381412109375
2 0.80444381640625 0.874382572265625 0.794526001953125 0.88155079296875 0.791778171875 0.892571736328125 0.79573954296875 0.9010199140625 0.80129966796875 0.902519767578125 0.807045984375 0.8950014140625 0.81173674609375 0.882398900390625 0.80444381640625 0.874382572265625
7 0.53791514453125 0.403031953125 0.536816080078125 0.38951072265625 0.539197447265625 0.375974560546875 0.543497357421875 0.356734970703125 0.5474841796875 0.33476826171875 0.550849169921875 0.315295572265625 0.542951642578125 0.31509285546875 0.53911405078125 0.32649958203125 0.536940109375 0.3392038046875 0.5347126015625 0.350129271484375 0.53061938671875 0.368537693359375 0.52684491015625 0.397622775390625 0.52686547265625 0.429420423828125 0.533157548828125 0.438053689453125 0.549111607421875 0.44379783984375 0.56225475390625 0.440893021484375 0.575345068359375 0.436208671875 0.590508294921875 0.423210328125 0.60489018359375 0.407367158203125 0.615578564453125 0.384421322265625 0.6226801171875 0.3579321328125 0.624950173828125 0.332887373046875 0.625827626953125 0.323391658203125 0.629144421875 0.310088724609375 0.630330103515625 0.295371744140625 0.6305805859375 0.280420634765625 0.627094283203125 0.272486927734375 0.619143416015625 0.2705045546875 0.61509398828125 0.27479303515625 0.61307368359375 0.2848874609375 0.611265947265625 0.302099359375 0.6124719140625 0.319179001953125 0.61361990625 0.326529705078125 0.614352541015625 0.33554415625 0.61239094140625 0.355366751953125 0.606948177734375 0.37520505078125 0.60067073828125 0.390418873046875 0.590131806640625 0.402803828125 0.58068194140625 0.412812212890625 0.569776076171875 0.42069026171875 0.5576211875 0.42560783984375 0.54733201171875 0.423042458984375 0.540364767578125 0.415123556640625 0.53791514453125 0.403031953125
7 0.665949109375 0.038698732421875 0.67130211328125 0.027403599609375 0.648391279296875 0.023365080078125 0.638654486328125 0.031893419921875 0.62345899609375 0.03905980078125 0.6065963984375 0.047099744140625 0.595192501953125 0.056501650390625 0.60175549609375 0.066515541015625 0.63142896875 0.056513775390625 0.6457133046875 0.047186865234375 0.6460159296875 0.04597309765625 0.665949109375 0.038698732421875
4 0.036051271484375 0.845969833984375 0.0332980078125 0.86446805078125 0.042011283203125 0.86058088671875 0.04883986328125 0.846859546875 0.05754233203125 0.82313801171875 0.06715833203125 0.810661314453125 0.06890571484375 0.80613954296875 0.06640445703125 0.79504945703125 0.065377294921875 0.7954403515625 0.047345494140625 0.821793265625 0.036051271484375 0.845969833984375
1 0.663836205078125 0.1691972734375 0.67281561328125 0.177056751953125 0.67644975390625 0.17320675390625 0.657447255859375 0.15679529296875 0.64895118359375 0.149920892578125 0.64445553125 0.159176751953125 0.65099394921875 0.165129814453125 0.663836205078125 0.1691972734375
1 0.601529544921875 0.05394679296875 0.602806193359375 0.0585984453125 0.638337435546875 0.04012321484375 0.640442767578125 0.035578087890625 0.611778748046875 0.04816855078125 0.601529544921875 0.05394679296875