7 0.059502841796875 0.040310525390625 0.04632565234375 0.039858248046875 0.0325209140625 0.047007150390625 0.023091484375 0.05591160546875 0.006980365234375 0.057725990234375 0.003802328125 0.0675670234375 0.00668206640625 0.08110838671875 0.00528208984375 0.094261232421875 0.001334578125 0.1041560703125 0.005658130859375 0.116221830078125 0.0092639609375 0.1180311875 0.00928885546875 0.116625099609375 0.024270966796875 0.11148507421875 0.034133189453125 0.10323721484375 0.03870666015625 0.091236171875 0.027073419921875 0.079682484375 0.01832228515625 0.076171416015625 0.03000984765625 0.071918923828125 0.042799541015625 0.07789501953125 0.056891703125 0.074849025390625 0.064017123046875 0.055111310546875 0.059502841796875 0.040310525390625
6 0.170482818359375 0.1342422109375 0.157447037109375 0.141337341796875 0.139703291015625 0.136394525390625 0.122490431640625 0.127978435546875 0.122918224609375 0.139628826171875 0.128976455078125 0.14332819921875 0.1473412890625 0.157160458984375 0.167395958984375 0.15644495703125 0.183752646484375 0.14155937890625 0.190834748046875 0.11014438671875 0.19431101953125 0.07692003515625 0.192015966796875 0.04409925390625 0.18074223046875 0.021103728515625 0.17112405078125 0.021776296875 0.180184498046875 0.046301236328125 0.183777412109375 0.0810918359375 0.18073393359375 0.114972783203125 0.170482818359375 0.1342422109375
1 0.38359201953125 0.56866411328125 0.383272091796875 0.5629611796875 0.382092640625 0.561451345703125 0.382590685546875 0.550814701171875 0.381387099609375 0.529359953125 0.380164689453125 0.54528162890625 0.380456609375 0.56085754296875 0.38077723046875 0.565442640625 0.3826106484375 0.568859181640625 0.38359201953125 0.56866411328125
1 0.384855126953125 0.600956728515625 0.387011017578125 0.6032879453125 0.3851016875 0.56836403125 0.38359201953125 0.56866411328125 0.385203427734375 0.5973885546875 0.384855126953125 0.600956728515625
1 0.38692869921875 0.556505654296875 0.38658634375 0.54306067578125 0.38775672265625 0.5284462109375 0.386868748046875 0.51574758984375 0.386743212890625 0.5105741328125 0.384693318359375 0.518590251953125 0.38452978125 0.539305169921875 0.3840723828125 0.54953680859375 0.3851016875 0.56836403125 0.385362529296875 0.568312185546875 0.38692869921875 0.556505654296875
1 0.381833646484375 0.523543736328125 0.38253068359375 0.5213373046875 0.38129684765625 0.49876898046875 0.382713890625 0.487682013671875 0.38316197265625 0.48268859375 0.386089439453125 0.476103529296875 0.388520177734375 0.470971466796875 0.393058435546875 0.467463943359375 0.3945706484375 0.466294498046875 0.39618091796875 0.46937207421875 0.39838608984375 0.472408052734375 0.398607451171875 0.47841836328125 0.395999451171875 0.492424220703125 0.39089033203125 0.499161841796875 0.388360443359375 0.502883494140625 0.38668526953125 0.508186173828125 0.386743212890625 0.5105741328125 0.386870533203125 0.510076244140625 0.3940873515625 0.502128462890625 0.39768373828125 0.49656032421875 0.3995969921875 0.484020388671875 0.400245966796875 0.47050608984375 0.397645521484375 0.464662140625 0.39541515625 0.46127335546875 0.38832401171875 0.465313962890625 0.38090630078125 0.481782625 0.380350771484375 0.510886716796875 0.381387099609375 0.529359953125 0.381833646484375 0.523543736328125
1 0.38668526953125 0.508186173828125 0.38655106640625 0.502655451171875 0.386725501953125 0.49945307421875 0.383855130859375 0.50008261328125 0.384629208984375 0.51469453125 0.38668526953125 0.508186173828125
1 0.382590685546875 0.550814701171875 0.383272091796875 0.5629611796875 0.383405810546875 0.563132357421875 0.38383037109375 0.55495040234375 0.3840723828125 0.54953680859375 0.38312138671875 0.53214197265625 0.3828918984375 0.5443817890625 0.382590685546875 0.550814701171875
7 0.377529673828125 0.574349208984375 0.384763310546875 0.575034248046875 0.38888951171875 0.54881959765625 0.3901071328125 0.510943322265625 0.394302646484375 0.48247946875 0.394841970703125 0.457018716796875 0.385179890625 0.446013123046875 0.377050365234375 0.451391458984375 0.376363109375 0.485794498046875 0.378703978515625 0.524795658203125 0.3760474765625 0.5531528203125 0.377529673828125 0.574349208984375
5 0.64860187109375 0.652655919921875 0.654427451171875 0.636445244140625 0.652797322265625 0.62419114453125 0.64087665625 0.608534548828125 0.629867392578125 0.60037151953125 0.62351586328125 0.60906074609375 0.626973279296875 0.624964791015625 0.638600673828125 0.647858546875 0.64860187109375 0.652655919921875
5 0.559452759765625 0.21134129296875 0.559233578125 0.210827552734375 0.568501548828125 0.19348417578125 0.572878041015625 0.1781062421875 0.57446702734375 0.1618474609375 0.569610857421875 0.15303604296875 0.563659509765625 0.1502230390625 0.555403576171875 0.162103810546875 0.545901939453125 0.18214598828125 0.5483825546875 0.19596773046875 0.553200064453125 0.20854936328125 0.559452759765625 0.21134129296875
7 0.7252904375 0.1965481171875 0.722058478515625 0.176319662109375 0.71351017578125 0.1666897265625 0.705106697265625 0.172122490234375 0.70498241796875 0.2006590078125 0.713330998046875 0.2377540390625 0.713910646484375 0.293694314453125 0.699385037109375 0.345845720703125 0.6853246875 0.365668326171875 0.6721360078125 0.371973123046875 0.6578577578125 0.37135744140625 0.6432099765625 0.35246560546875 0.6365558984375 0.317942896484375 0.6262795234375 0.296591990234375 0.62800676171875 0.3136992890625 0.63398629296875 0.33750033984375 0.6406437421875 0.363410166015625 0.652352453125 0.38358421875 0.670322314453125 0.385018455078125 0.690744375 0.3782078515625 0.707332298828125 0.3512108984375 0.719022181640625 0.32347975390625 0.726465912109375 0.26967016796875 0.722001861328125 0.2231534375 0.7252904375 0.1965481171875
7 0.828887951171875 0.45251819921875 0.7872316953125 0.424211521484375 0.723772576171875 0.369977388671875 0.690860845703125 0.3324465859375 0.686457068359375 0.321451068359375 0.675499703125 0.307683732421875 0.666987208984375 0.30289642578125 0.662123779296875 0.31131080859375 0.66223101171875 0.32583593359375 0.66994967578125 0.336600580078125 0.678422990234375 0.34515813671875 0.68682481640625 0.344032275390625 0.694580943359375 0.355332650390625 0.71947266015625 0.382119876953125 0.761462634765625 0.423860076171875 0.80933253515625 0.458730783203125 0.84842764453125 0.48506316015625 0.85972890625 0.48642629296875 0.8605636328125 0.472372720703125 0.828887951171875 0.45251819921875
7 0.67126126953125 0.248131544921875 0.676365623046875 0.18596200390625 0.677892080078125 0.132103958984375 0.668401974609375 0.109923962890625 0.650873142578125 0.080914009765625 0.638275416015625 0.068357564453125 0.62411936328125 0.071363474609375 0.62095859765625 0.096444126953125 0.628429267578125 0.111375111328125 0.64093133984375 0.127969361328125 0.65669087109375 0.14454930859375 0.660990328125 0.187749068359375 0.6596014453125 0.248987720703125 0.6506265703125 0.3477107421875 0.638048966796875 0.400325537109375 0.63507305859375 0.433455494140625 0.6454181171875 0.43542012890625 0.658605115234375 0.386121828125 0.6649850859375 0.3097527890625 0.67126126953125 0.248131544921875
2 0.5646260625 0.57275896484375 0.568241560546875 0.586615515625 0.576707921875 0.583336388671875 0.59684758984375 0.552365330078125 0.615010263671875 0.525563634765625 0.632928482421875 0.5222946484375 0.628798662109375 0.501082912109375 0.639726607421875 0.457318640625 0.63018541796875 0.445219541015625 0.61907261328125 0.480934509765625 0.58904912890625 0.532754146484375 0.56778309375 0.558428833984375 0.5646260625 0.57275896484375
5 0.143695208984375 0.90457898828125 0.13368555859375 0.89473287109375 0.119451037109375 0.909287201171875 0.11391069921875 0.927001083984375 0.127463015625 0.956023642578125 0.13993965625 0.941753740234375 0.145058109375 0.924069357421875 0.143695208984375 0.90457898828125
5 0.090159390625 0.800732716796875 0.098414404296875 0.816972361328125 0.11229983984375 0.815472330078125 0.11634305859375 0.796664845703125 0.109312103515625 0.7855133203125 0.101871427734375 0.78127016796875 0.09757693359375 0.7794532734375 0.09272643359375 0.778204326171875 0.08731953515625 0.781758669921875 0.089533814453125 0.800656724609375 0.090159390625 0.800732716796875
7 0.093809060546875 0.31672967578125 0.086586974609375 0.3147165234375 0.08390855859375 0.31691891015625 0.083338322265625 0.33307489453125 0.0882916953125 0.33973726171875 0.09841089453125 0.354181380859375 0.107077630859375 0.356597521484375 0.12776187890625 0.35263296484375 0.128013634765625 0.340023576171875 0.124425216796875 0.3251654765625 0.118752349609375 0.32505815625 0.105293732421875 0.32297802734375 0.100854693359375 0.3202662578125 0.093809060546875 0.31672967578125
7 0.82227442578125 0.423167296875 0.81627680859375 0.461885541015625 0.818091380859375 0.48783513671875 0.82743453125 0.496960251953125 0.835015267578125 0.493985310546875 0.838270779296875 0.4750157109375 0.841643673828125 0.444628630859375 0.84336565625 0.410284107421875 0.845314349609375 0.379181669921875 0.839906640625 0.36081786328125 0.8320397890625 0.366256728515625 0.82798387890625 0.39343177734375 0.82227442578125 0.423167296875
7 0.576541955078125 0.452286140625 0.57713930859375 0.42402655859375 0.57496348828125 0.392910873046875 0.565481392578125 0.355442150390625 0.5540716328125 0.3394611640625 0.53727473828125 0.320044818359375 0.51924916796875 0.30757740234375 0.50314215234375 0.29802678125 0.494547146484375 0.3161686796875 0.501421787109375 0.33475384375 0.522061904296875 0.34780140234375 0.529637482421875 0.3457457265625 0.541743625 0.35328813671875 0.54515371484375 0.365252552734375 0.5505292734375 0.399194513671875 0.55275571484375 0.437171529296875 0.55066383203125 0.468585642578125 0.5684730625 0.4902191796875 0.57248200390625 0.4678229375 0.576541955078125 0.452286140625
4 0.0263791484375 0.100724765625 0.0153268984375 0.108111875 0.00908293359375 0.10744580859375 0.006720216796875 0.103202138671875 0.00767244140625 0.099094224609375 0.023065462890625 0.097650279296875 0.027922517578125 0.096207955078125 0.024711078125 0.09459563671875 0.021601884765625 0.0944454921875 0.0142006875 0.09496303515625 0.0086501796875 0.0953511640625 0.0057711171875 0.098492056640625 0.0050490234375 0.105891005859375 0.009775197265625 0.111439654296875 0.015711623046875 0.110656978515625 0.02020885546875 0.109974939453125 0.03043869921875 0.102646267578125 0.0334979296875 0.09912521484375 0.03391129296875 0.093217173828125 0.032319890625 0.08818444140625 0.02335287109375 0.08403502734375 0.01685326171875 0.07971307421875 0.01256244921875 0.077441109375 0.010944279296875 0.0749822578125 0.010123001953125 0.07210012109375 0.00999637109375 0.0673325234375 0.013336890625 0.067834056640625 0.032275658203125 0.066877291015625 0.032022490234375 0.05863505859375 0.0134934140625 0.061209779296875 0.007813826171875 0.062708693359375 0.0067581640625 0.0682940859375 0.0069870390625 0.0745238515625 0.008912072265625 0.0813710625 0.017107712890625 0.08630861328125 0.02710249609375 0.090387087890625 0.03134215234375 0.09192750390625 0.031751197265625 0.097777107421875 0.0263791484375 0.100724765625
1 0.12174378125 0.342854873046875 0.122791775390625 0.33948188671875 0.122491564453125 0.33518866796875 0.12132215234375 0.33070283203125 0.115944107421875 0.331332296875 0.109092609375 0.3333345546875 0.1047261875 0.3341476015625 0.1023122890625 0.3343163984375 0.099739439453125 0.33221204296875 0.092340482421875 0.326385271484375 0.087816208984375 0.322895142578125 0.086182115234375 0.326054791015625 0.08939286328125 0.33115899609375 0.093545158203125 0.333406302734375 0.095301837890625 0.334045505859375 0.10055398828125 0.33773812890625 0.1093729140625 0.343465607421875 0.117500919921875 0.34543490234375 0.12174378125 0.342854873046875
1 0.829696828125 0.440835166015625 0.832521279296875 0.4432597890625 0.836455130859375 0.41937905859375 0.838442556640625 0.40140404296875 0.839841912109375 0.387667412109375 0.840468021484375 0.379754462890625 0.839552412109375 0.375097728515625 0.83808516015625 0.375200328125 0.8365793515625 0.378977533203125 0.8345888359375 0.4053454296875 0.830432998046875 0.434488724609375 0.829696828125 0.440835166015625