7 0.792185416015625 0.025482408203125 0.773097916015625 0.02445462890625 0.7621078125 0.03679537109375 0.763265103515625 0.057364814453125 0.778303646484375 0.061478703125 0.800283333984375 0.059421296875 0.8309390625 0.055307408203125 0.866221875 0.042966666015625 0.898034375 0.031653703125 0.923955208984375 0.005912037109375 0.921170833984375 0 0.893407291015625 0.019312037109375 0.857545833984375 0.028567591796875 0.816478646484375 0.034738888671875 0.792185416015625 0.025482408203125
5 0.600731771484375 0.02342592578125 0.608251041015625 0.048108333984375 0.6094078125 0.049137037109375 0.626760416015625 0.041937962890625 0.63775 0.030625 0.638328646484375 0.00902777734375 0.629073958984375 0.003885185546875 0.613456771484375 0.0100555546875 0.600731771484375 0.02342592578125
7 0.490833853515625 0.243512962890625 0.505872396484375 0.241456482421875 0.508186458984375 0.221915740234375 0.5012453125 0.20134722265625 0.494304166015625 0.18694907421875 0.4659625 0.095416666015625 0.428365625 0.02445462890625 0.395975 0 0.387842708984375 0.0047555546875 0.414483853515625 0.03885277734375 0.441669271484375 0.085132408203125 0.4659625 0.14169722265625 0.481579166015625 0.192090740234375 0.4821578125 0.22602962890625 0.490833853515625 0.243512962890625
6 0.442826041015625 0.02342592578125 0.467697396484375 0.070734259765625 0.492569271484375 0.110843517578125 0.505294271484375 0.145811111328125 0.508186458984375 0.18694907421875 0.496618228515625 0.244541666015625 0.472903125 0.311390740234375 0.481001041015625 0.319618517578125 0.488689583984375 0.3043305546875 0.501823958984375 0.266138888671875 0.519176041015625 0.181806482421875 0.517440625 0.131412962890625 0.5012453125 0.089246296875 0.447453125 0.00902777734375 0.442826041015625 0.02342592578125
7 0.655807291015625 0.371428703125 0.679157291015625 0.3918231484375 0.702507291015625 0.4457231484375 0.7033265625 0.469031482421875 0.713977603515625 0.491611111328125 0.727086458984375 0.49015462890625 0.7307734375 0.468303703125 0.717664583984375 0.44135277734375 0.707422916015625 0.42897037109375 0.687759896484375 0.37507037109375 0.643108333984375 0.3495768515625 0.615252083984375 0.3532194453125 0.6009140625 0.37507037109375 0.593540625 0.40784722265625 0.597636978515625 0.4471805546875 0.611975 0.479228703125 0.6156703125 0.468665740234375 0.608288021484375 0.4471805546875 0.6029625 0.423143517578125 0.603372396484375 0.398378703125 0.6144328125 0.373613888671875 0.632866666015625 0.363416666015625 0.655807291015625 0.371428703125
7 0.878246875 0.40274907421875 0.858583853515625 0.36632962890625 0.827040625 0.3226268515625 0.823354166015625 0.33355277734375 0.849571353515625 0.374341666015625 0.8712828125 0.412946296875 0.878656771484375 0.4464518515625 0.867186458984375 0.502537037109375 0.84998125 0.5280305546875 0.818847916015625 0.53822777734375 0.795497916015625 0.534586111328125 0.783208333984375 0.5418694453125 0.784846875 0.556437037109375 0.788467708984375 0.568607408203125 0.8151609375 0.560807408203125 0.845475 0.55279537109375 0.868825 0.5309444453125 0.8798859375 0.494525 0.883572396484375 0.4471805546875 0.878246875 0.40274907421875
7 0.856535416015625 0.45462777734375 0.867596353515625 0.441516666015625 0.879066146484375 0.418937037109375 0.874560416015625 0.4007268515625 0.868005728515625 0.397085185546875 0.853258333984375 0.429134259765625 0.823763541015625 0.39052962890625 0.792220833984375 0.312593517578125 0.7733765625 0.246310185546875 0.7664125 0.215718517578125 0.772557291015625 0.144337037109375 0.764506771484375 0.155963888671875 0.760677603515625 0.193866666015625 0.758629166015625 0.236841666015625 0.775834896484375 0.305309259765625 0.8077875 0.385431482421875 0.832776041015625 0.4320481484375 0.856535416015625 0.45462777734375
6 0.958947916015625 0.5963805546875 0.949116666015625 0.511887962890625 0.936827083984375 0.517715740234375 0.94338125 0.5563194453125 0.947068228515625 0.6116768515625 0.9364171875 0.66412037109375 0.9224890625 0.6808731484375 0.8991390625 0.678687962890625 0.878246875 0.656836111328125 0.85899375 0.645182408203125 0.840559375 0.656107408203125 0.8511359375 0.670186111328125 0.863090103515625 0.6648481484375 0.8852109375 0.679415740234375 0.916754166015625 0.70272407421875 0.9364171875 0.688156482421875 0.949526041015625 0.647367591796875 0.958947916015625 0.5963805546875
1 0.890946353515625 0.5156481484375 0.891765625 0.535313888671875 0.902416146484375 0.546239814453125 0.910578125 0.54157407421875 0.910609375 0.512734259765625 0.8987296875 0.475587037109375 0.881114583984375 0.442081482421875 0.874150521484375 0.448637037109375 0.884391666015625 0.47777222265625 0.890946353515625 0.5156481484375
7 0.851268228515625 0.858362037109375 0.851268228515625 0.886040740234375 0.854955208984375 0.911534259765625 0.865196353515625 0.921731482421875 0.875847396484375 0.89987962890625 0.8701125 0.870015740234375 0.861919271484375 0.853262962890625 0.851268228515625 0.858362037109375
7 0.9438421875 0.912990740234375 0.932371875 0.918088888671875 0.930323958984375 0.934113888671875 0.935648958984375 0.9530518515625 0.9438421875 0.971989814453125 0.945480728515625 0.981458333984375 0.946980728515625 0.99907407421875 0.9553125 0.99907407421875 0.953673958984375 0.9676194453125 0.954493228515625 0.9523231484375 0.9528546875 0.929014814453125 0.9438421875 0.912990740234375
2 0.7341015625 0.749833333984375 0.740084375 0.758658333984375 0.7484390625 0.751289814453125 0.751716666015625 0.7359944453125 0.745571875 0.725796296875 0.736969271484375 0.72142592578125 0.732872396484375 0.738907408203125 0.7341015625 0.749833333984375
7 0.564096875 0.726407408203125 0.571880208984375 0.6644944453125 0.574747916015625 0.632446296875 0.573109375 0.602582408203125 0.5620484375 0.609137962890625 0.557952083984375 0.636816666015625 0.560819791015625 0.66667962890625 0.556313541015625 0.70965462890625 0.537469791015625 0.740975 0.521083853515625 0.754813888671875 0.502649478515625 0.748987037109375 0.485853646484375 0.7315055546875 0.460455728515625 0.689260185546875 0.444479166015625 0.658667591796875 0.443659896484375 0.679790740234375 0.458407291015625 0.706740740234375 0.476841666015625 0.743887962890625 0.4960953125 0.765739814453125 0.518216146484375 0.770110185546875 0.537879166015625 0.76282592578125 0.564096875 0.726407408203125
7 0.671425 0.814541666015625 0.686582291015625 0.810171296875 0.686582291015625 0.792689814453125 0.6783890625 0.780307408203125 0.662822396484375 0.780307408203125 0.650942708984375 0.78467777734375 0.621857291015625 0.7730231484375 0.5870375 0.765739814453125 0.565735416015625 0.7620981484375 0.555084375 0.752628703125 0.546072396484375 0.732962962890625 0.549759375 0.705284259765625 0.55918125 0.669593517578125 0.553445833984375 0.6652231484375 0.5427953125 0.6921731484375 0.537879166015625 0.728592591796875 0.540746875 0.752628703125 0.551397916015625 0.771566666015625 0.567747916015625 0.7775 0.584169791015625 0.77885092578125 0.606700521484375 0.780307408203125 0.626363541015625 0.7890481484375 0.646027083984375 0.797060185546875 0.657496875 0.80507222265625 0.671425 0.814541666015625
6 0.718534896484375 0.737214814453125 0.671425 0.79257222265625 0.629640625 0.86759537109375 0.6128453125 0.9666555546875 0.611616146484375 0.99907407421875 0.620278646484375 0.997861111328125 0.6222671875 0.968112037109375 0.634146875 0.898187037109375 0.665690103515625 0.82462037109375 0.700919791015625 0.7758194453125 0.7246796875 0.74959722265625 0.718534896484375 0.737214814453125
7 0.633763021484375 0.971025 0.628027603515625 0.957186111328125 0.611641666015625 0.973210185546875 0.605906771484375 0.967383333984375 0.5981234375 0.95572962890625 0.584605208984375 0.957186111328125 0.578050521484375 0.9666555546875 0.578460416015625 0.985592591796875 0.5853859375 0.9962231484375 0.594027083984375 0.99907407421875 0.608364583984375 0.99907407421875 0.617377083984375 0.9936055546875 0.631714583984375 0.98705 0.633763021484375 0.971025
7 0.38981875 0.914257408203125 0.3918671875 0.901875 0.378758333984375 0.894590740234375 0.350492708984375 0.900418517578125 0.342709375 0.93319537109375 0.338203125 0.9616018515625 0.341890103515625 0.974712962890625 0.348871353515625 0.976789814453125 0.357046875 0.959416666015625 0.358685416015625 0.936108333984375 0.3640109375 0.925911111328125 0.374252083984375 0.9222694453125 0.38981875 0.914257408203125
2 0.4875703125 0.859418517578125 0.495098958984375 0.854484259765625 0.495508333984375 0.838460185546875 0.4897734375 0.82607777734375 0.482809375 0.83190462890625 0.4803515625 0.849386111328125 0.4875703125 0.859418517578125
6 0.141278125 0.87415092578125 0.098264583984375 0.936791666015625 0.109325521484375 0.942618517578125 0.1343140625 0.91275462890625 0.155615625 0.893088888671875 0.169134375 0.887261111328125 0.190026041015625 0.9120268515625 0.201086978515625 0.936062962890625 0.2043640625 0.968112037109375 0.200267708984375 0.99907407421875 0.2129375 0.997861111328125 0.215834375 0.969568517578125 0.208051041015625 0.9265944453125 0.196170833984375 0.893816666015625 0.180194791015625 0.874878703125 0.162989583984375 0.8697805546875 0.141278125 0.87415092578125
6 0.3907546875 0.973938888671875 0.398128125 0.979037962890625 0.41205625 0.95572962890625 0.4399125 0.936791666015625 0.464081771484375 0.941889814453125 0.4837453125 0.9666555546875 0.491938021484375 0.98777777734375 0.499721353515625 0.99907407421875 0.506685416015625 0.998703703125 0.499721353515625 0.973210185546875 0.480467708984375 0.941162037109375 0.463672396484375 0.920766666015625 0.443189583984375 0.920038888671875 0.420249478515625 0.930236111328125 0.3907546875 0.973938888671875
7 0.067616146484375 0.90309907421875 0.068002603515625 0.883158333984375 0.061041666015625 0.87697037109375 0.049440625 0.881096296875 0.033971875 0.890034259765625 0.025464583984375 0.898286111328125 0 0.91135 0.0000484375 0.92419907421875 0.013089583984375 0.918913888671875 0.024304166015625 0.91547592578125 0.037452603515625 0.907912037109375 0.0471203125 0.912037962890625 0.058721353515625 0.912725 0.067616146484375 0.90309907421875
7 0.156559375 0.683756482421875 0.132583333984375 0.66037777734375 0.114794791015625 0.647313888671875 0.0854046875 0.64800092578125 0.064522396484375 0.64525092578125 0.049440625 0.6246231484375 0.0424796875 0.632186111328125 0.057561458984375 0.655564814453125 0.083084375 0.66037777734375 0.1144078125 0.664503703125 0.139930728515625 0.6823805546875 0.156172916015625 0.706446296875 0.162746875 0.729137037109375 0.163133333984375 0.766267591796875 0.160039583984375 0.784832408203125 0.1542390625 0.80064722265625 0.152305728515625 0.8199 0.150758853515625 0.838464814453125 0.159266666015625 0.845340740234375 0.1666140625 0.839839814453125 0.17048125 0.821962962890625 0.17048125 0.798584259765625 0.170094271484375 0.7772694453125 0.171641146484375 0.72569907421875 0.156559375 0.683756482421875
5 0.064685416015625 0 0.055821875 0.0087194453125 0.0506265625 0.020131482421875 0.0485109375 0.038571296875 0.05735 0.0473018515625 0.06651875 0.040237962890625 0.073853646484375 0.02882592578125 0.0781328125 0.01469722265625 0.074159375 0.0021981484375 0.064685416015625 0
5 0.29206875 0.2298018515625 0.285039583984375 0.228171296875 0.279538541015625 0.239039814453125 0.2792328125 0.25262592578125 0.281249478515625 0.2647018515625 0.29206875 0.275992591796875 0.302765625 0.280883333984375 0.3082671875 0.272731482421875 0.3113234375 0.25860277734375 0.3052109375 0.245017591796875 0.29206875 0.2298018515625
5 0.145675521484375 0.2221944453125 0.144758333984375 0.202631482421875 0.142619271484375 0.18687222265625 0.135589583984375 0.1808944453125 0.127923958984375 0.192584259765625 0.126420833984375 0.214042591796875 0.125809896484375 0.229258333984375 0.128560416015625 0.241213888671875 0.135589583984375 0.243387037109375 0.143230208984375 0.239039814453125 0.145675521484375 0.2221944453125
7 0.269147396484375 0.303706482421875 0.274036978515625 0.322182408203125 0.288707291015625 0.3249 0.295430728515625 0.308053703125 0.2899296875 0.289034259765625 0.2761765625 0.27164537109375 0.257227603515625 0.220563888671875 0.210772916015625 0.1042731484375 0.18540625 0.059712962890625 0.162790103515625 0.04667037109375 0.149036978515625 0.05862592578125 0.1588171875 0.074385185546875 0.1588640625 0.072185185546875 0.168291666015625 0.066233333984375 0.1939640625 0.101012037109375 0.218719271484375 0.15970092578125 0.238584896484375 0.210782408203125 0.264257291015625 0.283056482421875 0.269147396484375 0.303706482421875
7 0.1305171875 0.289533333984375 0.1320453125 0.311812962890625 0.13601875 0.323768517578125 0.138769271484375 0.343875 0.1473265625 0.35582962890625 0.150688541015625 0.36072037109375 0.143047916015625 0.365067591796875 0.130211458984375 0.359090740234375 0.115541666015625 0.343331482421875 0.099038021484375 0.32105092578125 0.083145833984375 0.30855277734375 0.066336458984375 0.309096296875 0.0559453125 0.32105092578125 0.050138541015625 0.3422444453125 0.051971875 0.367241666015625 0.0574734375 0.3666981484375 0.057167708984375 0.347678703125 0.0590015625 0.330832408203125 0.067864583984375 0.32105092578125 0.081311978515625 0.318334259765625 0.103316666015625 0.338984259765625 0.123488021484375 0.36615462890625 0.1396859375 0.37484907421875 0.153133333984375 0.37647962890625 0.160468228515625 0.37104537109375 0.161385416015625 0.3563731484375 0.155578646484375 0.34822222265625 0.148243228515625 0.33952777734375 0.1442703125 0.328659259765625 0.1412140625 0.31724722265625 0.1473265625 0.3042055546875 0.1488546875 0.279208333984375 0.148243228515625 0.258014814453125 0.143659375 0.248233333984375 0.1351015625 0.252037037109375 0.131128646484375 0.261818517578125 0.1305171875 0.289533333984375
7 0.2068 0.262687037109375 0.211078646484375 0.29692222265625 0.211995833984375 0.32735277734375 0.2006875 0.35669722265625 0.187545833984375 0.373543517578125 0.171653125 0.376260185546875 0.157900521484375 0.3713694453125 0.142619271484375 0.35235 0.122447916015625 0.30942037109375 0.120308853515625 0.289313888671875 0.1145015625 0.271381482421875 0.105638541015625 0.261056482421875 0.096775521484375 0.268663888671875 0.097692708984375 0.28659722265625 0.105333333984375 0.303986111328125 0.113890625 0.315941666015625 0.123059375 0.336591666015625 0.1358953125 0.365936111328125 0.161614583984375 0.38510092578125 0.187240103515625 0.387128703125 0.2068 0.36865277734375 0.217496875 0.338221296875 0.220247396484375 0.30289907421875 0.211078646484375 0.25725277734375 0.2068 0.262687037109375
7 0.166152083984375 0.47407592578125 0.1572890625 0.4474481484375 0.1450640625 0.4333194453125 0.125809896484375 0.392562962890625 0.109000521484375 0.3360481484375 0.10319375 0.281706482421875 0.113279166015625 0.227364814453125 0.1282546875 0.204243517578125 0.123059375 0.192287962890625 0.109000521484375 0.217828703125 0.094941666015625 0.26727962890625 0.101054166015625 0.326512037109375 0.106609896484375 0.374711111328125 0.1190859375 0.403431482421875 0.136201041015625 0.442557408203125 0.1420078125 0.464837037109375 0.148426041015625 0.484943517578125 0.159122916015625 0.490921296875 0.166152083984375 0.47407592578125
2 0.121225521484375 0.266117591796875 0.124830208984375 0.276925 0.132228125 0.276985185546875 0.135589583984375 0.268290740234375 0.133144791015625 0.2547055546875 0.126420833984375 0.253618517578125 0.121225521484375 0.266117591796875
7 0.4067140625 0.643439814453125 0.4256625 0.625507408203125 0.430552603515625 0.60377037109375 0.4250515625 0.58855462890625 0.4128265625 0.59724907421875 0.403352083984375 0.6200731484375 0.397239583984375 0.642896296875 0.381041666015625 0.664089814453125 0.363620833984375 0.6760444453125 0.3410046875 0.66952407421875 0.327557291015625 0.65267777734375 0.3128875 0.621159259765625 0.3092203125 0.588011111328125 0.315638021484375 0.548341666015625 0.317471875 0.52714907421875 0.310136978515625 0.524975 0.306469271484375 0.5477981484375 0.301273958984375 0.589641666015625 0.302802083984375 0.622789814453125 0.307080728515625 0.643983333984375 0.312083333984375 0.652789814453125 0.326029166015625 0.673871296875 0.344366666015625 0.6863694453125 0.36484375 0.6896305546875 0.3807359375 0.684196296875 0.3990734375 0.66300277734375 0.4067140625 0.643439814453125
7 0.422483333984375 0.5684481484375 0.437764583984375 0.5766 0.443571353515625 0.567361111328125 0.445099478515625 0.546712037109375 0.438069791015625 0.5374731484375 0.425539583984375 0.534212962890625 0.417593228515625 0.534212962890625 0.4120921875 0.538560185546875 0.3861140625 0.5266055546875 0.356163021484375 0.524431482421875 0.331102083984375 0.521171296875 0.274561458984375 0.500521296875 0.232996875 0.47172037109375 0.231163021484375 0.484218517578125 0.250722916015625 0.498890740234375 0.3008453125 0.528778703125 0.331407291015625 0.53312592578125 0.365942708984375 0.535843517578125 0.3968109375 0.54127777734375 0.409341666015625 0.552688888671875 0.422483333984375 0.5684481484375
7 0.339353646484375 0.486392591796875 0.350661978515625 0.484762037109375 0.3534125 0.47335092578125 0.3534125 0.461938888671875 0.343632291015625 0.4532444453125 0.328351041015625 0.448353703125 0.323155728515625 0.449439814453125 0.29534375 0.43585462890625 0.271199478515625 0.436941666015625 0.2381921875 0.466286111328125 0.227190103515625 0.511933333984375 0.22535625 0.54997222265625 0.242471353515625 0.615182408203125 0.2473609375 0.611921296875 0.243082291015625 0.5956194453125 0.235747396484375 0.559753703125 0.2336078125 0.529865740234375 0.234219271484375 0.503237962890625 0.243082291015625 0.4853055546875 0.251684375 0.474941666015625 0.261725521484375 0.46139537109375 0.282202083984375 0.4505268515625 0.305123958984375 0.455417591796875 0.317959896484375 0.46519907421875 0.326822916015625 0.476611111328125 0.339353646484375 0.486392591796875
7 0.384891666015625 0.558666666015625 0.389476041015625 0.544537962890625 0.386419791015625 0.522258333984375 0.374805728515625 0.515193517578125 0.361969791015625 0.513562962890625 0.343021353515625 0.494 0.327740103515625 0.478784259765625 0.308180208984375 0.470633333984375 0.286175 0.4776981484375 0.271505208984375 0.500521296875 0.2580578125 0.536387037109375 0.256835416015625 0.568991666015625 0.262947916015625 0.565187962890625 0.267532291015625 0.529865740234375 0.2733390625 0.511933333984375 0.2840359375 0.49617407421875 0.289156771484375 0.49205462890625 0.299011458984375 0.486936111328125 0.318877083984375 0.48747962890625 0.339659375 0.507586111328125 0.356163021484375 0.5266055546875 0.368082291015625 0.54997222265625 0.384891666015625 0.558666666015625
4 0.153747396484375 0.357892591796875 0.1561109375 0.36279537109375 0.154929166015625 0.36804722265625 0.150990103515625 0.3697981484375 0.134841146484375 0.36629722265625 0.121843228515625 0.357542591796875 0.112784375 0.344936111328125 0.103921875 0.3316305546875 0.095059375 0.320775 0.086591146484375 0.31517222265625 0.0755625 0.31132037109375 0.069851041015625 0.31412222265625 0.06551875 0.3172731484375 0.0609890625 0.32252592578125 0.055474478515625 0.329178703125 0.053898958984375 0.339334259765625 0.053898958984375 0.356491666015625 0.054292708984375 0.360343517578125 0.056261978515625 0.36244537109375 0.055474478515625 0.343186111328125 0.055868228515625 0.334781482421875 0.058034375 0.32987962890625 0.060003646484375 0.32742777734375 0.0667 0.31902407421875 0.0726078125 0.31832407421875 0.078516146484375 0.3165731484375 0.083045833984375 0.3172731484375 0.088559896484375 0.320775 0.097619271484375 0.327778703125 0.113571353515625 0.350538888671875 0.1246 0.36419537109375 0.134840625 0.3690981484375 0.148035416015625 0.3733 0.155322396484375 0.37365 0.1594578125 0.365946296875 0.1588671875 0.356491666015625 0.150989583984375 0.347737962890625 0.1446875 0.338633333984375 0.141930208984375 0.320075 0.141733333984375 0.3088694453125 0.137697396484375 0.308234259765625 0.138977083984375 0.32287592578125 0.141340103515625 0.336882408203125 0.144491146484375 0.344586111328125 0.1464609375 0.348437962890625 0.150202603515625 0.356141666015625 0.153747396484375 0.357892591796875
8 0.3602703125 0.515857408203125 0.35554375 0.5116555546875 0.354331771484375 0.511885185546875 0.353968228515625 0.517258333984375 0.353968228515625 0.519009259765625 0.356725521484375 0.523911111328125 0.3604671875 0.525662037109375 0.362830728515625 0.519709259765625 0.3602703125 0.515857408203125
1 0.386460416015625 0.910741666015625 0.386266666015625 0.9066018515625 0.381416146484375 0.903841666015625 0.372684896484375 0.904532408203125 0.365894271484375 0.9066018515625 0.3577453125 0.912121296875 0.350372916015625 0.917986111328125 0.349014583984375 0.924886111328125 0.3511828125 0.926835185546875 0.355029166015625 0.929715740234375 0.367446353515625 0.921090740234375 0.3732671875 0.92040092578125 0.381609896484375 0.91522592578125 0.386460416015625 0.910741666015625
1 0.624039583984375 0.985313888671875 0.629282291015625 0.980778703125 0.632399478515625 0.972716666015625 0.631691146484375 0.96667037109375 0.628006771484375 0.962639814453125 0.624747916015625 0.961883333984375 0.6223390625 0.965158333984375 0.619221875 0.972716666015625 0.616813541015625 0.975487962890625 0.614121353515625 0.980275 0.609586978515625 0.985817591796875 0.607319791015625 0.995390740234375 0.610153646484375 0.99387962890625 0.614263021484375 0.988085185546875 0.620497396484375 0.985313888671875 0.624039583984375 0.985313888671875
1 0.859620833984375 0.90932037109375 0.861328125 0.914012962890625 0.8653640625 0.913460185546875 0.868934375 0.90932037109375 0.8701765625 0.8982805546875 0.869244791015625 0.8886194453125 0.866916666015625 0.8767518515625 0.8639671875 0.864331482421875 0.861483333984375 0.8610194453125 0.859155208984375 0.86129537109375 0.8581734375 0.867559259765625 0.859310416015625 0.8778555546875 0.859776041015625 0.8825481484375 0.860396875 0.88917222265625 0.85993125 0.8974518515625 0.859465625 0.901592591796875 0.859620833984375 0.90932037109375
1 0.887291666015625 0.461685185546875 0.88166875 0.450258333984375 0.879258333984375 0.45340092578125 0.881026041015625 0.463113888671875 0.886327603515625 0.473112037109375 0.893184375 0.494965740234375 0.896610416015625 0.4973944453125 0.898056771484375 0.491681482421875 0.897092708984375 0.484825 0.8908265625 0.4722555546875 0.887291666015625 0.461685185546875
4 0.798314583984375 0.3453268515625 0.782890103515625 0.302762037109375 0.777588541015625 0.285621296875 0.771965103515625 0.254768517578125 0.764574478515625 0.21934537109375 0.769072916015625 0.160210185546875 0.7679484375 0.157925 0.763128125 0.214137962890625 0.762806771484375 0.222707408203125 0.7632890625 0.227278703125 0.765538541015625 0.238134259765625 0.771804166015625 0.266737037109375 0.7798375 0.301875 0.796836458984375 0.350558333984375 0.8053515625 0.3685555546875 0.826559896484375 0.41197777734375 0.8426265625 0.436546296875 0.853230728515625 0.44454537109375 0.853422916015625 0.439391666015625 0.8421765625 0.42882222265625 0.823699478515625 0.39939722265625 0.806990103515625 0.366181482421875 0.798314583984375 0.3453268515625
3 0.386347916015625 0.6656305546875 0.3833953125 0.666557408203125 0.3800953125 0.670571296875 0.374857291015625 0.675787037109375 0.379401041015625 0.678909259765625 0.382700521484375 0.676438888671875 0.386347916015625 0.673968517578125 0.389300521484375 0.670262962890625 0.386347916015625 0.6656305546875