5 0.288103173828125 0.740784607421875 0.292954494140625 0.7520180625 0.299204259765625 0.764291353515625 0.30545341015625 0.776565509765625 0.315303740234375 0.77849367578125 0.32461899609375 0.76160076953125 0.3265697109375 0.74304096484375 0.321128734375 0.7326393203125 0.314070275390625 0.71849346484375 0.3054932109375 0.714017767578125 0.294959888671875 0.713804455078125 0.2897752421875 0.72487594140625 0.288103173828125 0.740784607421875
5 0.061259869140625 0.41222685546875 0.05414128125 0.403436458984375 0.03795883984375 0.41871380859375 0.033800984375 0.434361208984375 0.030609697265625 0.459940904296875 0.039001029296875 0.46618371875 0.045775818359375 0.46868334765625 0.0513976953125 0.463018666015625 0.059313986328125 0.445085869140625 0.06216640625 0.42751369140625 0.061259869140625 0.41222685546875
5 0.37167714453125 0.376046466796875 0.38106290234375 0.38239473046875 0.3905087890625 0.383387533203125 0.39587926171875 0.3705480078125 0.40047434765625 0.360307412109375 0.403889083984375 0.351730326171875 0.405282505859375 0.338472796875 0.402048056640625 0.330984423828125 0.395552431640625 0.325833708984375 0.386046416015625 0.3301963671875 0.378468380859375 0.34012251171875 0.37263343359375 0.357381212890625 0.37167714453125 0.376046466796875
5 0.396577751953125 0.411726228515625 0.3880936015625 0.406366513671875 0.37535313671875 0.403240798828125 0.365814337890625 0.403132013671875 0.35985378515625 0.416802375 0.3676925625 0.44264758984375 0.382115564453125 0.45846034765625 0.393364146484375 0.46143019140625 0.39599794921875 0.44115461328125 0.396085935546875 0.4259723046875 0.396577751953125 0.411726228515625
5 0.405531919921875 0.16871614453125 0.40711107421875 0.153691498046875 0.396479908203125 0.14006391796875 0.39206572265625 0.134238189453125 0.379636791015625 0.13293185546875 0.371250482421875 0.140986408203125 0.36485269921875 0.149249962890625 0.367376201171875 0.16828095703125 0.375177876953125 0.17535558203125 0.38366202734375 0.180715294921875 0.3914308203125 0.1833193984375 0.402832447265625 0.180049763671875 0.405531919921875 0.16871614453125
5 0.581312783203125 0.375740087890625 0.58377123046875 0.385828255859375 0.599805654296875 0.39108775 0.6059246953125 0.385476255859375 0.610923609375 0.37617188671875 0.6159225234375 0.366867517578125 0.6180918515625 0.3510111171875 0.615262365234375 0.34445816015625 0.611219740234375 0.3350972734375 0.602363509765625 0.333272662109375 0.5909017578125 0.3418977578125 0.58571659375 0.3529691875 0.580936197265625 0.36497787890625 0.581312783203125 0.375740087890625
5 0.686976017578125 0.436887466796875 0.68986122265625 0.423786732421875 0.68985577734375 0.409488388671875 0.687955138671875 0.394098001953125 0.683508169921875 0.383800830078125 0.675340474609375 0.394558787109375 0.66959844140625 0.410933466796875 0.67106729296875 0.435215392578125 0.67967714453125 0.444162529296875 0.686976017578125 0.436887466796875
7 0.113023642578125 0.670554642578125 0.102156994140625 0.69264626953125 0.105019365234375 0.70366974609375 0.119939533203125 0.7195356875 0.1260580546875 0.71392413671875 0.1359962734375 0.70067091796875 0.14428422265625 0.679202041015625 0.1537852109375 0.660542017578125 0.158997810546875 0.639642765625 0.156632181640625 0.6286715 0.144389595703125 0.6255971796875 0.1289224140625 0.643631064453125 0.118891896484375 0.6577674375 0.113023642578125 0.670554642578125
7 0.88748222265625 0.85343071875 0.8726002890625 0.85633455859375 0.858526626953125 0.861109990234375 0.841841900390625 0.8620377109375 0.83358129296875 0.873679685546875 0.828926177734375 0.889274822265625 0.843037650390625 0.9032681953125 0.85248353515625 0.904260998046875 0.858913587890625 0.900468830078125 0.86468892578125 0.888565642578125 0.87916651171875 0.88472551953125 0.891655478515625 0.8806773125 0.9026532734375 0.87647144921875 0.910514462890625 0.878191478515625 0.911629240234375 0.8675850859375 0.91156418359375 0.858642259765625 0.908734177734375 0.852089248046875 0.901774078125 0.851357712890625 0.88748222265625 0.85343071875
7 0.765887759765625 0.67126065234375 0.778038048828125 0.675218125 0.789472458984375 0.6764199296875 0.789374619140625 0.66300566015625 0.783965814453125 0.65707632421875 0.762369736328125 0.65212512890625 0.74242331640625 0.65539045703125 0.724033732421875 0.667755400390625 0.7143747734375 0.678356619140625 0.694034478515625 0.709281369140625 0.678605529296875 0.746085033203125 0.66904389453125 0.770100462890625 0.6665035234375 0.789492076171875 0.6643063359375 0.815175326171875 0.663289919921875 0.839196041015625 0.662268056640625 0.8489184140625 0.662212955078125 0.868571240234375 0.662436498046875 0.8855729296875 0.670238078125 0.892648470703125 0.6762965703125 0.892391458984375 0.68241570703125 0.886779041015625 0.684431994140625 0.877162119140625 0.685360943359375 0.868323765625 0.683552798828125 0.852048384765625 0.680690427734375 0.841024908203125 0.680117736328125 0.8034331875 0.682936751953125 0.781390435546875 0.692623666015625 0.760961453125 0.698677134765625 0.74640707421875 0.707184216796875 0.72764165625 0.72031803515625 0.703107892578125 0.73385672265625 0.67951046875 0.74780477734375 0.6711466953125 0.765887759765625 0.67126065234375
7 0.932049466796875 0.8263380703125 0.922161421875 0.80564017578125 0.913333052734375 0.79398871875 0.89030573828125 0.78352624609375 0.86625656640625 0.78278614453125 0.838699322265625 0.79150617578125 0.816054041015625 0.80610425390625 0.791573177734375 0.814254771484375 0.75799525390625 0.842000623046875 0.807738234375 0.8373999765625 0.8639341953125 0.804882029296875 0.899915041015625 0.806876197265625 0.919598119140625 0.849156923828125 0.916713431640625 0.86225771484375 0.9188599296875 0.870525525390625 0.922033732421875 0.883369302734375 0.924803708984375 0.89527685546875 0.9307419453125 0.905730763671875 0.936735380859375 0.896530923828125 0.943007462890625 0.884679947265625 0.942691005859375 0.868562279296875 0.936375666015625 0.84734610546875 0.932049466796875 0.8263380703125
7 0.673368818359375 0.35592717578125 0.666770421875 0.323063908203125 0.657909169921875 0.306941927734375 0.65001467578125 0.300750404296875 0.65020594921875 0.31328070703125 0.66445298046875 0.359458076171875 0.66890990625 0.398350900390625 0.660042251953125 0.44924723828125 0.64461340234375 0.486049982421875 0.633003115234375 0.515211869140625 0.6011955234375 0.540464294921875 0.583953501953125 0.5466942890625 0.568825193359375 0.556720654296875 0.558887490234375 0.5699739296875 0.561318078125 0.589888943359375 0.57806837890625 0.59790410546875 0.595774875 0.587254931640625 0.60614478125 0.565111095703125 0.613132125 0.55601665234375 0.6416184140625 0.538457345703125 0.657423751953125 0.512417734375 0.66648822265625 0.488349119140625 0.674028025390625 0.45965319140625 0.6765689140625 0.4402616328125 0.6780119921875 0.393052935546875 0.676886841796875 0.37506269921875 0.673368818359375 0.35592717578125
7 0.604403681640625 0.218213947265625 0.631905822265625 0.2291467421875 0.6583752109375 0.221205228515625 0.6892816171875 0.19496523046875 0.71160551171875 0.1499511953125 0.717965060546875 0.122917857421875 0.704333978515625 0.14739935546875 0.69383837109375 0.165955771484375 0.684212201171875 0.1810284296875 0.66883793359375 0.19817829296875 0.657157662109375 0.204099064453125 0.642182814453125 0.20788692578125 0.625683396484375 0.20704655078125 0.60622930859375 0.19606585546875 0.584191072265625 0.1714095703125 0.583503056640625 0.158827056640625 0.57955334375 0.148582150390625 0.574111849609375 0.138180453125 0.56920082421875 0.132303435546875 0.561027685546875 0.128763046875 0.5541654296875 0.141445779296875 0.553209140625 0.160111033203125 0.56523865625 0.174779369140625 0.580409705078125 0.1978201015625 0.604403681640625 0.218213947265625
7 0.43083257421875 0.513791884765625 0.4254242890625 0.5078626015625 0.418742931640625 0.5044790078125 0.414738021484375 0.513887849609375 0.413065953125 0.529796517578125 0.40720314453125 0.556882064453125 0.398756708984375 0.570292076171875 0.388632759765625 0.585312416015625 0.378504302734375 0.58603544140625 0.367539388671875 0.594711826171875 0.357945388671875 0.6142567890625 0.364446041015625 0.633704869140625 0.3825295390625 0.633818880859375 0.395821849609375 0.61734398046875 0.407311458984375 0.5988920390625 0.416965490234375 0.57399253515625 0.4308702890625 0.53256161328125 0.43083257421875 0.513791884765625
6 0.677450546875 0.172579060546875 0.679787763671875 0.217618244140625 0.674122845703125 0.267315939453125 0.663125603515625 0.304666396484375 0.63849527734375 0.3413697421875 0.645767798828125 0.3562791953125 0.657619005859375 0.340236583984375 0.67526140625 0.307421322265625 0.684205484375 0.27230553125 0.69273861328125 0.220551005859375 0.6904256015625 0.16687071875 0.6675420859375 0.119672962890625 0.648193677734375 0.10192178125 0.6194817734375 0.105977044921875 0.62058089453125 0.12495236328125 0.6404972890625 0.124688302734375 0.659379875 0.138460666015625 0.677450546875 0.172579060546875
7 0.4019365859375 0.514132556640625 0.390367525390625 0.5678555234375 0.391905708984375 0.59731751953125 0.403005455078125 0.660748388671875 0.4394551015625 0.710819744140625 0.44923958984375 0.6985707734375 0.43008391796875 0.675039552734375 0.4098546484375 0.629878546875 0.4031060546875 0.583845025390625 0.406354296875 0.540692611328125 0.415159806640625 0.50590859765625 0.428969115234375 0.487215400390625 0.445156154296875 0.479662328125 0.44930651953125 0.477449779296875 0.458444 0.481157623046875 0.47345020703125 0.4731201328125 0.48146865625 0.46297493359375 0.481144740234375 0.446459865234375 0.473980525390625 0.441128087890625 0.457955451171875 0.4490584921875 0.447440220703125 0.465808517578125 0.416601927734375 0.487289751953125 0.4019365859375 0.514132556640625
1 0.393101318359375 0.530669052734375 0.39956368359375 0.531920857421875 0.412394064453125 0.521544970703125 0.419807734375 0.513745703125 0.427948177734375 0.509739478515625 0.433899818359375 0.502327474609375 0.44069541015625 0.48791719921875 0.443206169921875 0.4747417265625 0.44169090234375 0.46314387890625 0.43404551953125 0.460910259765625 0.422567533203125 0.473715818359375 0.416272306640625 0.495358759765625 0.413760091796875 0.503959013671875 0.40339285546875 0.507731193359375 0.39453712890625 0.513948837890625 0.393101318359375 0.530669052734375
6 0.845402458984375 0.61591344921875 0.82559858984375 0.632959912109375 0.81088024609375 0.68968494921875 0.78850516796875 0.7407117578125 0.76117409765625 0.769866447265625 0.7406713671875 0.77927673046875 0.7226608359375 0.750694951171875 0.713524345703125 0.75907565234375 0.715103896484375 0.77082922265625 0.72429656640625 0.78511839453125 0.732882958984375 0.796251908203125 0.749461431640625 0.797994375 0.7824537578125 0.772103029296875 0.812932154296875 0.72014872265625 0.825504630859375 0.674318322265625 0.83549858984375 0.64111720703125 0.856618310546875 0.628213390625 0.856009962890625 0.612580830078125 0.845402458984375 0.61591344921875
7 0.28354670703125 0 0.251285244140625 0.025659294921875 0.2280156171875 0.04543529296875 0.21075271484375 0.049417458984375 0.1972574453125 0.0692534453125 0.19991975 0.095618755859375 0.21295387890625 0.100853388671875 0.232727689453125 0.072981517578125 0.265866306640625 0.036854017578125 0.31398819921875 0 0.28354670703125 0
6 0.184683984375 0 0.1762724765625 0.0271617421875 0.175313783203125 0.061968876953125 0.177475912109375 0.08575853515625 0.17959058203125 0.1029990234375 0.187413123046875 0.13131068359375 0.19158971484375 0.14527654296875 0.198135103515625 0.1647274609375 0.202731037109375 0.163029119140625 0.202291798828125 0.151512708984375 0.19384214453125 0.12151421875 0.1873078515625 0.09028326171875 0.182801703125 0.0444295703125 0.189887505859375 0.005030330078125 0.192564412109375 0 0.184683984375 0
7 0.7906012734375 0.224527220703125 0.7753256875 0.20704024609375 0.763932298828125 0.177390595703125 0.764104537109375 0.14035478515625 0.772997958984375 0.119453234375 0.7884463984375 0.099903533203125 0.801163521484375 0.099255208984375 0.818347884765625 0.116279912109375 0.82416378125 0.106965517578125 0.814960669921875 0.09541153125 0.80327537890625 0.08624263671875 0.784302609375 0.086233466796875 0.765129931640625 0.109362560546875 0.757278044921875 0.152208939453125 0.758278337890625 0.18870695703125 0.766978802734375 0.212118728515625 0.78267096484375 0.236265359375 0.80249679296875 0.242319033203125 0.81118266015625 0.244274703125 0.82277972265625 0.240480958984375 0.836050951171875 0.245183755859375 0.850240173828125 0.24469015625 0.855295615234375 0.2319878984375 0.85577385546875 0.216819611328125 0.850666953125 0.21231295703125 0.84176667578125 0.21203852734375 0.826153451171875 0.2190001953125 0.81304742578125 0.22688640625 0.7906012734375 0.224527220703125
7 0.854484958984375 0.059177787109375 0.835398447265625 0.063788517578125 0.822594638671875 0.08295515234375 0.815520560546875 0.111325755859375 0.822742392578125 0.11340871875 0.82802480078125 0.09146660546875 0.848624650390625 0.07245741015625 0.863848875 0.07273455078125 0.877329716796875 0.0860611328125 0.889369203125 0.1237194140625 0.88642155859375 0.183623724609375 0.87457046484375 0.232665640625 0.869449474609375 0.25660966796875 0.86513325390625 0.27997725 0.870252779296875 0.2885193671875 0.879208732421875 0.28410355078125 0.885966505859375 0.272903203125 0.888236419921875 0.251306423828125 0.887218771484375 0.23267204296875 0.897337306640625 0.15764184375 0.895208888671875 0.117716388671875 0.88744703515625 0.08183162109375 0.870537833984375 0.0621889296875 0.854484958984375 0.059177787109375
7 0.75995550390625 0.046318919921875 0.737961259765625 0.059192267578125 0.72230676171875 0.082854998046875 0.709185208984375 0.116275763671875 0.6961719375 0.145278087890625 0.685530853515625 0.161875232421875 0.678145767578125 0.1813460546875 0.685057916015625 0.19346086328125 0.697768953125 0.18087707421875 0.710603900390625 0.146794947265625 0.72733048046875 0.10616056640625 0.744238484375 0.080731224609375 0.755761732421875 0.0692887890625 0.766410439453125 0.072938541015625 0.777766794921875 0.086786650390625 0.784152720703125 0.103908140625 0.78844915234375 0.123973642578125 0.790347791015625 0.143154958984375 0.7903124296875 0.1671940625 0.78376342578125 0.18548656640625 0.777299673828125 0.19619644140625 0.7624731171875 0.198433900390625 0.75740671875 0.210104361328125 0.75764494140625 0.230827974609375 0.7629285234375 0.24150634765625 0.777051146484375 0.23919490234375 0.7872709921875 0.21306260546875 0.7968994140625 0.19256230078125 0.803951390625 0.166096115234375 0.80776629296875 0.12979975 0.8026496015625 0.09383083203125 0.79064801953125 0.059035712890625 0.75995550390625 0.046318919921875
7 0.83370064453125 0.248247458984375 0.827082048828125 0.267824912109375 0.835063482421875 0.274340259765625 0.8502286328125 0.26458125 0.870832173828125 0.246473673828125 0.883315763671875 0.227513587890625 0.89063364453125 0.192603009765625 0.89473928125 0.162220357421875 0.882267060546875 0.133338064453125 0.868188880859375 0.106720681640625 0.833818955078125 0.103919181640625 0.816536943359375 0.107779234375 0.802809576171875 0.116878439453125 0.7906886875 0.1237127890625 0.783470634765625 0.122954142578125 0.76940606640625 0.1352616015625 0.76913244140625 0.159559625 0.774069708984375 0.16899871484375 0.77750672265625 0.163313875 0.7919417265625 0.15952513671875 0.805609775390625 0.142310458984375 0.823650490234375 0.131231833984375 0.845978955078125 0.12709219140625 0.86529301171875 0.129933103515625 0.87739794921875 0.1579649375 0.87836904296875 0.192124873046875 0.875190708984375 0.213684830078125 0.849599419921875 0.24018833203125 0.83370064453125 0.248247458984375
7 0.314532515625 0.10984923046875 0.3141239140625 0.11147468359375 0.33273841796875 0.100806431640625 0.35660107421875 0.090714921875 0.37842373828125 0.076574099609375 0.380892955078125 0.056015880859375 0.37260380078125 0.04692741796875 0.35140753125 0.05510847265625 0.32840262109375 0.065838509765625 0.310370642578125 0.082021009765625 0.304930982421875 0.104457728515625 0.314532515625 0.10984923046875
7 0.5404710078125 0.136783224609375 0.50858091015625 0.152461615234375 0.4858853203125 0.142629865234375 0.470032537109375 0.12524329296875 0.4587474140625 0.090961060546875 0.452093876953125 0.061303107421875 0.4407221953125 0.027839458984375 0.431806603515625 0.028557755859375 0.425230888671875 0.06013412890625 0.43357896875 0.0825238359375 0.444451255859375 0.08532192578125 0.457869998046875 0.13472110546875 0.494379759765625 0.172481306640625 0.53901351171875 0.1639342421875 0.56295569921875 0.117634171875 0.5744431484375 0.065888505859375 0.567565654296875 0.05606487109375 0.559437439453125 0.089133431640625 0.5404710078125 0.136783224609375
1 0.87358523828125 0.86849859375 0.867489953125 0.87139771484375 0.867529421875 0.875636171875 0.885421208984375 0.87296023046875 0.894659380859375 0.8694268984375 0.9029026328125 0.866754466796875 0.907107412109375 0.86462212109375 0.90665917578125 0.86200072265625 0.90674798828125 0.85943669921875 0.90171459765625 0.8608376875 0.8888636953125 0.864313443359375 0.877690169921875 0.8673212265625 0.87358523828125 0.86849859375
1 0.415417916015625 0.527554154296875 0.4152229296875 0.533734294921875 0.414944357421875 0.540714712890625 0.409383068359375 0.55900209765625 0.402500509765625 0.57688061328125 0.399064263671875 0.58649446484375 0.391288607421875 0.5970003515625 0.391555630859375 0.601440548828125 0.39845719140625 0.593710353515625 0.404423833984375 0.58166620703125 0.41399312109375 0.554095060546875 0.41989022265625 0.532607654296875 0.42247494140625 0.52533055859375 0.423764126953125 0.5130647890625 0.422648072265625 0.51213842578125 0.41866512890625 0.51252886328125 0.416295111328125 0.5163232109375 0.415417916015625 0.527554154296875
1 0.433782125 0.49536033984375 0.4387593203125 0.486427029296875 0.441349255859375 0.475841615234375 0.440823716796875 0.47053259765625 0.4389898359375 0.467362427734375 0.435427609375 0.464711662109375 0.431634626953125 0.465188169921875 0.42910251953125 0.467724423828125 0.426516345703125 0.47078009375 0.4243688828125 0.47528213671875 0.423389890625 0.479907921875 0.42369299609375 0.48395356640625 0.425200359375 0.483589861328125 0.4252601640625 0.4827318515625 0.425952900390625 0.47895114453125 0.4274614921875 0.47490705078125 0.429420591796875 0.471260375 0.429645439453125 0.470057845703125 0.431349703125 0.46883577734375 0.43429583203125 0.467044099609375 0.43570246875 0.46771704296875 0.4388259765625 0.46892143359375 0.439271515625 0.471244619140625 0.438871017578125 0.47505511328125 0.436943634765625 0.48308373828125 0.435046337890625 0.4898893671875 0.43259393359375 0.492609029296875 0.429481087890625 0.49556166015625 0.429490349609375 0.496835548828125 0.429028861328125 0.500289564453125 0.42557205078125 0.504129822265625 0.425523998046875 0.5041502734375 0.425456474609375 0.50429270703125 0.42526228125 0.5042616640625 0.4222722734375 0.505534259765625 0.419819052734375 0.50545144921875 0.419471177734375 0.505027298828125 0.41779762890625 0.50593912109375 0.415071166015625 0.50580524609375 0.4104140625 0.510591892578125 0.404752046875 0.51104791796875 0.399023646484375 0.513072263671875 0.3960305703125 0.519062587890625 0.396215169921875 0.525736966796875 0.400684939453125 0.527256955078125 0.403479099609375 0.52597440625 0.40938821875 0.519415404296875 0.4190103203125 0.509394068359375 0.424093544921875 0.506950916015625 0.426716111328125 0.50354900390625 0.429248123046875 0.501013671875 0.433782125 0.49536033984375
1 0.422748595703125 0.490698146484375 0.42420208203125 0.487173361328125 0.42453733984375 0.48661374609375 0.42379985546875 0.48537982421875 0.42369299609375 0.48395356640625 0.42314776171875 0.484085125 0.421072986328125 0.487895609375 0.41895002734375 0.493101291015625 0.418403865234375 0.49829766796875 0.418112638671875 0.501068515625 0.4182472265625 0.503534984375 0.419471177734375 0.505027298828125 0.422058607421875 0.503617552734375 0.420536291015625 0.50237437890625 0.41884300390625 0.499745015625 0.422067232421875 0.493428921875 0.422748595703125 0.490698146484375
1 0.148502666015625 0.64655023046875 0.14456808984375 0.654492650390625 0.1391369140625 0.66050044140625 0.129103009765625 0.6722474453125 0.120674982421875 0.682029322265625 0.117511244140625 0.684541083984375 0.113415677734375 0.692111861328125 0.112293095703125 0.698039025390625 0.11285033203125 0.70129753125 0.114817638671875 0.705415544921875 0.1176856953125 0.705716990234375 0.120609208984375 0.705490787109375 0.124626380859375 0.703424375 0.12473079296875 0.70147926171875 0.121701841796875 0.700805255859375 0.118320626953125 0.700627701171875 0.116045658203125 0.700388591796875 0.11540146875 0.696053994140625 0.115462404296875 0.69357083203125 0.115980943359375 0.691492353515625 0.12115879296875 0.6859914140625 0.12447041796875 0.6820725859375 0.1286659453125 0.67735753125 0.13138396484375 0.673376314453125 0.13530777734375 0.669343072265625 0.138971662109375 0.664927791015625 0.14285190234375 0.660357423828125 0.144834423828125 0.655765423828125 0.150054626953125 0.64795812890625 0.15136361328125 0.643117513671875 0.151275634765625 0.63919609375 0.148302140625 0.6379944375 0.143983109375 0.641986138671875 0.141234103515625 0.647208880859375 0.138948275390625 0.65087987109375 0.135915572265625 0.657850125 0.134111451171875 0.662972009765625 0.134712541015625 0.663591009765625 0.13522569921875 0.663467119140625 0.1381415859375 0.65950669921875 0.139623958984375 0.656818216796875 0.142322984375 0.65016761328125 0.1443055078125 0.64557561328125 0.147400775390625 0.64181187109375 0.14887238671875 0.643032568359375 0.148502666015625 0.64655023046875
1 0.3125430703125 0.0813173828125 0.31281191015625 0.0828902109375 0.320340966796875 0.079434205078125 0.328150994140625 0.073304962890625 0.334620509765625 0.07166854296875 0.34326341015625 0.0679441640625 0.353463978515625 0.065927140625 0.358188994140625 0.066423759765625 0.36016226171875 0.066244783203125 0.346782119140625 0.073719533203125 0.334407740234375 0.0778235390625 0.33402008203125 0.08357470703125 0.358554587890625 0.0753423125 0.37039076953125 0.068092595703125 0.372040708984375 0.064791419921875 0.3670870234375 0.06233981640625 0.359489341796875 0.06231308984375 0.347570630859375 0.064149529296875 0.336081326171875 0.06603109765625 0.321559404296875 0.069909388671875 0.315628083984375 0.07469151953125 0.3125430703125 0.0813173828125