7 0.623333333984375 0.7222944453125 0.637672396484375 0.746909259765625 0.674755208984375 0.829546296875 0.706399478515625 0.92185462890625 0.720738021484375 0.998337962890625 0.731615625 0.99907407421875 0.730132291015625 0.953116666015625 0.6881046875 0.823885185546875 0.644594271484375 0.71927037109375 0.628772396484375 0.684984259765625 0.616905728515625 0.67130462890625 0.6085 0.67042592578125 0.6050390625 0.677459259765625 0.609983333984375 0.7117444453125 0.623333333984375 0.7222944453125
7 0.143233853515625 0.96339537109375 0.152133333984375 0.940537962890625 0.157572396484375 0.920318517578125 0.167461458984375 0.90097777734375 0.177844271484375 0.892186111328125 0.177844271484375 0.866691666015625 0.170427603515625 0.860537962890625 0.156583333984375 0.875483333984375 0.149661458984375 0.886912037109375 0.142244791015625 0.891307408203125 0.137794791015625 0.912406482421875 0.13235625 0.939659259765625 0.13235625 0.959878703125 0.143233853515625 0.96339537109375
7 0.032479166015625 0.555483333984375 0.0260515625 0.544934259765625 0.032479166015625 0.592406482421875 0.0552234375 0.642516666015625 0.08785625 0.6653731484375 0.136311458984375 0.684713888671875 0.177844271484375 0.672406482421875 0.192183333984375 0.668889814453125 0.200094271484375 0.662736111328125 0.202071875 0.65482407421875 0.200094271484375 0.641637037109375 0.19515 0.639 0.184766666015625 0.641637037109375 0.1685765625 0.659585185546875 0.160044791015625 0.661856482421875 0.120983853515625 0.667131482421875 0.072528646484375 0.64339537109375 0.0438515625 0.5959231484375 0.032479166015625 0.555483333984375
7 0.1417625 0.3929731484375 0.14520625 0.405218517578125 0.151184375 0.398881482421875 0.148217708984375 0.374265740234375 0.147397916015625 0.35734907421875 0.1549125 0.33842407421875 0.167436458984375 0.318386111328125 0.187474478515625 0.3050268515625 0.214401041015625 0.3050268515625 0.2325609375 0.318386111328125 0.2457109375 0.335085185546875 0.256669271484375 0.354010185546875 0.260455728515625 0.372507408203125 0.2663890625 0.390089814453125 0.272816666015625 0.400638888671875 0.27875 0.40239722265625 0.2857875 0.4041055546875 0.2898578125 0.394642591796875 0.2898578125 0.386293517578125 0.286413541015625 0.373491666015625 0.2777609375 0.361078703125 0.269355728515625 0.34965 0.265894271484375 0.347891666015625 0.251555728515625 0.320638888671875 0.236228125 0.30129907421875 0.197167708984375 0.282837037109375 0.151679166015625 0.315364814453125 0.139318228515625 0.36547407421875 0.1417625 0.3929731484375
5 0.182741146484375 0.15377407421875 0.173346875 0.146741666015625 0.1685765625 0.144462962890625 0.159502603515625 0.183664814453125 0.165930728515625 0.209159259765625 0.172358333984375 0.214433333984375 0.1832359375 0.195092591796875 0.184224478515625 0.1748731484375 0.182741146484375 0.15377407421875
7 0.621208333984375 0.152589814453125 0.619230728515625 0.1429194453125 0.610825521484375 0.13324907421875 0.596980728515625 0.13324907421875 0.589564583984375 0.13324907421875 0.567808853515625 0.123578703125 0.562074087890625 0.12024077734375 0.5623703125 0.12182037109375 0.553964583984375 0.129732408203125 0.55693125 0.141161111328125 0.561876041015625 0.1437981484375 0.57918125 0.152589814453125 0.594508853515625 0.158743517578125 0.615275 0.167535185546875 0.621208333984375 0.152589814453125
5 0.702296353515625 0.10247962890625 0.702296353515625 0.0866555546875 0.697846353515625 0.06995277734375 0.689935416015625 0.065556482421875 0.684688021484375 0.066353703125 0.6823859375 0.092481482421875 0.681715103515625 0.106403703125 0.6821625 0.12112037109375 0.696363021484375 0.126215740234375 0.7013078125 0.11302962890625 0.702296353515625 0.10247962890625
7 0.5376484375 0.076985185546875 0.530726041015625 0.06467777734375 0.526770833984375 0.04797407421875 0.5252875 0.024237962890625 0.518859375 0.025996296875 0.514904166015625 0.0427 0.5163875 0.05852407421875 0.522815103515625 0.084018517578125 0.537478646484375 0.10000277734375 0.57473125 0.113908333984375 0.614286458984375 0.11215 0.632580728515625 0.10687592578125 0.656313541015625 0.09632592578125 0.667191146484375 0.09544722265625 0.679552083984375 0.089293517578125 0.68696875 0.083138888671875 0.688946875 0.066436111328125 0.6835078125 0.0576444453125 0.671146875 0.06467777734375 0.6602171875 0.068331482421875 0.638019271484375 0.0805018515625 0.608353125 0.088413888671875 0.5870921875 0.092809259765625 0.558414583984375 0.09105092578125 0.5376484375 0.076985185546875
6 0.2683625 0.4317555546875 0.257576041015625 0.449759259765625 0.25339375 0.468546296875 0.252513541015625 0.474808333984375 0.25339375 0.479896296875 0.258677083984375 0.483418517578125 0.267481771484375 0.48107037109375 0.2756265625 0.474808333984375 0.2831109375 0.460718517578125 0.284431771484375 0.451325 0.2776078125 0.44780277734375 0.271884375 0.46385 0.2646203125 0.4716768515625 0.2605046875 0.466640740234375 0.263519791015625 0.454064814453125 0.2721046875 0.439583333984375 0.289714583984375 0.428625 0.291695833984375 0.421971296875 0.287733333984375 0.416883333984375 0.2683625 0.4317555546875
2 0.8780828125 0.798964814453125 0.8780828125 0.8103231484375 0.8839703125 0.817562037109375 0.889728125 0.81767222265625 0.893484896484375 0.808987037109375 0.8949875 0.79562407421875 0.885971875 0.789610185546875 0.8780828125 0.798964814453125
7 0.563940625 0.383886111328125 0.557192708984375 0.395883333984375 0.548516666015625 0.406165740234375 0.5379125 0.41387777734375 0.527308333984375 0.41387777734375 0.518632291015625 0.40787962890625 0.513330208984375 0.396739814453125 0.508992708984375 0.383886111328125 0.508028646484375 0.37017592578125 0.507546353515625 0.350467591796875 0.506100521484375 0.328188888671875 0.5046546875 0.3084805546875 0.496942708984375 0.3101944453125 0.495978646484375 0.322190740234375 0.496942708984375 0.335043517578125 0.497424478515625 0.346183333984375 0.49790625 0.365035185546875 0.501280208984375 0.3941694453125 0.508992708984375 0.425017591796875 0.517186458984375 0.43187222265625 0.53405625 0.433586111328125 0.54610625 0.427587962890625 0.557674478515625 0.41987592578125 0.569242708984375 0.40359537109375 0.579364583984375 0.384743517578125 0.584184375 0.359893517578125 0.584666666015625 0.3324731484375 0.580810416015625 0.3076231484375 0.579364583984375 0.29819722265625 0.579364583984375 0.284487037109375 0.5769546875 0.26992037109375 0.573580728515625 0.25535277734375 0.568278646484375 0.2484981484375 0.560084375 0.2484981484375 0.557192708984375 0.253638888671875 0.557674478515625 0.26392222265625 0.560084375 0.281060185546875 0.565386458984375 0.297340740234375 0.568278646484375 0.30419537109375 0.5711703125 0.312764814453125 0.5740625 0.3324731484375 0.573580728515625 0.353038888671875 0.5711703125 0.3693194453125 0.563940625 0.383886111328125
7 0.493863541015625 0.034764814453125 0.485072916015625 0.046646296875 0.493863541015625 0.054775 0.5202359375 0.037891666015625 0.531839583984375 0.025386111328125 0.531839583984375 0.024135185546875 0.549420833984375 0.01225462890625 0.551882291015625 0 0.528675 0.00162407421875 0.521290625 0.01225462890625 0.508280208984375 0.022884259765625 0.493863541015625 0.034764814453125
4 0.148859375 0.92057962890625 0.155171353515625 0.90614722265625 0.155772916015625 0.901337037109375 0.150663021484375 0.891181482421875 0.1497609375 0.891809259765625 0.138640103515625 0.921741666015625 0.133530208984375 0.947932408203125 0.135333853515625 0.96654722265625 0.142847916015625 0.960667591796875 0.146154166015625 0.9457018515625 0.148859375 0.92057962890625
1 0.589555208984375 0.144841666015625 0.59215 0.1402268515625 0.569741666015625 0.1289 0.559834896484375 0.124285185546875 0.557711978515625 0.134353703125 0.565496353515625 0.1385481484375 0.578941146484375 0.139387962890625 0.589555208984375 0.144841666015625
1 0.499150521484375 0.0345481484375 0.490603646484375 0.042634259765625 0.492967708984375 0.046838888671875 0.522973958984375 0.020316666015625 0.5239171875 0.01539722265625 0.499150521484375 0.0345481484375