7 0.05339922265625 0.406983880859375 0.047010890625 0.425207615234375 0.048953859375 0.449278685546875 0.05922352734375 0.463286302734375 0.07142673046875 0.46954058984375 0.085639806640625 0.493907896484375 0.103887830078125 0.51756437109375 0.12353510546875 0.5376689453125 0.15482476953125 0.56979708984375 0.161523720703125 0.548622994140625 0.138911728515625 0.524368193359375 0.109316908203125 0.497390794921875 0.082621775390625 0.4587842734375 0.077117619140625 0.43135496875 0.069127244140625 0.411620900390625 0.05339922265625 0.406983880859375
7 0.26148755859375 0.43471286328125 0.26429018359375 0.469922775390625 0.26568046875 0.493935755859375 0.26893605859375 0.5161561171875 0.28283410546875 0.527561150390625 0.291021166015625 0.513504744140625 0.28683015234375 0.484224783203125 0.28083979296875 0.450778361328125 0.277651298828125 0.42259810546875 0.2662443984375 0.41941051953125 0.26148755859375 0.43471286328125
6 0.12744421484375 0.330237525390625 0.106357123046875 0.318076892578125 0.08323280078125 0.31465116015625 0.05417040625 0.330491755859375 0.0246940234375 0.35026618359375 0.01125534375 0.371726240234375 0.010553392578125 0.39466836328125 0.02753656640625 0.37642140625 0.0489963515625 0.36376001953125 0.080027939453125 0.345143384765625 0.10266625 0.342550158203125 0.120265216796875 0.36130545703125 0.139320951171875 0.398114708984375 0.15682157421875 0.43376524609375 0.1655613203125 0.419766927734375 0.147296251953125 0.370113478515625 0.12744421484375 0.330237525390625
5 0.33410458984375 0.6458200625 0.328917896484375 0.62831534765625 0.311238138671875 0.63895429296875 0.297250958984375 0.652658044921875 0.296884287109375 0.670471935546875 0.304116462890625 0.682835447265625 0.31134415625 0.682590529296875 0.326291955078125 0.66285134765625 0.33410458984375 0.6458200625
5 0.182874939453125 0.8718216171875 0.191099986328125 0.8842904140625 0.201459251953125 0.87645346875 0.205578890625 0.856356400390625 0.20029539453125 0.825452423828125 0.194273634765625 0.81589283203125 0.18445744140625 0.833221875 0.183148791015625 0.854890826171875 0.182874939453125 0.8718216171875
7 0.087441947265625 0.9537300390625 0.10681521875 0.95110460546875 0.1231452265625 0.938738255859375 0.1385612109375 0.9305390078125 0.15980830078125 0.919383080078125 0.15918242578125 0.90146580078125 0.1421195390625 0.9014571953125 0.122825017578125 0.90835594140625 0.104987552734375 0.910943556640625 0.089386029296875 0.920908080078125 0.082784232421875 0.940744259765625 0.087441947265625 0.9537300390625
7 0.079733951171875 0.7119163203125 0.072978849609375 0.737984505859375 0.05490478515625 0.776252107421875 0.042883775390625 0.828544998046875 0.040165111328125 0.8639631796875 0.039431767578125 0.89959095703125 0.0462650390625 0.92530162890625 0.0561694140625 0.9504431640625 0.07304676171875 0.952217044921875 0.0928697421875 0.94983718359375 0.0903835 0.935294859375 0.0802698359375 0.936016646484375 0.06776725 0.93559542578125 0.056285462890625 0.925461962890625 0.0506030625 0.907905146484375 0.04839015625 0.8764319765625 0.049903099609375 0.852490451171875 0.055381857421875 0.8146838046875 0.06871041015625 0.7785959921875 0.080614951171875 0.751283326171875 0.0928951640625 0.7347216015625 0.102071326171875 0.71426407421875 0.10429836328125 0.69307523046875 0.099269994140625 0.68362098046875 0.087607072265625 0.68953612890625 0.079733951171875 0.7119163203125
7 0.424252111328125 0.069845201171875 0.450431287109375 0.05474431640625 0.463393263671875 0.036469470703125 0.466302064453125 0.0135675078125 0.456870681640625 0.012576228515625 0.453122216796875 0.02914182421875 0.439970103515625 0.034900451171875 0.4062245078125 0.05991659765625 0.387375345703125 0.100780365234375 0.3646006640625 0.18853977734375 0.35761346484375 0.26457036328125 0.34803787890625 0.298374998046875 0.3522488359375 0.3232598203125 0.362317015625 0.3248691953125 0.369944017578125 0.30960410546875 0.3728529140625 0.28670122265625 0.369652158203125 0.269405236328125 0.371995146484375 0.223236115234375 0.3795808125 0.174940390625 0.390362734375 0.129658236328125 0.407815521484375 0.087754849609375 0.424252111328125 0.069845201171875
5 0.472400943359375 0.170414236328125 0.47456791796875 0.15457527734375 0.472795865234375 0.142784716796875 0.460882322265625 0.141532552734375 0.44555915625 0.148848701171875 0.439514166015625 0.1633872109375 0.440511634765625 0.1777739921875 0.44504378125 0.187176087890625 0.4513319765625 0.186437669921875 0.472400943359375 0.170414236328125
7 0.208184826171875 0 0.212398693359375 0.008370203125 0.2202204296875 0.019902826171875 0.221931994140625 0.03704229296875 0.23053271484375 0.06026203125 0.2444362734375 0.07600436328125 0.26206046875 0.084997712890625 0.28210122265625 0.085319302734375 0.301641767578125 0.07130637890625 0.3167425625 0.04700728515625 0.321692763671875 0.004682677734375 0.32200409375 0 0.31029697265625 0 0.31099455859375 0.02051782421875 0.303339826171875 0.0455986015625 0.286903236328125 0.06350825 0.266490697265625 0.066718998046875 0.2445522265625 0.0510240859375 0.232041154296875 0.022038087890625 0.230514609375 0.00313329296875 0.2304384140625 0 0.208184826171875 0
7 0.534395470703125 0.000860970703125 0.525422533203125 0.0068335390625 0.54184439453125 0.020714091796875 0.563657294921875 0.032825322265625 0.58360584375 0.03402914453125 0.595890560546875 0.0317498359375 0.61298577734375 0.03622424609375 0.62523764453125 0.029479076171875 0.63097204296875 0.013122212890625 0.61729249609375 0.009573798828125 0.600911373046875 0.007852072265625 0.58750761328125 0.011231548828125 0.5745411328125 0.015223978515625 0.55753863671875 0.009867390625 0.534395470703125 0.000860970703125
5 0.645872556640625 0.043251271484375 0.6469537421875 0.028191044921875 0.635254083984375 0.01535705078125 0.626227654296875 0.010512921875 0.616952533203125 0.022360158203125 0.615189486328125 0.039134427734375 0.625927626953125 0.047513884765625 0.63672403125 0.05389403515625 0.645872556640625 0.043251271484375
2 0.065998630859375 0.70865438671875 0.064286548828125 0.6915148671875 0.053895048828125 0.694885083984375 0.044343115234375 0.704592591796875 0.0442516640625 0.722558302734375 0.05071239453125 0.734717837890625 0.059396833984375 0.728490568359375 0.065998630859375 0.70865438671875
2 0.247724669921875 0.58404415234375 0.234386919921875 0.59156898046875 0.228838673828125 0.60615969921875 0.231728744140625 0.62163825390625 0.23914775 0.629269443359375 0.251551724609375 0.619258392578125 0.25793565234375 0.596721681640625 0.247724669921875 0.58404415234375
2 0.513812189453125 0.297054232421875 0.504849298828125 0.305930794921875 0.505382357421875 0.324731171875 0.5103789140625 0.329719669921875 0.52084652734375 0.330941826171875 0.527344578125 0.3163280390625 0.527029388671875 0.30022819140625 0.513812189453125 0.297054232421875
2 0.486767427734375 0.506618818359375 0.484600453125 0.52245778125 0.48946570703125 0.533997142578125 0.501974544921875 0.52428387109375 0.507087150390625 0.50429116796875 0.49672328515625 0.497846619140625 0.486767427734375 0.506618818359375
5 0.909847005859375 0.144123556640625 0.89424946875 0.16837044140625 0.887555466796875 0.18908885546875 0.89488036328125 0.200570189453125 0.908746572265625 0.197564248046875 0.9207765859375 0.173836185546875 0.92111050390625 0.151555515625 0.909847005859375 0.144123556640625
7 0.818994435546875 0.540578328125 0.837522861328125 0.564840578125 0.84287134375 0.60467806640625 0.83782832421875 0.647885771484375 0.824749876953125 0.69114084375 0.817062810546875 0.7117558125 0.80416080078125 0.72468169921875 0.7955736796875 0.744308283203125 0.793624998046875 0.762848748046875 0.802810779296875 0.77095518359375 0.81289527734375 0.76988305859375 0.82147890625 0.746139109375 0.824294986328125 0.724119322265625 0.846364056640625 0.662172 0.857879322265625 0.581262072265625 0.842509896484375 0.541264193359375 0.821903236328125 0.517676365234375 0.775455916015625 0.501190244140625 0.7739112578125 0.520665099609375 0.796280869140625 0.527479580078125 0.818994435546875 0.540578328125
6 0.84293835546875 1 0.84135403515625 0.996339099609375 0.838014625 0.93261316015625 0.85062416015625 0.879489271484375 0.870559107421875 0.837846771484375 0.89039673828125 0.782804955078125 0.886759724609375 0.7601078515625 0.865785970703125 0.7543329375 0.861448462890625 0.771729474609375 0.87246185546875 0.771994173828125 0.878947087890625 0.777139138671875 0.867543888671875 0.818785509765625 0.842399015625 0.867021396484375 0.82857873828125 0.91733946875 0.8271353828125 0.964495998046875 0.829533212890625 0.9942047578125 0.83081387890625 1 0.84293835546875 1
6 0.76846586328125 1 0.764775853515625 0.956156970703125 0.74965705078125 0.92332640625 0.72973225 0.898024533203125 0.699916158203125 0.890427396484375 0.69818586328125 0.91166844921875 0.712395509765625 0.914946720703125 0.724837513671875 0.920717767578125 0.73861592578125 0.932877392578125 0.752583953125 0.957553181640625 0.758113568359375 0.981342056640625 0.75961990234375 1 0.76846586328125 1
2 0.889917470703125 0.93539073828125 0.88666523046875 0.952008486328125 0.89324778125 0.97055276953125 0.903110919921875 0.96266274609375 0.90695210546875 0.945214974609375 0.898944927734375 0.935446708984375 0.889917470703125 0.93539073828125
6 0.286231904296875 0.760965298828125 0.289607701171875 0.769196591796875 0.307137064453125 0.76316251953125 0.3107933984375 0.757105046875 0.30993065234375 0.74520337109375 0.3105415 0.73077149609375 0.304247310546875 0.718836154296875 0.29312216796875 0.7155189765625 0.28579008203125 0.724948666015625 0.28497537109375 0.744190208984375 0.286231904296875 0.760965298828125
4 0.14884325 0.546949466796875 0.138325376953125 0.536613798828125 0.118016685546875 0.516289810546875 0.109472193359375 0.5075180625 0.09127616796875 0.48307288671875 0.076619857421875 0.459813466796875 0.064293607421875 0.43326942578125 0.05788831640625 0.415764181640625 0.054483787109375 0.420596822265625 0.070295314453125 0.45751943359375 0.0775003828125 0.468865279296875 0.09118418359375 0.4912078359375 0.1098051796875 0.51596953515625 0.13782748828125 0.542805861328125 0.14810830859375 0.54958709375 0.153262283203125 0.552843669921875 0.15352638671875 0.5517858515625 0.1524776953125 0.5486888984375 0.14884325 0.546949466796875
1 0.27269266796875 0.43077178515625 0.26919196484375 0.429598509765625 0.267842513671875 0.434893869140625 0.26739055859375 0.443503978515625 0.267966626953125 0.4488006171875 0.269711734375 0.454823431640625 0.269685634765625 0.460458052734375 0.270219373046875 0.4661524453125 0.27104669921875 0.469058548828125 0.272341306640625 0.46950185546875 0.27331641796875 0.47332379296875 0.275009875 0.4722942421875 0.275912466796875 0.470174197265625 0.275883107421875 0.466143490234375 0.2759865390625 0.461925642578125 0.27571112109375 0.454849755859375 0.2760507734375 0.446226912109375 0.275033556640625 0.438669927734375 0.27269266796875 0.43077178515625
1 0.14510133984375 0.90971504296875 0.137030021484375 0.9132928125 0.12863608203125 0.9156300625 0.11775292578125 0.921924162109375 0.12086192578125 0.929300662109375 0.127506498046875 0.92637734375 0.13650069921875 0.9204814921875 0.150783767578125 0.9159459296875 0.15716276171875 0.913396900390625 0.15682614453125 0.91014203125 0.15406834375 0.906230482421875 0.151787822265625 0.906392994140625 0.14510133984375 0.90971504296875
1 0.2891193203125 0.73801267578125 0.28869009375 0.74600790625 0.289260330078125 0.753622185546875 0.292024802734375 0.76122223046875 0.296837216796875 0.76367760546875 0.301360595703125 0.763666103515625 0.3032404375 0.7614262578125 0.308297638671875 0.760252150390625 0.307312951171875 0.7552756640625 0.300486873046875 0.75894427734375 0.29608957421875 0.757751248046875 0.2930990625 0.75621821875 0.290860154296875 0.750135125 0.292170181640625 0.74028197265625 0.29403953515625 0.732925033203125 0.297316435546875 0.72912731640625 0.29995156640625 0.730135134765625 0.302273677734375 0.732815693359375 0.30294524609375 0.73946583984375 0.3034734609375 0.7487804140625 0.3040030546875 0.7563578359375 0.306491220703125 0.753970583984375 0.30636325390625 0.751276708984375 0.3058435390625 0.743181744140625 0.30523883203125 0.734589986328125 0.303788408203125 0.72883276171875 0.298746689453125 0.724647646484375 0.294181095703125 0.726361283203125 0.290752244140625 0.7316047421875 0.2891193203125 0.73801267578125