7 0.24387262109375 0.861663171875 0.233017328125 0.895691763671875 0.220152291015625 0.909594857421875 0.1988362578125 0.924077232421875 0.178021091796875 0.928503619140625 0.1602683671875 0.924525595703125 0.145306494140625 0.914504953125 0.130514560546875 0.9189573671875 0.12318087109375 0.9291891796875 0.12343891015625 0.947460224609375 0.13511776953125 0.959827205078125 0.147389830078125 0.95905959765625 0.160567328125 0.948134177734375 0.172659962890625 0.94664693359375 0.19374164453125 0.946738419921875 0.210377341796875 0.94106288671875 0.22374246875 0.932532666015625 0.234888794921875 0.920436064453125 0.24731235546875 0.894419775390625 0.25642045703125 0.851659115234375 0.251992435546875 0.8183855 0.24697996875 0.78449227734375 0.240639533203125 0.78836528515625 0.2448973359375 0.8071668671875 0.246364509765625 0.832011966796875 0.24387262109375 0.861663171875
6 0.2244397421875 1 0.220241220703125 0.987520474609375 0.205477015625 0.950711849609375 0.191967609375 0.91893810546875 0.17207210546875 0.892576546875 0.16464608203125 0.905886958984375 0.1833282109375 0.932551046875 0.201242396484375 0.964755298828125 0.213099919921875 1 0.2244397421875 1
7 0.255422685546875 0.86489552734375 0.235356736328125 0.82406103515625 0.23011042578125 0.804741546875 0.221626986328125 0.786230119140625 0.21278017578125 0.773157029296875 0.202623419921875 0.770341654296875 0.2026144375 0.78409494921875 0.211769185546875 0.80702332421875 0.224165298828125 0.82226705078125 0.231747541015625 0.844059705078125 0.24678802734375 0.8716317578125 0.2701412265625 0.903243328125 0.285599728515625 0.9100845703125 0.3090635078125 0.911109921875 0.323817748046875 0.894443634765625 0.330176650390625 0.863063908203125 0.325794796875 0.8282509921875 0.3188511953125 0.79178367578125 0.3113887109375 0.792880865234375 0.318870140625 0.831505291015625 0.320911828125 0.870721626953125 0.303407880859375 0.89876896875 0.283406318359375 0.89611601953125 0.255422685546875 0.86489552734375
6 0.296963607421875 0.138613865234375 0.28970802734375 0.166397212890625 0.28334985546875 0.197777712890625 0.290697521484375 0.234143328125 0.3016224453125 0.2314194375 0.295934375 0.199987779296875 0.304173498046875 0.179598154296875 0.308730060546875 0.15477895703125 0.3145551484375 0.114364634765625 0.316200765625 0.07270116015625 0.311975505859375 0.036539943359375 0.312773412109375 0.031374015625 0.302657576171875 0.033896177734375 0.303633982421875 0.0429836015625 0.306310802734375 0.074402634765625 0.302783951171875 0.10507625390625 0.296963607421875 0.138613865234375
2 0.38440588671875 0.149662865234375 0.378842373046875 0.134242416015625 0.370662412109375 0.132461958984375 0.36166884765625 0.137760837890625 0.3616598671875 0.15151413671875 0.36713606640625 0.163135451171875 0.378056248046875 0.167288275390625 0.38439690625 0.1634161640625 0.38440588671875 0.149662865234375
5 0.48617487890625 0.352712111328125 0.480344568359375 0.332774814453125 0.468311322265625 0.312092875 0.45977323828125 0.30887391796875 0.45500056640625 0.320759357421875 0.460922990234375 0.33761715625 0.466394669921875 0.356116083984375 0.472951212890625 0.36517683203125 0.481705833984375 0.363877716796875 0.48617487890625 0.352712111328125
5 0.609574400390625 0.268467759765625 0.614167869140625 0.255863583984375 0.6068526484375 0.238588673828125 0.5980932109375 0.229312796875 0.582846580078125 0.2422818984375 0.57856579296875 0.2578646484375 0.58588151953125 0.275139431640625 0.59212560546875 0.281222505859375 0.59701944140625 0.276860873046875 0.609574400390625 0.268467759765625
5 0.799611310546875 0.315077244140625 0.81233784375 0.305792052734375 0.8204396953125 0.2900209765625 0.814296423828125 0.26710612890625 0.8066592578125 0.26060696875 0.7978910625 0.265085287109375 0.789297326171875 0.2771590546875 0.785559109375 0.288022203125 0.792393259765625 0.308383888671875 0.799611310546875 0.315077244140625
5 0.8324584609375 0.26410561328125 0.844509671875 0.257280958984375 0.8461829921875 0.241584908203125 0.8402608515625 0.224726083984375 0.824259779296875 0.222604439453125 0.803197443359375 0.23426571484375 0.808015123046875 0.250096376953125 0.813351740234375 0.262184779296875 0.822766009765625 0.26642487890625 0.8324584609375 0.26410561328125
6 0.894925265625 0.21555698046875 0.882342416015625 0.232628513671875 0.87697794921875 0.262351798828125 0.88054138671875 0.292945716796875 0.8923855546875 0.336958078125 0.911362123046875 0.38744944921875 0.935569603515625 0.42631519921875 0.958748423828125 0.45872794140625 0.981560423828125 0.47842485546875 0.989919583984375 0.48243752734375 0.992994822265625 0.47031685546875 0.95157266015625 0.42645337109375 0.92184266015625 0.381739744140625 0.89983419921875 0.32374699609375 0.887089107421875 0.264476197265625 0.89356849609375 0.24737764453125 0.899746615234375 0.226741330078125 0.894925265625 0.21555698046875
6 0.859429544921875 0.354997255859375 0.88171694921875 0.403630619140625 0.9073600625 0.476201162109375 0.92690475 0.53945359375 0.935388396484375 0.568820767578125 0.941843095703125 0.58888771484375 0.947276193359375 0.5932100546875 0.950229740234375 0.58060346484375 0.940867498046875 0.548874998046875 0.91311522265625 0.451541169921875 0.89635373046875 0.40411039453125 0.870273412109375 0.350744791015625 0.8609695625 0.321582119140625 0.85116326953125 0.272933478515625 0.842052396484375 0.2736562890625 0.85022556640625 0.313423232421875 0.859429544921875 0.354997255859375
2 0.85794422265625 0.30478926953125 0.852852634765625 0.289026900390625 0.84501883984375 0.28788347265625 0.840458798828125 0.295213642578125 0.842546642578125 0.307079533203125 0.846852748046875 0.31519840234375 0.8555992578125 0.315180033203125 0.85794422265625 0.30478926953125
7 0.367464501953125 0.46498232421875 0.364584390625 0.535275423828125 0.35887997265625 0.590217080078125 0.347685353515625 0.64058152734375 0.3315942578125 0.6874088046875 0.3186704609375 0.706686693359375 0.3110331796875 0.72167299609375 0.3052136953125 0.738585068359375 0.30947316015625 0.752984177734375 0.318986279296875 0.7589383125 0.3284022421875 0.75242716015625 0.332854373046875 0.739424029296875 0.3361311953125 0.72831425 0.3330083671875 0.718572966796875 0.339632818359375 0.7008656796875 0.35284649609375 0.6666489140625 0.367784703125 0.616541060546875 0.3735498515625 0.522931482421875 0.377364212890625 0.4684610703125 0.36790837890625 0.429192380859375 0.362170916015625 0.42764937890625 0.367464501953125 0.46498232421875
7 0.482390306640625 0.7045376640625 0.467845517578125 0.741465314453125 0.475154021484375 0.747968166015625 0.48783788671875 0.72101954296875 0.4990111796875 0.702772615234375 0.5032536640625 0.68738931640625 0.506920494140625 0.647281216796875 0.5133941484375 0.59274228125 0.515845330078125 0.53682821484375 0.51972483984375 0.49066662890625 0.513579494140625 0.471386166015625 0.50762756640625 0.47703268359375 0.503408255859375 0.508412388671875 0.5042568203125 0.548042625 0.49655928125 0.65402709375 0.482390306640625 0.7045376640625
7 0.51528776171875 0.7456922578125 0.497636396484375 0.771501373046875 0.48160602734375 0.7796607265625 0.4641150390625 0.773912166015625 0.448131177734375 0.764815275390625 0.433106060546875 0.734071208984375 0.42182797265625 0.698230369140625 0.41769387890625 0.653472287109375 0.408635376953125 0.64800026953125 0.408195671875 0.67843761328125 0.4180635625 0.73009116796875 0.439344673828125 0.77116853125 0.461166373046875 0.788919439453125 0.4803105234375 0.791401595703125 0.503015669921875 0.785026771484375 0.5160753515625 0.7716610703125 0.530266123046875 0.74136322265625 0.5425881328125 0.73174946484375 0.549671150390625 0.709170802734375 0.540691001953125 0.6905961796875 0.5319438984375 0.690399033203125 0.522767642578125 0.704580021484375 0.519116814453125 0.72214041015625 0.51528776171875 0.7456922578125
5 0.46911518359375 0.718206146484375 0.47516846484375 0.72655738671875 0.483561044921875 0.733384458984375 0.490737107421875 0.72862175390625 0.49168873828125 0.71768041796875 0.48092308203125 0.701335462890625 0.4734750234375 0.694272892578125 0.466929150390625 0.698878474609375 0.46517204296875 0.7106151484375 0.46911518359375 0.718206146484375
7 0.67790167578125 0.716349298828125 0.6542271015625 0.67925922265625 0.646382865234375 0.663113427734375 0.633662890625 0.637623318359375 0.62465648828125 0.63383500390625 0.617683837890625 0.64160734375 0.6194903984375 0.660767203125 0.626540794921875 0.670323189453125 0.633767677734375 0.67956225 0.646855212890625 0.6871311015625 0.65722848046875 0.704909873046875 0.675450615234375 0.732045546875 0.70015475390625 0.754547669921875 0.72965326171875 0.775854419921875 0.77525755859375 0.80219586328125 0.776151853515625 0.792167748046875 0.712674935546875 0.74689992578125 0.67790167578125 0.716349298828125
7 0.60668912109375 0.56517555859375 0.60053855859375 0.605175765625 0.604678884765625 0.65241530859375 0.633787318359375 0.726617271484375 0.679878259765625 0.822983041015625 0.69920329296875 0.85964887890625 0.70676451953125 0.88297837890625 0.717416671875 0.90036220703125 0.729301111328125 0.913992916015625 0.735297826171875 0.905710033203125 0.720585064453125 0.87392808984375 0.698554265625 0.83492042578125 0.6706761953125 0.779268111328125 0.636374884765625 0.70636183203125 0.61830682421875 0.647509732421875 0.614805859375 0.57220309765625 0.60668912109375 0.56517555859375
6 0.052932431640625 0.14923148046875 0.05339535546875 0.17687773828125 0.064490181640625 0.179009765625 0.06584108203125 0.169691341796875 0.06446265234375 0.1489503828125 0.0636294375 0.134844048828125 0.063169634765625 0.1222353828125 0.0644898203125 0.106001376953125 0.064030017578125 0.0933927109375 0.055138115234375 0.09720048046875 0.05420033984375 0.1006148828125 0.052932431640625 0.14923148046875
7 0.35580105859375 0.421057544921875 0.353929427734375 0.357609927734375 0.345039255859375 0.30259022265625 0.330412212890625 0.271894818359375 0.318039296875 0.2244205 0.30396041796875 0.2174375859375 0.30074397265625 0.249720009765625 0.314233744140625 0.27800696875 0.33184625390625 0.316372783203125 0.34075069921875 0.345632173828125 0.344085423828125 0.4020370078125 0.34338458984375 0.450863388671875 0.33936793359375 0.5100553984375 0.3508644375 0.519589759765625 0.353561248046875 0.5131936484375 0.35543384765625 0.475523513671875 0.35580105859375 0.421057544921875
7 0.3375495 0.251036537109375 0.321846205078125 0.239689181640625 0.28805633203125 0.263376568359375 0.286907494140625 0.31040610546875 0.30981459375 0.382918298828125 0.333007646484375 0.445819337890625 0.345990455078125 0.50649567578125 0.350354484375 0.5283024921875 0.356953048828125 0.567676662109375 0.36585771875 0.596936951171875 0.378426615234375 0.595710765625 0.375129373046875 0.571730376953125 0.374738953125 0.568011587890625 0.3627518671875 0.5328427890625 0.353523255859375 0.480769328125 0.34237946484375 0.44252841015625 0.319462677734375 0.38718980078125 0.312244822265625 0.351786169921875 0.30834766015625 0.29742916015625 0.327382060546875 0.2726503203125 0.3375495 0.251036537109375
7 0.336720826171875 0.560892921875 0.3248306171875 0.6076795546875 0.3242730859375 0.654863212890625 0.32725046875 0.6856986796875 0.3361133359375 0.71252645703125 0.336094107421875 0.679019130859375 0.332554197265625 0.63865714453125 0.33997684375 0.582673490234375 0.35490241796875 0.5306182578125 0.356032474609375 0.475558431640625 0.3545005625 0.435984064453125 0.350113712890625 0.4183893671875 0.35247330078125 0.423491380859375 0.361023330078125 0.415632078125 0.36095883203125 0.395026345703125 0.352780443359375 0.379665251953125 0.342506341796875 0.38351609375 0.3398793671875 0.40350366796875 0.3430141640625 0.42334484375 0.34451385546875 0.452615384765625 0.345743138671875 0.490975986328125 0.340683560546875 0.52446037890625 0.336720826171875 0.560892921875
7 0.351171595703125 0.559259556640625 0.33962671875 0.531849427734375 0.320143642578125 0.532195306640625 0.311613630859375 0.534322076171875 0.32201365625 0.5556851015625 0.336159806640625 0.563002416015625 0.346269712890625 0.581748634765625 0.382125349609375 0.65143128125 0.426427513671875 0.73318654296875 0.459872806640625 0.7757590546875 0.47203293359375 0.78819403125 0.464089453125 0.75924088671875 0.409439478515625 0.678132271484375 0.374719404296875 0.6100998515625 0.351171595703125 0.559259556640625
7 0.39121693359375 0.86376592578125 0.389376123046875 0.834580435546875 0.39416230078125 0.815986916015625 0.403077916015625 0.80087465234375 0.42643651953125 0.784095658203125 0.44854262109375 0.769561345703125 0.478306296875 0.753762875 0.49195360546875 0.75036021875 0.492977470703125 0.75010494140625 0.5037441171875 0.746776380859375 0.51133725 0.724904564453125 0.501986791015625 0.70339150390625 0.48545531640625 0.7126691953125 0.45996651171875 0.744157880859375 0.39706917578125 0.769506720703125 0.37157314453125 0.8125963828125 0.37223589453125 0.847231529296875 0.379426421875 0.867349763671875 0.39121693359375 0.86376592578125
7 0.674465849609375 0.697384765625 0.6803049140625 0.7133291171875 0.6957989296875 0.719408583984375 0.718705787109375 0.7178407109375 0.73542068359375 0.71947328515625 0.756928630859375 0.69173880078125 0.75178883984375 0.644962208984375 0.738997267578125 0.599264158203125 0.724008376953125 0.56157159375 0.704180919921875 0.547457369140625 0.694972712890625 0.542295599609375 0.680703904296875 0.5243095703125 0.66428228515625 0.520117998046875 0.652831244140625 0.517172998046875 0.6455144375 0.528940796875 0.650215845703125 0.545928396484375 0.667915947265625 0.55898512109375 0.680198779296875 0.555922666015625 0.701490609375 0.564700025390625 0.7165874453125 0.584136220703125 0.726660603515625 0.611454283203125 0.74349110546875 0.667745443359375 0.736017072265625 0.699438515625 0.717443658203125 0.70904114453125 0.691714482421875 0.7030267578125 0.674465849609375 0.697384765625
7 0.727600884765625 0.816642134765625 0.72889415234375 0.84083493359375 0.734354353515625 0.8264496484375 0.77243640625 0.81159171875 0.793924615234375 0.8200242890625 0.8159064453125 0.832163279296875 0.839138552734375 0.86314277734375 0.852147845703125 0.885946046875 0.867456361328125 0.90587816796875 0.8801633671875 0.90500784375 0.88179748828125 0.883916568359375 0.861395892578125 0.866020572265625 0.845456142578125 0.847012115234375 0.81794206640625 0.81786651171875 0.7948392421875 0.796047283203125 0.774070525390625 0.790500443359375 0.740407328125 0.79889362109375 0.727600884765625 0.816642134765625
7 0.81441720703125 0.916037193359375 0.827002025390625 0.892215603515625 0.84927434375 0.86751025390625 0.8749178046875 0.858052453125 0.947011626953125 0.856931796875 0.951560779296875 0.85962705859375 0.95846484765625 0.861401177734375 0.9734047109375 0.87639715625 0.9883272109375 0.8619515 0.984283078125 0.842275970703125 0.96856137890625 0.836237048828125 0.953466607421875 0.83617015234375 0.886144013671875 0.8460609453125 0.84121643359375 0.854197529296875 0.80915996484375 0.889769515625 0.807246755859375 0.927018443359375 0.81441720703125 0.916037193359375
7 0.7827211015625 0.871847173828125 0.806550572265625 0.88275921484375 0.847862580078125 0.89467537890625 0.8740031796875 0.8820294609375 0.88172493359375 0.852524798828125 0.879903673828125 0.805481916015625 0.87096590234375 0.754084091796875 0.8594495390625 0.72171608984375 0.85027466015625 0.6918284609375 0.841592892578125 0.665647375 0.829888548828125 0.646349193359375 0.821505490234375 0.6507381640625 0.8187506015625 0.66215009765625 0.827657572265625 0.687507796875 0.8367945 0.70514822265625 0.844672537109375 0.717739515625 0.853354080078125 0.743919703125 0.8613621328125 0.76567203515625 0.87106523046875 0.818410650390625 0.866270640625 0.85101593359375 0.84868916796875 0.866889875 0.832737736328125 0.868569125 0.788858314453125 0.85499520703125 0.7827211015625 0.871847173828125
7 0.857602623046875 0.560533419921875 0.84706130859375 0.556266095703125 0.842174880859375 0.5919584453125 0.828074779296875 0.66671993359375 0.824129751953125 0.711370064453125 0.81984387109375 0.801304271484375 0.821496154296875 0.82693916015625 0.81657965625 0.836592158203125 0.816941904296875 0.840204412109375 0.817646765625 0.86160666796875 0.823539267578125 0.880056017578125 0.836827646484375 0.886701634765625 0.839318427734375 0.8638642109375 0.830820837890625 0.83150887109375 0.828238330078125 0.77622861328125 0.832141603515625 0.726226837890625 0.835914640625 0.667063123046875 0.8514916796875 0.610320302734375 0.857602623046875 0.560533419921875
7 0.744857265625 0.818467970703125 0.75707825390625 0.800100099609375 0.759473396484375 0.787245302734375 0.763716685546875 0.7731634296875 0.772597611328125 0.76558711328125 0.77845953515625 0.757997236328125 0.789234158203125 0.74764992578125 0.794782396484375 0.737073140625 0.789292125 0.7254190703125 0.77785138671875 0.71754650390625 0.770681216796875 0.72852673046875 0.7690971796875 0.741179296875 0.751737056640625 0.763127337890625 0.739332111328125 0.787670361328125 0.74126091796875 0.8040438046875 0.744857265625 0.818467970703125
7 0.75389548046875 0.690576962890625 0.74919703125 0.71319949609375 0.73678828515625 0.744638080078125 0.727264447265625 0.7738257734375 0.716160650390625 0.808769443359375 0.708676513671875 0.816763783203125 0.7029066484375 0.821267494140625 0.694737615234375 0.8455206640625 0.698513837890625 0.860666263671875 0.70779195703125 0.866780142578125 0.71549470703125 0.858797142578125 0.72006688671875 0.83307608203125 0.7249416328125 0.81807144140625 0.73270536328125 0.793919322265625 0.74087439453125 0.769666150390625 0.753516671875 0.723613830078125 0.76380153515625 0.702662615234375 0.764360439453125 0.670348078125 0.75942147265625 0.64017059765625 0.7552199375 0.659604115234375 0.75389548046875 0.690576962890625
7 0.6386133515625 0.6561997109375 0.62625038671875 0.68609527734375 0.616416658203125 0.70540049609375 0.615280404296875 0.723304427734375 0.620055712890625 0.7251779765625 0.63502756640625 0.702292837890625 0.65108654296875 0.669944146484375 0.66276030859375 0.6632031015625 0.679791263671875 0.665851423828125 0.69808037890625 0.6735481015625 0.71248975 0.689873958984375 0.723654697265625 0.7070087421875 0.732787599609375 0.73154383203125 0.74073819140625 0.77552689453125 0.74892231640625 0.80489622265625 0.751581568359375 0.8034669140625 0.749434935546875 0.77412483203125 0.747281208984375 0.75857374609375 0.75063295703125 0.727094484375 0.7577231953125 0.69851451171875 0.761744859375 0.6783595625 0.757157306640625 0.663415298828125 0.74593869921875 0.66161568359375 0.74381146484375 0.679000412109375 0.74495218359375 0.699125966796875 0.7397778984375 0.719842173828125 0.7359558984375 0.706239595703125 0.724974625 0.68293068359375 0.709754146484375 0.66680705859375 0.69741476953125 0.6553281015625 0.6825079765625 0.64219138671875 0.670432205078125 0.642138048828125 0.647899578125 0.648522341796875 0.6386133515625 0.6561997109375
4 0.39993558203125 0.671885736328125 0.380005404296875 0.6306700390625 0.3663913359375 0.600958806640625 0.34465795703125 0.558967412109375 0.341068111328125 0.559467390625 0.363178669921875 0.603746607421875 0.40899787890625 0.695323841796875 0.42189555078125 0.716630966796875 0.444476484375 0.748193654296875 0.46406851171875 0.772377845703125 0.46387892578125 0.7679295390625 0.4542936953125 0.75437924609375 0.4366125546875 0.7314048203125 0.414368619140625 0.6993487265625 0.39993558203125 0.671885736328125
8 0.52500769140625 0.72868848828125 0.523875240234375 0.730910873046875 0.5229712109375 0.733252849609375 0.522822765625 0.738229171875 0.524958779296875 0.741224546875 0.526816490234375 0.741114447265625 0.52859299609375 0.737496654296875 0.529923767578125 0.733283830078125 0.526782525390625 0.72824597265625 0.52500769140625 0.72868848828125
4 0.67026677734375 0.6600260859375 0.65517454296875 0.6613622890625 0.641192162109375 0.6682456953125 0.632661259765625 0.68056717578125 0.6268671171875 0.6994883515625 0.62365959375 0.715093607421875 0.618729802734375 0.722148572265625 0.61724312109375 0.724945955078125 0.617584947265625 0.726316947265625 0.618597294921875 0.728734595703125 0.62268466015625 0.7221330078125 0.625973142578125 0.714516775390625 0.62785055078125 0.702883703125 0.635473912109375 0.680351626953125 0.6441176171875 0.67067207421875 0.652915462890625 0.666536583984375 0.660955482421875 0.664289595703125 0.67147824609375 0.664336029296875 0.686465896484375 0.670793673828125 0.701179828125 0.682172994140625 0.715761193359375 0.700140255859375 0.724303458984375 0.717427955078125 0.73147255078125 0.7379704609375 0.736555419921875 0.7621888984375 0.73807780078125 0.771033318359375 0.7410035390625 0.773458673828125 0.741832830078125 0.771309962890625 0.741624724609375 0.761168318359375 0.74106293359375 0.745773796875 0.74301573046875 0.727325603515625 0.74672142578125 0.7142652421875 0.74508446484375 0.7118010234375 0.740862671875 0.722522318359375 0.738365005859375 0.744262138671875 0.738872611328125 0.755058173828125 0.735825142578125 0.741739619140625 0.732707646484375 0.72649753515625 0.726876158203125 0.712417853515625 0.717405435546875 0.696332140625 0.699498396484375 0.6765249609375 0.685996697265625 0.667269158203125 0.67026677734375 0.6600260859375
1 0.7564421171875 0.776293123046875 0.759137806640625 0.7688246875 0.76195403515625 0.764201419921875 0.773695046875 0.75055662890625 0.771665732421875 0.74840685546875 0.760634423828125 0.760086392578125 0.75243243359375 0.7702350546875 0.74309055078125 0.784066087890625 0.742562490234375 0.792561939453125 0.744078041015625 0.803947380859375 0.745983466796875 0.806870466796875 0.747736896484375 0.805648875 0.752016115234375 0.79804709375 0.754408828125 0.78228905078125 0.7564421171875 0.776293123046875