5 0.06448153515625 0.551847115234375 0.07307333203125 0.5357522734375 0.0712136171875 0.504574724609375 0.06474712890625 0.4834090390625 0.051484841796875 0.4813085 0.03985260546875 0.50229347265625 0.0392017734375 0.53978659765625 0.06448153515625 0.551847115234375
7 0.292309685546875 0.887362486328125 0.28052069921875 0.88549529296875 0.250239732421875 0.895469064453125 0.24028887890625 0.91537694921875 0.23602535546875 0.937528076171875 0.254238322265625 0.9417551796875 0.28042001953125 0.933817994140625 0.292924220703125 0.9263984765625 0.306423384765625 0.893626173828125 0.292309685546875 0.887362486328125
7 0.890454654296875 0.22479417578125 0.882879037109375 0.22493770703125 0.875990205078125 0.249357931640625 0.876604591796875 0.288394837890625 0.88196209375 0.33086882421875 0.8988877421875 0.324149595703125 0.90948192578125 0.309715291015625 0.907300544921875 0.275800951171875 0.890454654296875 0.22479417578125
7 0.49066308984375 0.707968337890625 0.500170015625 0.724243892578125 0.51237384375 0.723491880859375 0.530357806640625 0.7196261171875 0.537869189453125 0.691275259765625 0.532554193359375 0.667607044921875 0.509526890625 0.6747023203125 0.489239943359375 0.683573142578125 0.450325041015625 0.690836978515625 0.42467228515625 0.700202267578125 0.400650384765625 0.732651322265625 0.38256588671875 0.784838873046875 0.3779726796875 0.847219833984375 0.379896484375 0.906605623046875 0.391371166015625 0.862770232421875 0.39679434375 0.7951490390625 0.41036473046875 0.747617275390625 0.42588815625 0.725906150390625 0.466255291015625 0.70947327734375 0.49066308984375 0.707968337890625
7 0.692191318359375 0.67543543359375 0.697513669921875 0.656137853515625 0.6992450625 0.630899833984375 0.696254779296875 0.611628115234375 0.688772482421875 0.60641473828125 0.679422966796875 0.61299051953125 0.67327078515625 0.637527416015625 0.674715515625 0.671325083984375 0.6710237265625 0.7137082578125 0.66406264453125 0.752887779296875 0.661908908203125 0.8237117109375 0.673754625 0.896752935546875 0.70266866015625 0.933557921875 0.720322796875 0.96992290625 0.736761205078125 0.980583091796875 0.702790265625 0.8946385234375 0.681502513671875 0.83352823828125 0.679027751953125 0.7633146171875 0.692191318359375 0.67543543359375
7 0.77354178515625 0.54330507421875 0.77717554296875 0.5680494609375 0.75899823828125 0.62559400390625 0.734260755859375 0.6673287734375 0.695553275390625 0.6732830078125 0.671839474609375 0.656099759765625 0.658369767578125 0.655308822265625 0.676532064453125 0.683697693359375 0.72435306640625 0.706041599609375 0.756272251953125 0.676185802734375 0.777761505859375 0.640649771484375 0.7908453125 0.61049658984375 0.793499708984375 0.57466325390625 0.797234146484375 0.551084939453125 0.8002317890625 0.52739086328125 0.794180142578125 0.503605974609375 0.785846435546875 0.49422944921875 0.774629701171875 0.512594384765625 0.77354178515625 0.54330507421875
7 0.946757314453125 0.460635076171875 0.95546283984375 0.448586546875 0.9632032265625 0.4283285546875 0.967259330078125 0.407487029296875 0.96291050390625 0.392028439453125 0.948403033203125 0.39778634375 0.94349551953125 0.414464716796875 0.938702765625 0.435189568359375 0.93476090625 0.460077486328125 0.919716701171875 0.507375818359375 0.893112 0.56089974609375 0.857158296875 0.62099953515625 0.838937826171875 0.65973913671875 0.82829297265625 0.698335208984375 0.835060201171875 0.7128343828125 0.84321557421875 0.6899562734375 0.86339578125 0.6340723515625 0.89725377734375 0.57766893359375 0.931412513671875 0.514599005859375 0.946757314453125 0.460635076171875
7 0.8125824140625 0.86905999609375 0.79031348828125 0.885673501953125 0.775827455078125 0.900834787109375 0.77725810546875 0.882263279296875 0.7928320546875 0.83639130078125 0.81435025 0.767291947265625 0.828221380859375 0.713093671875 0.8485665 0.637094376953125 0.849467921875 0.617096591796875 0.835926619140625 0.6310641171875 0.82862265625 0.658105375 0.807032353515625 0.74196311328125 0.7647829921875 0.85611855859375 0.75427396875 0.908163494140625 0.774718470703125 0.92214308984375 0.798295927734375 0.925877392578125 0.819527607421875 0.915812810546875 0.825358123046875 0.888539119140625 0.8125824140625 0.86905999609375
7 0.14469329296875 0.612890056640625 0.146975498046875 0.598480779296875 0.149972626953125 0.574786625 0.1464746953125 0.5634911015625 0.138255748046875 0.55816105078125 0.128376630859375 0.563309556640625 0.12001383984375 0.587497267578125 0.12546466015625 0.624614345703125 0.134091091796875 0.670290986328125 0.1468883828125 0.699172578125 0.171017025390625 0.71373662109375 0.208437041015625 0.69683696875 0.2229732265625 0.65751383203125 0.231085947265625 0.6158308671875 0.23240235546875 0.593212962890625 0.226021025390625 0.609657908203125 0.22249415234375 0.631925708984375 0.215190189453125 0.65896696484375 0.20680647265625 0.673751373046875 0.19347193359375 0.686410130859375 0.177999177734375 0.683959486328125 0.157139318359375 0.672599013671875 0.15023677734375 0.644651056640625 0.14469329296875 0.612890056640625
7 0.332342373046875 0.677522048828125 0.317606267578125 0.675188078125 0.24343916796875 0.6808968125 0.19556815625 0.68271383984375 0.165172943359375 0.688641216796875 0.149763763671875 0.714398734375 0.146651876953125 0.734046416015625 0.161989318359375 0.72304827734375 0.170788021484375 0.70564375390625 0.18370757421875 0.69560511328125 0.225498001953125 0.70356651953125 0.27283978515625 0.700323216796875 0.299457537109375 0.699168302734375 0.31736976171875 0.71006191796875 0.339288080078125 0.72427494140625 0.3444456640625 0.72509182421875 0.345741001953125 0.693071533203125 0.332342373046875 0.677522048828125
7 0.3073688984375 0.75413073828125 0.29859913671875 0.73797194140625 0.2918820625 0.69931091796875 0.3032425 0.651429134765625 0.319230919921875 0.602936958984375 0.348388822265625 0.561902314453125 0.381731150390625 0.55644171484375 0.417076671875 0.55263990625 0.39465070703125 0.546403076171875 0.35633662890625 0.54033472265625 0.33374589453125 0.554212349609375 0.303343177734375 0.603106431640625 0.288828205078125 0.65183104296875 0.284514009765625 0.69814393359375 0.27685944140625 0.756011720703125 0.27537812109375 0.798744998046875 0.28550730859375 0.81109174609375 0.295500814453125 0.80998871875 0.3028046328125 0.782948375 0.3073688984375 0.75413073828125
7 0.3536361171875 0.1854242109375 0.360568259765625 0.179808013671875 0.36591168359375 0.169912822265625 0.37911039453125 0.143805201171875 0.379067744140625 0.12500034375 0.3743035625 0.112160875 0.357421080078125 0.137685044921875 0.3480210390625 0.16842167578125 0.333577658203125 0.202387822265625 0.30607941015625 0.23294382421875 0.280613150390625 0.2315962109375 0.2618284453125 0.207137056640625 0.247421509765625 0.164573171875 0.2441818125 0.1278053671875 0.239675576171875 0.089495443359375 0.236720439453125 0.131995291015625 0.242764583984375 0.19874688671875 0.2492738671875 0.238716513671875 0.27941098828125 0.2582605078125 0.3132830625 0.254226263671875 0.32712525 0.2335913125 0.3536361171875 0.1854242109375
7 0.402044376953125 0.1420668359375 0.4181400546875 0.14058783984375 0.437275509765625 0.134219548828125 0.446374955078125 0.110148513671875 0.436961203125 0.088516966796875 0.427175263671875 0.088309478515625 0.412803474609375 0.107517158203125 0.388116517578125 0.125091076171875 0.361033255859375 0.1530269609375 0.335280478515625 0.2107141171875 0.326152091796875 0.268348478515625 0.341316603515625 0.320432337890625 0.381354568359375 0.34422937890625 0.3962555859375 0.32644797265625 0.3539855703125 0.292898361328125 0.349157669921875 0.251851646484375 0.356075732421875 0.19386626953125 0.379038658203125 0.158564580078125 0.402044376953125 0.1420668359375
2 0.47373419140625 0.385426833984375 0.49688208984375 0.3332125234375 0.522760958984375 0.282296978515625 0.531544912109375 0.238676646484375 0.521946626953125 0.210482658203125 0.48492395703125 0.2429622109375 0.44560924609375 0.3017525078125 0.426906130859375 0.348803189453125 0.411977232421875 0.389783443359375 0.421948853515625 0.40970059765625 0.455507158203125 0.4050138671875 0.47373419140625 0.385426833984375
7 0.1927834765625 0.777637630859375 0.197833939453125 0.7682303984375 0.2025326484375 0.76004521875 0.21270358203125 0.75377672265625 0.227518771484375 0.73417334765625 0.235967345703125 0.706807146484375 0.2402374765625 0.683845220703125 0.244554875 0.66257916015625 0.245902896484375 0.634088341796875 0.24107529296875 0.60461940234375 0.22803363671875 0.589046771484375 0.212722041015625 0.583807375 0.192853611328125 0.59135421875 0.17439903515625 0.619948966796875 0.160414236328125 0.6363071015625 0.159523140625 0.651924796875 0.165350330078125 0.65509953125 0.180144080078125 0.645623037109375 0.186101337890625 0.62799346484375 0.19985536328125 0.607096119140625 0.21281371484375 0.605209283203125 0.222829037109375 0.607920515625 0.227459853515625 0.60865396484375 0.2343922421875 0.632827712890625 0.236336345703125 0.654523017578125 0.230974810546875 0.682378158203125 0.224070013671875 0.709988869140625 0.20816356640625 0.73448454296875 0.19153455859375 0.75154977734375 0.187442650390625 0.755404337890625 0.175667234375 0.77380078515625 0.1722671328125 0.791272892578125 0.181346806640625 0.789896693359375 0.1927834765625 0.777637630859375
7 0.3623404375 0.376513494140625 0.373545158203125 0.36172028125 0.380072451171875 0.34249261328125 0.3817548125 0.325874341796875 0.37684492578125 0.31890565625 0.3667040859375 0.3189878828125 0.35643317578125 0.33987441796875 0.350098044921875 0.3658860390625 0.33536587109375 0.4029507109375 0.318189796875 0.4514469609375 0.309441228515625 0.48270488671875 0.303393025390625 0.5188941015625 0.29797995703125 0.56306239453125 0.290235740234375 0.58997673828125 0.284800220703125 0.604312185546875 0.277860193359375 0.616157546875 0.270785328125 0.626856591796875 0.26093155859375 0.637115501953125 0.251755947265625 0.635098810546875 0.245763828125 0.636964029296875 0.247112064453125 0.6484346796875 0.25470491796875 0.652450611328125 0.276542779296875 0.638462177734375 0.28586615234375 0.62755678125 0.2988805859375 0.5913459453125 0.30568115625 0.556402728515625 0.31229022265625 0.5146747265625 0.319455890625 0.485416951171875 0.32890015625 0.449766556640625 0.338844724609375 0.42094891796875 0.351394234375 0.393669759765625 0.3581995703125 0.380677166015625 0.3623404375 0.376513494140625
7 0.31669719140625 0.394928744140625 0.32406353515625 0.37639644921875 0.33002079296875 0.358766876953125 0.328663384765625 0.34335553125 0.321880142578125 0.34622041015625 0.31053500390625 0.379882296875 0.302386052734375 0.40335577734375 0.286936744140625 0.454939796875 0.279779736328125 0.488138181640625 0.27394476171875 0.520983474609375 0.271714818359375 0.569032681640625 0.273311001953125 0.59292467578125 0.276477310546875 0.62888401171875 0.2787870234375 0.656264841796875 0.281078904296875 0.675764369140625 0.284814375 0.67016497265625 0.281891248046875 0.624676357421875 0.27897678125 0.583128353515625 0.278002166015625 0.54132511328125 0.28411958984375 0.496704962890625 0.295264421875 0.452318595703125 0.308482767578125 0.408824060546875 0.31669719140625 0.394928744140625
7 0.182697775390625 0.47163601171875 0.195943857421875 0.479925021484375 0.21174217578125 0.5060664140625 0.2270585390625 0.533256435546875 0.24067874609375 0.55117249609375 0.258290884765625 0.579852029296875 0.270967802734375 0.6296997734375 0.27606493359375 0.66146226171875 0.28077414453125 0.657705470703125 0.28179141796875 0.63929348046875 0.27828584765625 0.60947144921875 0.2705928046875 0.580112083984375 0.2487278671875 0.54231613671875 0.227245421875 0.51808968359375 0.208150212890625 0.4767931796875 0.207158267578125 0.467068275390625 0.19505563671875 0.437572982421875 0.187858486328125 0.433056306640625 0.181431681640625 0.437666017578125 0.177065841796875 0.457236966796875 0.182697775390625 0.47163601171875
7 0.232698115234375 0.511636369140625 0.241986875 0.504445361328125 0.246865390625 0.498121412109375 0.2553668828125 0.494402779296875 0.26444655859375 0.493026580078125 0.274787560546875 0.503669748046875 0.28460733984375 0.517607123046875 0.2890211796875 0.539693595703125 0.2926830234375 0.560535064453125 0.292040388671875 0.588574185546875 0.2824823515625 0.61295038671875 0.2644539453125 0.634859115234375 0.2492078203125 0.6391978828125 0.24959045703125 0.652766458984375 0.259335736328125 0.653184060546875 0.26598480078125 0.649172029296875 0.27650351171875 0.640707755859375 0.285122154296875 0.630253220703125 0.2939844921875 0.61026948828125 0.297714681640625 0.582719388671875 0.30081905078125 0.551129990234375 0.297035439453125 0.5150728828125 0.2864937578125 0.493704236328125 0.271069419921875 0.47719080859375 0.251761998046875 0.479197951171875 0.237046125 0.48418412109375 0.224000720703125 0.48662058984375 0.2170907890625 0.492279681640625 0.210681525390625 0.504772525390625 0.21661294140625 0.515279765625 0.22614498828125 0.519041291015625 0.232698115234375 0.511636369140625
7 0.356727796875 0.39026591015625 0.360012130859375 0.404970921875 0.35914393359375 0.421645958984375 0.35278349609375 0.467397578125 0.33884082421875 0.508796525390625 0.3133773828125 0.5520484453125 0.282693818359375 0.5797628359375 0.244439025390625 0.5899905 0.2393204609375 0.60178873828125 0.2474718125 0.6025548046875 0.275034048828125 0.596412158203125 0.2982205859375 0.584322900390625 0.31904055078125 0.56292755859375 0.34588343359375 0.510962865234375 0.36125959375 0.46611327734375 0.3675468359375 0.42455273046875 0.370850197265625 0.392502677734375 0.373744384765625 0.37982621484375 0.371957419921875 0.353799384765625 0.3661854140625 0.34920750390625 0.3611231796875 0.349456625 0.353662310546875 0.36298568359375 0.356613982421875 0.37606212109375 0.356727796875 0.39026591015625
7 0.340822615234375 0.23700009375 0.347926677734375 0.248107423828125 0.3494883984375 0.26995965625 0.350730884765625 0.310610990234375 0.350979984375 0.3668666328125 0.348727861328125 0.409066279296875 0.34470512109375 0.43259705859375 0.3355113125 0.462664189453125 0.32340762109375 0.498048994140625 0.3156710546875 0.535702302734375 0.31701102734375 0.54589669140625 0.32450791015625 0.530272470703125 0.335379744140625 0.491475171875 0.34625001953125 0.45641999609375 0.356519357421875 0.41023658203125 0.360338076171875 0.369335962890625 0.360735013671875 0.325791583984375 0.36245557421875 0.285083630859375 0.360059755859375 0.244249625 0.35917074609375 0.23307576171875 0.352196359375 0.206227328125 0.347613326171875 0.199721958984375 0.33754239453125 0.205482251953125 0.33345871875 0.220072123046875 0.340822615234375 0.23700009375
7 0.7050241484375 0.2349231953125 0.70699853515625 0.276187310546875 0.716897953125 0.28395188671875 0.723454982421875 0.27975184765625 0.725177037109375 0.2544129765625 0.723863275390625 0.237907021484375 0.719815513671875 0.222132376953125 0.716145333984375 0.2122373359375 0.710307015625 0.170568416015625 0.70298958984375 0.140305763671875 0.68830573046875 0.119353525390625 0.670716349609375 0.104343998046875 0.652084169921875 0.1124522578125 0.6391686796875 0.12786885546875 0.625479724609375 0.16469939453125 0.6227458125 0.206758046875 0.6216715625 0.236273755859375 0.62559343359375 0.236312751953125 0.631007337890625 0.210394275390625 0.63606621875 0.1681226328125 0.643396197265625 0.142508572265625 0.65695059765625 0.127193166015625 0.66806789453125 0.12313323828125 0.67952243359375 0.127275189453125 0.6962306171875 0.156115291015625 0.704402791015625 0.201646865234375 0.7050241484375 0.2349231953125
7 0.67319491015625 0.13209374609375 0.682392099609375 0.14635624609375 0.682851111328125 0.14759328125 0.681866296875 0.17654098828125 0.67458592578125 0.20390940625 0.6626057265625 0.22995128125 0.639666087890625 0.269390890625 0.6200535 0.287821005859375 0.592301296875 0.295649130859375 0.573322615234375 0.291478869140625 0.555621095703125 0.287511826171875 0.554429333984375 0.305367447265625 0.56127451171875 0.307615015625 0.584961912109375 0.31718746875 0.61922190625 0.30340594140625 0.64843571875 0.276018431640625 0.672414265625 0.23208696875 0.683396412109375 0.20821475 0.69135589453125 0.17862616015625 0.693437603515625 0.15101651953125 0.695596109375 0.13738825 0.690972337890625 0.10871656640625 0.686924576171875 0.092941923828125 0.679310482421875 0.093481533203125 0.670186056640625 0.111827248046875 0.67319491015625 0.13209374609375
7 0.5658299375 0.18327270703125 0.569479341796875 0.16281487890625 0.57373330859375 0.14835509765625 0.572109498046875 0.13587426953125 0.56513468359375 0.1365160703125 0.557808595703125 0.143504201171875 0.555510533203125 0.155946033203125 0.552232576171875 0.1787098046875 0.552169671875 0.1915056484375 0.54971126953125 0.25456128125 0.553682833984375 0.297681974609375 0.559880806640625 0.337080125 0.572995466796875 0.370007470703125 0.589514486328125 0.395906775390625 0.59875201953125 0.40784699609375 0.603195291015625 0.396327099609375 0.580141798828125 0.364154267578125 0.57041820703125 0.3387490859375 0.56322166796875 0.301520509765625 0.558750603515625 0.259485974609375 0.5598877578125 0.217174419921875 0.5658299375 0.18327270703125
7 0.5536607890625 0.308155623046875 0.566258841796875 0.29681079296875 0.575211126953125 0.279555275390625 0.602599185546875 0.2512964296875 0.62436962109375 0.219238875 0.65306143359375 0.1620828359375 0.6693 0.1029553359375 0.6743363203125 0.0711572578125 0.6788330859375 0.042765791015625 0.67737976953125 0.025073396484375 0.67081384765625 0.02519779296875 0.664549826171875 0.058547921875 0.662387060546875 0.090801126953125 0.658650607421875 0.1123279453125 0.64969226953125 0.144087939453125 0.637860521484375 0.17539189453125 0.61873450390625 0.207287052734375 0.592043484375 0.2414761015625 0.567120236328125 0.270706564453125 0.556092888671875 0.27419857421875 0.548357763671875 0.281705025390625 0.541279333984375 0.297463955078125 0.54522825390625 0.309730876953125 0.5536607890625 0.308155623046875
7 0.68792717578125 0.072145501953125 0.69805016796875 0.051630212890625 0.7072738046875 0.03679321875 0.702416126953125 0.0261288671875 0.69224793359375 0.02626394921875 0.684031751953125 0.04300701171875 0.67591426953125 0.0632587109375 0.652884681640625 0.1032662421875 0.64143088671875 0.140450794921875 0.640550431640625 0.195607876953125 0.655999091796875 0.2323969609375 0.68224110546875 0.2423740234375 0.700994685546875 0.227299919921875 0.73162910546875 0.182676140625 0.73979553515625 0.1641796328125 0.736953431640625 0.15732658203125 0.72854808984375 0.17112884765625 0.70555869921875 0.20881501171875 0.693631998046875 0.217985314453125 0.684071263671875 0.224619513671875 0.665411892578125 0.22050076171875 0.65346203125 0.198817208984375 0.647560955078125 0.169943220703125 0.654814794921875 0.130346955078125 0.664779931640625 0.10049386328125 0.681860095703125 0.071184572265625 0.68792717578125 0.072145501953125
7 0.514331767578125 0.052217931640625 0.510872796875 0.0347900390625 0.50284966796875 0.035847970703125 0.495852439453125 0.046962423828125 0.489030564453125 0.075567796875 0.482230732421875 0.0936995234375 0.467705328125 0.123412509765625 0.462296056640625 0.172031560546875 0.46562033203125 0.2109755 0.479971583984375 0.246426435546875 0.4928296875 0.266507337890625 0.498955267578125 0.273298271484375 0.50395587890625 0.26652305078125 0.498401302734375 0.249927583984375 0.484634951171875 0.23144933203125 0.472329697265625 0.19341161328125 0.47169959375 0.156058724609375 0.4787415703125 0.123996142578125 0.49295692578125 0.098308283203125 0.50585462890625 0.074740400390625 0.51139530859375 0.064558650390625 0.514331767578125 0.052217931640625
7 0.5852833125 0.17463078515625 0.589987626953125 0.198658822265625 0.598118859375 0.205185251953125 0.60591233984375 0.20350971875 0.612622220703125 0.185945916015625 0.612095818359375 0.174803234375 0.6058217890625 0.16275021875 0.596872259765625 0.157258517578125 0.58964037890625 0.14505379296875 0.5729503515625 0.124365974609375 0.554471025390625 0.119110466796875 0.531548796875 0.1253758515625 0.50677788671875 0.14124246875 0.486716060546875 0.162512271484375 0.483635787109375 0.192291484375 0.4828312421875 0.220104345703125 0.491079474609375 0.23829078125 0.509158947265625 0.248138423828125 0.516125380859375 0.243421060546875 0.509122494140625 0.2318347734375 0.49706990234375 0.225269427734375 0.48915001953125 0.211209232421875 0.49222977734375 0.181429935546875 0.502312568359375 0.163236013671875 0.522284443359375 0.142534130859375 0.53659475390625 0.138979923828125 0.56039466015625 0.137510890625 0.57162895703125 0.14511096484375 0.582732443359375 0.155601158203125 0.5852833125 0.17463078515625
7 0.37422283984375 0.439641185546875 0.386338076171875 0.438955765625 0.39691226171875 0.4239651875 0.412600984375 0.4155135390625 0.44542237109375 0.4061305625 0.481137341796875 0.39512189453125 0.504917404296875 0.374411005859375 0.526395328125 0.346044806640625 0.539661189453125 0.312211837890625 0.549732052734375 0.27266519921875 0.547176404296875 0.2425755078125 0.542078294921875 0.243330806640625 0.5427507578125 0.27051794140625 0.5307243828125 0.311317619140625 0.5117250703125 0.35361623828125 0.489534478515625 0.373537349609375 0.4665144765625 0.387598228515625 0.431524255859375 0.394034345703125 0.403237669921875 0.4062186171875 0.39283596875 0.407175435546875 0.377219939453125 0.4114724921875 0.367004091796875 0.422352779296875 0.366625978515625 0.43583367578125 0.37422283984375 0.439641185546875
1 0.269174158203125 0.919542255859375 0.2773627109375 0.9208391953125 0.2778966796875 0.920923767578125 0.28300877734375 0.92205780859375 0.29187663671875 0.92021776171875 0.296412078125 0.91347292578125 0.29911263671875 0.9044894140625 0.2958200078125 0.898776216796875 0.29129701171875 0.8996826015625 0.279686568359375 0.90271101953125 0.271134458984375 0.90946934375 0.269174158203125 0.919542255859375
4 0.78758483203125 0.90282165625 0.772939630859375 0.907065296875 0.768237931640625 0.90678935546875 0.768545853515625 0.89652504296875 0.7807225078125 0.856264775390625 0.807527439453125 0.771914873046875 0.825864515625 0.711067625 0.83490030078125 0.662341419921875 0.825740548828125 0.688547830078125 0.8211051640625 0.717814498046875 0.806563564453125 0.768012337890625 0.78934546875 0.82012993359375 0.7726091640625 0.8741997109375 0.766013689453125 0.8975301875 0.765144609375 0.90301734375 0.76493465234375 0.9076723671875 0.7717014921875 0.911556533203125 0.78906312890625 0.906805666015625 0.78758483203125 0.90282165625
1 0.8922104140625 0.263373443359375 0.8906983125 0.247194185546875 0.898223140625 0.250627486328125 0.901021931640625 0.24569158203125 0.8957800390625 0.24217081640625 0.89141466796875 0.23789359375 0.88639533984375 0.239340095703125 0.88202023828125 0.246267822265625 0.885145462890625 0.261557923828125 0.888550958984375 0.260752037109375 0.8881041953125 0.26516424609375 0.8922104140625 0.263373443359375