7 1 0.769322912109375 0.998890515625 0.767555041015625 0.98604817578125 0.767557181640625 0.98653355078125 0.789545255859375 0.997093349609375 0.814233103515625 1 0.818366388671875 1 0.769322912109375
7 0.90222009765625 0.76288938671875 0.91207408203125 0.7923506796875 0.91896755859375 0.794691916015625 0.914856607421875 0.768424904296875 0.898711509765625 0.727100208984375 0.88577051953125 0.683019115234375 0.885401619140625 0.629520861328125 0.891803978515625 0.53739651953125 0.894854712890625 0.493713943359375 0.901389212890625 0.4748016171875 0.90487008203125 0.456264232421875 0.900022158203125 0.43481180859375 0.884767921875 0.429598638671875 0.87832866015625 0.44928662109375 0.88197248828125 0.489784228515625 0.87540418359375 0.591378080078125 0.873671955078125 0.653008755859375 0.883432626953125 0.710865298828125 0.90222009765625 0.76288938671875
7 0.59312122265625 0.70884325 0.59964016015625 0.730643693359375 0.60963820703125 0.7351616953125 0.6015759609375 0.698356001953125 0.5849243671875 0.667329984375 0.567605474609375 0.630873513671875 0.55203757421875 0.5690049765625 0.545336818359375 0.4855756484375 0.552599107421875 0.4437389375 0.560212681640625 0.41918266796875 0.561622609375 0.394599828125 0.5465188515625 0.387005197265625 0.539793875 0.4043662109375 0.538749546875 0.4391406484375 0.532500248046875 0.460380005859375 0.532593017578125 0.529660103515625 0.554723248046875 0.626943798828125 0.580721474609375 0.683593970703125 0.59312122265625 0.70884325
2 0.85606105859375 0.6394231640625 0.86621290234375 0.65009141015625 0.879303537109375 0.648380533203125 0.88456951953125 0.63356071484375 0.882037740234375 0.616548005859375 0.870629861328125 0.60298812890625 0.859382158203125 0.6051565234375 0.854401890625 0.6223033125 0.85606105859375 0.6394231640625
7 0.75718616015625 0.144324255859375 0.770504806640625 0.14820131640625 0.7884163671875 0.157025892578125 0.801473716796875 0.169595888671875 0.8109150703125 0.195995759765625 0.81442366015625 0.2317849375 0.824783396484375 0.23681265625 0.82421825 0.206960873046875 0.81044464453125 0.1669196953125 0.776302333984375 0.13410358203125 0.750672896484375 0.130950748046875 0.7355138984375 0.126513236328125 0.709147599609375 0.12817591015625 0.704072095703125 0.144547041015625 0.70886518359375 0.169155599609375 0.730146908203125 0.165755181640625 0.738998068359375 0.151282509765625 0.75718616015625 0.144324255859375
2 0.93177940234375 0.555255080078125 0.940134646484375 0.537888869140625 0.9326688828125 0.516757875 0.92386337890625 0.509964619140625 0.913528287109375 0.51595864453125 0.912228953125 0.534228171875 0.920051138671875 0.54744096484375 0.93177940234375 0.555255080078125
2 0.593192853515625 0.637564328125 0.5924501484375 0.6183738359375 0.5850489140625 0.612196439453125 0.575967279296875 0.62118502734375 0.584170533203125 0.6375013671875 0.593192853515625 0.637564328125
2 0.55253920703125 0.974989431640625 0.55015812890625 0.9555971015625 0.54101207421875 0.949633009765625 0.533143716796875 0.957686208984375 0.531352720703125 0.979165505859375 0.538412998046875 0.986173048828125 0.54770953125 0.9897556796875 0.55253920703125 0.974989431640625
7 0.452759486328125 0.779621052734375 0.486478060546875 0.762095044921875 0.5083678046875 0.72397376171875 0.508825345703125 0.691634357421875 0.5032799296875 0.678929361328125 0.49806353125 0.715790763671875 0.49098150390625 0.741069119140625 0.473024291015625 0.753510474609375 0.4398527265625 0.764670513671875 0.411123484375 0.783158609375 0.39023178515625 0.807770529296875 0.374510939453125 0.816787892578125 0.36653187890625 0.831153486328125 0.367509314453125 0.849930810546875 0.378987494140625 0.8532465 0.393454771484375 0.84123365625 0.39780825390625 0.822589126953125 0.410736134765625 0.805252912109375 0.429661828125 0.79348092578125 0.452759486328125 0.779621052734375
7 0.467631921875 0.572394478515625 0.471597759765625 0.554345146484375 0.473087572265625 0.537626931640625 0.4583248828125 0.529203076171875 0.453210005859375 0.5416422890625 0.448269626953125 0.56272093359375 0.44841393359375 0.58553823828125 0.44325288671875 0.6192434453125 0.4288345625 0.65329701953125 0.40678453125 0.67568911328125 0.3808700078125 0.6702101640625 0.369858435546875 0.65266394140625 0.3600207734375 0.6302504140625 0.354521533203125 0.59627942578125 0.351473669921875 0.57145658203125 0.342311744140625 0.5725815234375 0.3507949453125 0.616422615234375 0.365615658203125 0.664996076171875 0.3811802578125 0.68355795703125 0.398520271484375 0.687727671875 0.414130525390625 0.685023623046875 0.431270994140625 0.669533150390625 0.44550790625 0.652037140625 0.45328690625 0.618011421875 0.458297880859375 0.586686693359375 0.467631921875 0.572394478515625
6 0.499035341796875 0.775413041015625 0.5078365234375 0.752105607421875 0.508794677734375 0.734664388671875 0.502542708984375 0.712597943359375 0.493165771484375 0.701150748046875 0.48070438671875 0.704255515625 0.47595511328125 0.72688632421875 0.472704609375 0.75090687890625 0.4591339609375 0.773833466796875 0.443102755859375 0.7695021171875 0.43596270703125 0.754630865234375 0.421987087890625 0.76343394140625 0.405076982421875 0.78440758203125 0.40970989453125 0.7932878671875 0.423741380859375 0.78132853125 0.433108732421875 0.774666912109375 0.441954123046875 0.785392021484375 0.45658105859375 0.789107513671875 0.47133405078125 0.779421638671875 0.47845596484375 0.75807513671875 0.4838320234375 0.73694206640625 0.486290205078125 0.72089230078125 0.49196167578125 0.720195931640625 0.48722723828125 0.7357378359375 0.483786369140625 0.75820799609375 0.489863328125 0.771635076171875 0.499035341796875 0.775413041015625
2 0.30391789453125 0.653013791015625 0.282921482421875 0.65874216015625 0.27479234765625 0.67548823046875 0.277022833984375 0.6972611015625 0.28399694140625 0.72160186328125 0.30264598828125 0.725611783203125 0.31535308984375 0.720901212890625 0.32296614453125 0.6963450078125 0.3147937109375 0.665851646484375 0.30391789453125 0.653013791015625
7 0.28701071484375 0.49550297265625 0.29370507421875 0.552678126953125 0.2953026015625 0.58960031640625 0.300742900390625 0.599372185546875 0.302879109375 0.568951763671875 0.29647701171875 0.508840404296875 0.28361153515625 0.43328308203125 0.27768504296875 0.400952314453125 0.27437617578125 0.379320248046875 0.26587888671875 0.3473051328125 0.253176896484375 0.3448048515625 0.25227859375 0.3640541015625 0.25851978515625 0.383006986328125 0.268657822265625 0.399161328125 0.273421373046875 0.424674673828125 0.28701071484375 0.49550297265625
7 0.17855676171875 0.531383 0.16752480078125 0.515918671875 0.148932330078125 0.49732183203125 0.131503427734375 0.48554326953125 0.12122708203125 0.500144291015625 0.13324121875 0.523607806640625 0.170274453125 0.564878138671875 0.17950745703125 0.586944248046875 0.17814528515625 0.5731920078125 0.1644951796875 0.5470290390625 0.150331142578125 0.527309138671875 0.1354139609375 0.509421533203125 0.13179091015625 0.501167287109375 0.14151915234375 0.50867191015625 0.15291316015625 0.521772646484375 0.1606323984375 0.5341640859375 0.169063875 0.547048326171875 0.17577809375 0.56188323828125 0.18644128125 0.566373673828125 0.191523908203125 0.559949896484375 0.18988058203125 0.543912103515625 0.17855676171875 0.531383
7 0.22318173046875 0.3608549765625 0.231826126953125 0.40735083984375 0.2367779140625 0.4450216796875 0.234711892578125 0.476013734375 0.23213671875 0.494888630859375 0.238832873046875 0.5016059765625 0.241577591796875 0.48677015625 0.242310611328125 0.44492166796875 0.240508958984375 0.419623966796875 0.23542864453125 0.375589876953125 0.22477461328125 0.333979974609375 0.208598994140625 0.287248328125 0.193843994140625 0.260061455078125 0.17919623046875 0.249680298828125 0.17533551171875 0.268713974609375 0.187028107421875 0.292216970703125 0.202599595703125 0.30480477734375 0.20959433984375 0.321924384765625 0.22318173046875 0.3608549765625
2 0.50223050390625 0.25708977734375 0.4969071640625 0.245377150390625 0.489043654296875 0.2467344765625 0.48420901171875 0.25377616015625 0.482771544921875 0.26316391015625 0.488126984375 0.277244908203125 0.491922494140625 0.278621314453125 0.4985575625 0.277806630859375 0.501062880859375 0.272893388671875 0.504031447265625 0.2633167109375 0.50223050390625 0.25708977734375
7 0.094970109375 0.526023216796875 0.096953818359375 0.508754599609375 0.097705876953125 0.489814361328125 0.09921715625 0.465915935546875 0.1045381015625 0.445197302734375 0.11308837109375 0.436851412109375 0.118932119140625 0.434310109375 0.127017234375 0.4333173828125 0.1388819453125 0.43246881640625 0.15488171875 0.440232357421875 0.165374796875 0.45049581640625 0.17104278125 0.477161228515625 0.17478626171875 0.493725705078125 0.180641666015625 0.485710703125 0.178079169921875 0.45927221875 0.167676107421875 0.424676607421875 0.142561537109375 0.40951969921875 0.118464474609375 0.4082226484375 0.108566515625 0.416734015625 0.09934265625 0.42516261328125 0.088569546875 0.440470181640625 0.0827404609375 0.47097833984375 0.07892537890625 0.4872553515625 0.074479583984375 0.501177783203125 0.070970337890625 0.514376986328125 0.0697655234375 0.5351984609375 0.081428560546875 0.541062470703125 0.08599755859375 0.5392849921875 0.088735298828125 0.53651682421875 0.094970109375 0.526023216796875
7 0.823764193359375 0.136486271484375 0.827406927734375 0.114138720703125 0.81653243359375 0.09893119140625 0.80646613671875 0.112982140625 0.7996743515625 0.13769684765625 0.796320841796875 0.163737607421875 0.78666615234375 0.186474435546875 0.791895494140625 0.205054333984375 0.800073740234375 0.20230288671875 0.8117096015625 0.158353537109375 0.81717675390625 0.149527021484375 0.823764193359375 0.136486271484375
7 0.69499140625 0 0.69990426953125 0.01604715234375 0.715448095703125 0.038602443359375 0.72842837109375 0.069626796875 0.739102279296875 0.0952055234375 0.750725794921875 0.10183748046875 0.758703673828125 0.0921205703125 0.755451642578125 0.07096848828125 0.748943087890625 0.047303806640625 0.738135369140625 0.039311361328125 0.730431623046875 0.0379269296875 0.71789226953125 0.018498236328125 0.7097744609375 0 0.69499140625 0
7 0.2841823125 0.373073990234375 0.2967298515625 0.390646181640625 0.30824278515625 0.396877517578125 0.31928129296875 0.405078578125 0.331918013671875 0.417543498046875 0.344177029296875 0.4415226796875 0.36009467578125 0.477793908203125 0.370880533203125 0.530623224609375 0.3765510625 0.57388705078125 0.37853898046875 0.560900765625 0.38078325390625 0.538326583984375 0.377128974609375 0.505645923828125 0.36448917578125 0.45814149609375 0.344976716796875 0.41594008984375 0.31438901171875 0.3827435 0.305095724609375 0.36540889453125 0.29129053515625 0.349265435546875 0.285046958984375 0.35385405859375 0.2841823125 0.373073990234375
7 0.292553703125 0.744703474609375 0.283457068359375 0.735539134765625 0.265170478515625 0.734686353515625 0.25420904296875 0.72711298828125 0.24172646484375 0.715903455078125 0.23235558984375 0.697941220703125 0.223407212890625 0.66591059375 0.221659318359375 0.640003650390625 0.227380375 0.60489753125 0.24025723046875 0.578470140625 0.258359166015625 0.565416771484375 0.27484539453125 0.574223248046875 0.29215964453125 0.581016587890625 0.29375020703125 0.57062771484375 0.289482548828125 0.56796593359375 0.27147466015625 0.55552335546875 0.250785328125 0.55041873828125 0.2331135390625 0.564056447265625 0.21893423828125 0.59446669921875 0.2129251796875 0.63597974609375 0.219135095703125 0.683636509765625 0.235073017578125 0.72882544140625 0.254711802734375 0.74871271875 0.261944560546875 0.75801822265625 0.27952230078125 0.7698764609375 0.294333763671875 0.7737913203125 0.29603367578125 0.767211962890625 0.292553703125 0.744703474609375
7 0.259039552734375 0.50676705859375 0.258452072265625 0.46988690234375 0.257596751953125 0.448330462890625 0.2501770546875 0.434587814453125 0.240525712890625 0.4376843203125 0.2363875703125 0.447748837890625 0.241466271484375 0.474521123046875 0.248682572265625 0.509950205078125 0.258794439453125 0.56604712890625 0.26961257421875 0.622058265625 0.2755990390625 0.682485595703125 0.283119052734375 0.740812228515625 0.294140583984375 0.7751369296875 0.259039552734375 0.50676705859375
7 0.31447946875 0.538799396484375 0.306463482421875 0.528952904296875 0.298422873046875 0.53057732421875 0.2985966640625 0.54074955859375 0.305009974609375 0.56671988671875 0.313366521484375 0.582258970703125 0.323455662109375 0.594399537109375 0.332493625 0.62132191015625 0.337448916015625 0.641255482421875 0.344763611328125 0.630800001953125 0.33344590625 0.5882295625 0.3241521015625 0.57089501953125 0.31447946875 0.538799396484375
7 0.37838854296875 0.77267261328125 0.383430013671875 0.758293626953125 0.3835973984375 0.75674221875 0.382980943359375 0.75172158984375 0.38774805859375 0.74094175390625 0.3957811328125 0.724665521484375 0.408041419921875 0.693216583984375 0.415052404296875 0.65986355078125 0.417422486328125 0.6149753046875 0.40859545703125 0.581018310546875 0.399962904296875 0.56615026953125 0.397512560546875 0.57537039453125 0.402648166015625 0.593853587890625 0.406327072265625 0.615063337890625 0.407875919921875 0.6422681015625 0.40644766796875 0.66856502734375 0.392686 0.70529556640625 0.37653078125 0.742956220703125 0.365179640625 0.752633001953125 0.35359271484375 0.780813478515625 0.35517881640625 0.7908123046875 0.3639130703125 0.794837125 0.372164728515625 0.786179001953125 0.37838854296875 0.77267261328125
1 0.80199344921875 0.177205005859375 0.8148914140625 0.1401028828125 0.8136394921875 0.13411638671875 0.8110409375 0.1359411171875 0.807632935546875 0.1403746796875 0.802310373046875 0.159097150390625 0.7941972734375 0.182679259765625 0.7877813203125 0.19250104296875 0.788206396484375 0.1959630078125 0.79063890625 0.199679447265625 0.79704437109375 0.194375017578125 0.80199344921875 0.177205005859375
1 0.6962880703125 0 0.70041379296875 0.010098123046875 0.713313787109375 0.030096369140625 0.722729388671875 0.047008287109375 0.726907005859375 0.058039724609375 0.7325036484375 0.055344986328125 0.733261619140625 0.047722650390625 0.726764271484375 0.039265326171875 0.713646794921875 0.019012986328125 0.7066729296875 0.0012984375 0.70598573828125 0 0.6962880703125 0
4 0.487988083984375 0.713928849609375 0.494230546875 0.71827175 0.494251615234375 0.718879267578125 0.495698666015625 0.721864986328125 0.498542953125 0.72174244140625 0.498833013671875 0.719446458984375 0.497476822265625 0.7130595 0.49497160546875 0.710768099609375 0.490487373046875 0.709962287109375 0.4871920234375 0.710479783203125 0.48250238671875 0.711620923828125 0.481670326171875 0.71364388671875 0.47992217578125 0.718039697265625 0.4795406640625 0.727351900390625 0.479253330078125 0.734845552734375 0.477866240234375 0.742699060546875 0.476173923828125 0.750139466796875 0.4723842421875 0.759644380859375 0.46835959765625 0.7682741875 0.46388975390625 0.773795263671875 0.46048309765625 0.776585861328125 0.4559595234375 0.77804524609375 0.451848607421875 0.778211369140625 0.44708737890625 0.777213810546875 0.444483333984375 0.77516030078125 0.44088851171875 0.771760091796875 0.43566980078125 0.760309818359375 0.43353527734375 0.760007513671875 0.43153157421875 0.760253537109375 0.426526080078125 0.766066138671875 0.420637486328125 0.771421845703125 0.415790234375 0.7780061015625 0.41203826953125 0.782647017578125 0.4102080859375 0.786374697265625 0.41260919921875 0.7857412421875 0.4157925859375 0.78071769140625 0.429457154296875 0.7667230859375 0.43262143359375 0.763509802734375 0.433969177734375 0.764135404296875 0.435472947265625 0.76654883203125 0.43931760546875 0.773535138671875 0.445811365234375 0.780873447265625 0.451286892578125 0.78302589453125 0.458130119140625 0.780791 0.461072603515625 0.78042970703125 0.46394571484375 0.7769135390625 0.46804929296875 0.773584923828125 0.471607142578125 0.768401583984375 0.477950728515625 0.750190904296875 0.480257005859375 0.741545396484375 0.4807532109375 0.73730423828125 0.481461169921875 0.731680673828125 0.48119406640625 0.7264025859375 0.481937154296875 0.720548015625 0.48293948828125 0.716809103515625 0.48373047265625 0.7144516171875 0.4851922890625 0.713933494140625 0.487988083984375 0.713928849609375
1 0.33125451953125 0.593618271484375 0.320302091796875 0.572626197265625 0.318177265625 0.576432966796875 0.3286509375 0.59677390625 0.334963423828125 0.61408083203125 0.33635387890625 0.627029189453125 0.338243529296875 0.6310511015625 0.34143643359375 0.627823109375 0.33769564453125 0.611972888671875 0.33125451953125 0.593618271484375
4 0.143459765625 0.502706685546875 0.160633609375 0.5216605546875 0.161900849609375 0.519258583984375 0.1392349453125 0.490307845703125 0.130979830078125 0.48739029296875 0.126442109375 0.4915978125 0.1261061640625 0.49528941796875 0.126426189453125 0.4991822109375 0.129345943359375 0.50752933984375 0.1327725 0.51356787109375 0.139588228515625 0.518908533203125 0.153222587890625 0.536049689453125 0.16540293359375 0.554212701171875 0.177082396484375 0.57215548046875 0.177467046875 0.57014267578125 0.171440134765625 0.559648953125 0.15162940625 0.529506185546875 0.135646673828125 0.51124845703125 0.1306016796875 0.5023198828125 0.1293876328125 0.496291419921875 0.132227841796875 0.493695380859375 0.137286703125 0.49616392578125 0.143459765625 0.502706685546875