7 0.67967095703125 1 0.681508013671875 0.9746898203125 0.653219009765625 0.841773203125 0.620882173828125 0.73318340234375 0.60873084765625 0.69743127734375 0.59835909765625 0.6825861796875 0.590091265625 0.68083365234375 0.585914103515625 0.68746669140625 0.58724751171875 0.722080875 0.599421603515625 0.733968537109375 0.61110916796875 0.759947349609375 0.6393509140625 0.846007900390625 0.661172984375 0.94111828515625 0.665929267578125 1 0.67967095703125 1
7 0.138614462890625 0.856363232421875 0.141279357421875 0.831008447265625 0.134546556640625 0.824113201171875 0.11921591015625 0.837529580078125 0.111137330078125 0.848172142578125 0.103301849609375 0.85176818359375 0.0966707734375 0.8722865234375 0.088413333984375 0.8988215234375 0.086299826171875 0.918930203125 0.09675025 0.923564625 0.107990228515625 0.901762681640625 0.115513001953125 0.882222537109375 0.127369548828125 0.864021435546875 0.138614462890625 0.856363232421875
7 0.07282781640625 0.62138646484375 0.118995923828125 0.645686203125 0.161587689453125 0.637787578125 0.17621579296875 0.635789015625 0.184726630859375 0.63049594140625 0.18752043359375 0.622833962890625 0.186932083984375 0.60951244921875 0.18229054296875 0.606373041015625 0.1716884453125 0.607910279296875 0.15371094140625 0.624067779296875 0.1449884921875 0.6254348203125 0.105590146484375 0.626597943359375 0.059881482421875 0.597926912109375 0.03632369140625 0.54771717578125 0.02924070703125 0.50631015625 0.0239509921875 0.49514700390625 0.025381185546875 0.54303103515625 0.042762921875 0.595244134765625 0.07282781640625 0.62138646484375
7 0.16424058984375 0.321273576171875 0.173692208984375 0.30323773828125 0.18824209765625 0.28461865625 0.20956676953125 0.273427123046875 0.236345826171875 0.27624171484375 0.25300981640625 0.291426017578125 0.264342251953125 0.309408162109375 0.273262353515625 0.3293749453125 0.27509458203125 0.348166630859375 0.27915755078125 0.366272921875 0.284447263671875 0.37743607421875 0.290164298828125 0.379804978515625 0.296984677734375 0.3822395703125 0.302021841796875 0.37325391015625 0.302894556640625 0.36495057421875 0.3008073125 0.351858828125 0.293499615234375 0.338609419921875 0.286335076171875 0.3263647421875 0.283076376953125 0.32425421875 0.27166507421875 0.29565194921875 0.258442998046875 0.27481591015625 0.2215263671875 0.252372083984375 0.172886935546875 0.27996682421875 0.155355869140625 0.328509509765625 0.154912314453125 0.3561134375 0.1570572109375 0.3686516953125 0.163664986328125 0.362974259765625 0.1632876171875 0.338183263671875 0.16424058984375 0.321273576171875
5 0.1981619296875 0.175832767578125 0.204003033203125 0.181749818359375 0.21684270703125 0.163652044921875 0.21993933984375 0.143646697265625 0.220669587890625 0.12250815625 0.212061865234375 0.114532302734375 0.207555875 0.11176744921875 0.1944339140625 0.1498060625 0.1981619296875 0.175832767578125
7 0.627409849609375 0.14462022265625 0.60678412890625 0.132728734375 0.6014296875 0.128809646484375 0.601559177734375 0.13041155078125 0.592372462890625 0.137401607421875 0.594128251953125 0.1490778046875 0.598770310546875 0.152217267578125 0.615061740234375 0.162769658203125 0.629662140625 0.170491822265625 0.649395546875 0.18140598046875 0.656858595703125 0.167162685546875 0.65590265234375 0.15733857421875 0.648554318359375 0.146842595703125 0.634785369140625 0.145395419921875 0.627409849609375 0.14462022265625
5 0.729004662109375 0.08803441796875 0.723984091796875 0.11377843359375 0.721861666015625 0.127554265625 0.72076830078125 0.142237080078125 0.73435841796875 0.14878889453125 0.7406544453125 0.136191888671875 0.742740345703125 0.125803013671875 0.744394412109375 0.110065625 0.741714705078125 0.092989197265625 0.734306642578125 0.08779006640625 0.729004662109375 0.08803441796875
7 0.568302939453125 0.030564279296875 0.562623384765625 0.046763046875 0.56244452734375 0.062655486328125 0.566172025390625 0.088682134765625 0.5790844296875 0.10611158984375 0.61467943359375 0.123834927734375 0.65420175 0.12622087109375 0.672947091796875 0.1228879609375 0.697652669921875 0.114876509765625 0.70856253515625 0.115139638671875 0.72149899609375 0.11031171484375 0.7295183671875 0.104966052734375 0.7332315703125 0.088561546875 0.728741283203125 0.079249505859375 0.715712876953125 0.08495223828125 0.7044611484375 0.08744346484375 0.68111268359375 0.097226849609375 0.65078201953125 0.1019945859375 0.629178109375 0.104143505859375 0.600841400390625 0.099397177734375 0.581659283203125 0.083237837890625 0.576061283203125 0.070274263671875 0.573873755859375 0.0532486328125 0.574879646484375 0.0294875 0.568302939453125 0.030564279296875
6 0.25684609375 0.4542290546875 0.2617323125 0.45828423828125 0.27073421484375 0.456869296875 0.27948894921875 0.45149292578125 0.288405111328125 0.438262625 0.290700599609375 0.429058630859375 0.2842821953125 0.42484240625 0.276912720703125 0.44020345703125 0.268870322265625 0.447228130859375 0.26530366015625 0.441789408203125 0.2696167890625 0.4295975390625 0.2796683828125 0.416092755859375 0.29832726953125 0.4070351875 0.300993166015625 0.40062503125 0.2975842109375 0.395150748046875 0.276764921875 0.407916693359375 0.26415565234375 0.424694279296875 0.2580324921875 0.44294123046875 0.25650254296875 0.44907695703125 0.25684609375 0.4542290546875
2 0.859031404296875 0.84842474609375 0.861922587890625 0.83529205078125 0.85358497265625 0.828368716796875 0.844761302734375 0.83684746875 0.843574033203125 0.84814358203125 0.848672611328125 0.8559582265625 0.854387365234375 0.856669662109375 0.859031404296875 0.84842474609375
7 0.536160958984375 0.4172040625 0.528159421875 0.41033187890625 0.5240508125 0.39869887109375 0.52108065234375 0.385462189453125 0.5215549765625 0.371726337890625 0.52313540625 0.3520755546875 0.52402625390625 0.329767765625 0.524648421875 0.310016265625 0.516799541015625 0.310914646484375 0.5145868046875 0.322744451171875 0.51420210546875 0.335627591796875 0.513516806640625 0.3467567421875 0.512025384765625 0.3655556796875 0.512335501953125 0.394883013671875 0.5167812421875 0.42636834765625 0.5242136015625 0.434041908203125 0.540811828125 0.43750978125 0.553422794921875 0.43280405859375 0.56573377734375 0.426343478515625 0.57894041796875 0.4113613203125 0.590977400390625 0.39367076171875 0.5983683203125 0.36946069921875 0.601714177734375 0.342240955078125 0.600476583984375 0.317123998046875 0.600023951171875 0.307598578125 0.6014570546875 0.293963498046875 0.6005829921875 0.2792247265625 0.598750244140625 0.26438426171875 0.5941937109375 0.25701296484375 0.586044328125 0.2561564296875 0.582631150390625 0.26096674609375 0.58203537890625 0.27124410546875 0.58264066796875 0.288540087890625 0.58621192578125 0.30528567578125 0.588371765625 0.312405072265625 0.59035183984375 0.32122983203125 0.5911681015625 0.341132517578125 0.588539265625 0.36153523828125 0.584440271484375 0.377474650390625 0.57572755859375 0.391205810546875 0.567762556640625 0.402431962890625 0.55805923828125 0.411751146484375 0.54670703515625 0.4183125 0.536160958984375 0.4172040625
7 0.58127582421875 0.03131423828125 0.58140658203125 0.030070166015625 0.600133375 0.02009243359375 0.603862306640625 0.008162228515625 0.580612384765625 0.007351583984375 0.572157267578125 0.017152025390625 0.5581070234375 0.026363466796875 0.5425274765625 0.036671986328125 0.5325430546875 0.04756951171875 0.540435841796875 0.0565725546875 0.568428556640625 0.042538375 0.58127582421875 0.03131423828125
4 0.11072436328125 0.8530529375 0.096535662109375 0.88165892578125 0.08871608203125 0.907172064453125 0.088564068359375 0.925873435546875 0.096651556640625 0.920811447265625 0.101504041015625 0.9062732890625 0.10682041796875 0.881571458984375 0.114606416015625 0.867877896484375 0.115707484375 0.863156943359375 0.111687126953125 0.852522892578125 0.11072436328125 0.8530529375
1 0.595616271484375 0.142389296875 0.602919564453125 0.147374453125 0.616202919921875 0.149615029296875 0.626188771484375 0.156148328125 0.6292517265625 0.1518300234375 0.608150126953125 0.1382229140625 0.5987800078125 0.13259783984375 0.595616271484375 0.142389296875
1 0.574440951171875 0.020551955078125 0.547808142578125 0.0370091484375 0.538462859375 0.0441575703125 0.540374466796875 0.04858627734375 0.572988666015625 0.025345853515625 0.574440951171875 0.020551955078125