7 0.1810303046875 0.941934240234375 0.208958197265625 0.90791591015625 0.23173526171875 0.820232662109375 0.2347065 0.77565215234375 0.22434795703125 0.749268234375 0.2034140703125 0.744818599609375 0.19993048046875 0.755643841796875 0.194447107421875 0.778660455078125 0.18627248046875 0.803208396484375 0.180877517578125 0.814679048828125 0.174137181640625 0.826915419921875 0.1677999765625 0.838111955078125 0.173255224609375 0.847755984375 0.188268638671875 0.838329796875 0.205798515625 0.803153935546875 0.211937193359375 0.7687099609375 0.216258818359375 0.809582189453125 0.21577811328125 0.84522880078125 0.200560349609375 0.89456519140625 0.171312134765625 0.940358923828125 0.1810303046875 0.941934240234375
5 0.12704468359375 0.7137883515625 0.117343279296875 0.743570271484375 0.119000474609375 0.769156345703125 0.123086037109375 0.780539720703125 0.1334345390625 0.76801955078125 0.142237646484375 0.748861732421875 0.14743188671875 0.7299885078125 0.145534181640625 0.722225232421875 0.139813728515625 0.715752779296875 0.132886021484375 0.712176876953125 0.12704468359375 0.7137883515625
7 0.63242501953125 0.109071466796875 0.639695 0.074868904296875 0.644420408203125 0.051091974609375 0.6373335625 0.047029767578125 0.630244388671875 0.058159236328125 0.627724451171875 0.083890185546875 0.616984041015625 0.120509193359375 0.60867148828125 0.142925396484375 0.5965363828125 0.16663151171875 0.5918321875 0.1887630078125 0.594356283203125 0.203554544921875 0.6017246796875 0.2063522890625 0.617519591796875 0.184759755859375 0.624941162109375 0.14428025 0.63242501953125 0.109071466796875
2 0 0.539065482421875 0.008696947265625 0.533914767578125 0.054780826171875 0.49133228125 0.084619267578125 0.406388142578125 0.105707505859375 0.315094310546875 0.10166818359375 0.2588655703125 0.07430808203125 0.241078203125 0.0445726640625 0.237749986328125 0 0.457178154296875 0 0.539065482421875
7 0.30842396484375 0.800014962890625 0.2885470546875 0.84159085546875 0.280028671875 0.85940915625 0.28076490234375 0.87078299609375 0.293529392578125 0.872560919921875 0.307972791015625 0.846655173828125 0.326182439453125 0.825288140625 0.33495822265625 0.8037863828125 0.3318968359375 0.79098401171875 0.32322357421875 0.78727089453125 0.3378923046875 0.7380449921875 0.333234751953125 0.7006019296875 0.3244706171875 0.71462887890625 0.323338443359375 0.754580412109375 0.30842396484375 0.800014962890625
2 0.55785297265625 0.545513630859375 0.56884312890625 0.516069068359375 0.56024890234375 0.502091603515625 0.540082849609375 0.527715263671875 0.51623803125 0.573121171875 0.505204482421875 0.590404857421875 0.484816484375 0.59728765625 0.47273369140625 0.60219761328125 0.471133822265625 0.6196169296875 0.48909414453125 0.636520474609375 0.497977513671875 0.666450171875 0.51196941796875 0.687183623046875 0.5239500078125 0.707489556640625 0.539743388671875 0.72380092578125 0.558452529296875 0.72323583203125 0.581054203125 0.708411025390625 0.59958883203125 0.68057008984375 0.607045814453125 0.657852759765625 0.60595266796875 0.63331804296875 0.58845158984375 0.60436140625 0.57236831640625 0.5934645703125 0.55241607421875 0.60324480078125 0.548617755859375 0.579069388671875 0.55785297265625 0.545513630859375
7 0.144848896484375 0.376149806640625 0.128820705078125 0.4222421796875 0.106752994140625 0.4537537578125 0.0967539375 0.4597550546875 0.06141041796875 0.434510626953125 0.050199912109375 0.452075708984375 0.06469218359375 0.4640221015625 0.081568689453125 0.476475279296875 0.094436998046875 0.47847121875 0.104058869140625 0.476336171875 0.125389181640625 0.454020376953125 0.1458330546875 0.412560265625 0.1549350859375 0.377554388671875 0.1662962578125 0.359282974609375 0.173197861328125 0.33267534765625 0.17093923046875 0.3159409921875 0.1596604140625 0.314282908203125 0.14829975 0.3325544296875 0.14472728515625 0.359131330078125 0.144848896484375 0.376149806640625
7 1 0.4060865859375 0.984949146484375 0.342529943359375 0.96432013671875 0.285256970703125 0.95714471484375 0.25728724609375 0.967952541015625 0.2393620546875 0.974555876953125 0.232988275390625 0.9889718359375 0.2166081328125 0.9942935390625 0.1936281484375 0.98405604296875 0.18211851171875 0.9532340859375 0.216012033203125 0.939048400390625 0.25188547265625 0.938151376953125 0.2890272734375 0.9651134296875 0.345313923828125 0.982690765625 0.4128280625 0.996083658203125 0.47945182421875 1 0.48754241015625 1 0.4060865859375
4 0.2215905234375 0.8340011796875 0.21848909765625 0.857520306640625 0.210162666015625 0.883303494140625 0.195320271484375 0.914448171875 0.17727094921875 0.939850611328125 0.178440966796875 0.94178616796875 0.202975361328125 0.906701015625 0.218625375 0.86729274609375 0.224955142578125 0.836025513671875 0.226020359375 0.808698908203125 0.22221755859375 0.773028783203125 0.214378984375 0.753369447265625 0.208630328125 0.752147533203125 0.205785478515625 0.756603427734375 0.20520675390625 0.76379015234375 0.200710484375 0.7834554296875 0.19956309375 0.79182949609375 0.19300028515625 0.8041149609375 0.195100294921875 0.81431332421875 0.206156525390625 0.784613021484375 0.20842471875 0.7620404140625 0.211571673828125 0.757648734375 0.21409997265625 0.762122150390625 0.22082780078125 0.789980646484375 0.223112951171875 0.804523552734375 0.224604099609375 0.81833540234375 0.2215905234375 0.8340011796875
4 0.3339835703125 0.721816580078125 0.33126751953125 0.716740966796875 0.33108434375 0.736944375 0.32833294140625 0.754352740234375 0.315372669921875 0.791520349609375 0.30677709375 0.820057765625 0.30271062109375 0.831785259765625 0.302421591796875 0.83113974609375 0.289063857421875 0.848343078125 0.284430333984375 0.859728513671875 0.286810298828125 0.86192125390625 0.287522912109375 0.866008736328125 0.292754697265625 0.859248763671875 0.304745271484375 0.837056796875 0.312197140625 0.81390009765625 0.31973008203125 0.7873859609375 0.3277876875 0.764358015625 0.333571693359375 0.743095951171875 0.3339835703125 0.721816580078125
1 0.63584334765625 0.055719076171875 0.633600029296875 0.0633471328125 0.631381654296875 0.0835335078125 0.628053857421875 0.103087439453125 0.622584818359375 0.12881725 0.619786177734375 0.142958283203125 0.6154724375 0.152866822265625 0.619200251953125 0.156436552734375 0.621518455078125 0.1484561796875 0.627731798828125 0.12214811328125 0.63365530078125 0.091356814453125 0.638150427734375 0.070208900390625 0.640966041015625 0.0608603828125 0.641543599609375 0.056194236328125 0.63929250390625 0.053137181640625 0.63584334765625 0.055719076171875