7 0.606739853515625 1 0.60463403125 0.984146169921875 0.611692513671875 0.933000912109375 0.626321755859375 0.900490955078125 0.647511828125 0.865274533203125 0.63851870703125 0.89908569140625 0.639540208984375 0.938374296875 0.6491633046875 0.953262265625 0.658183181640625 0.946827294921875 0.657171583984375 0.934001568359375 0.656234078125 0.920063060546875 0.6561922890625 0.907387111328125 0.65915796875 0.881684373046875 0.6639155859375 0.85850686328125 0.665333326171875 0.8472236328125 0.644480283203125 0.842409330078125 0.623941931640625 0.8619435703125 0.60779425 0.90360293359375 0.59138073828125 0.992696947265625 0.593253783203125 1 0.606739853515625 1
5 0.743867521484375 0.8824673515625 0.7476614453125 0.851375775390625 0.74304843359375 0.847446626953125 0.73525855859375 0.847759720703125 0.727338689453125 0.8512081875 0.7223378828125 0.857442099609375 0.719069294921875 0.87674223046875 0.71895117578125 0.89782546484375 0.723038849609375 0.913546056640625 0.731552451171875 0.904955849609375 0.743867521484375 0.8824673515625
7 0.56009794140625 0.06889775 0.56868847265625 0.0445126171875 0.566967015625 0.03142987890625 0.558827388671875 0.032116458984375 0.5530615 0.05566271875 0.5451957109375 0.089733193359375 0.537098513671875 0.12480600390625 0.52671736328125 0.16462938671875 0.531907015625 0.1908740859375 0.539767427734375 0.191452486328125 0.548306208984375 0.179113529296875 0.553395935546875 0.157067505859375 0.552416431640625 0.13045394921875 0.554356197265625 0.106624935546875 0.56009794140625 0.06889775
2 1 0.446847876953125 0.99523298046875 0.445242337890625 0.962919041015625 0.4498002890625 0.93549487890625 0.4990537421875 0.916024873046875 0.590706328125 0.907168740234375 0.6803021328125 0.93093878125 0.738370859375 0.94904844140625 0.764854912109375 1 0.552914498046875 1 0.446847876953125
7 0.52753294921875 0.895330490234375 0.52967487109375 0.924913111328125 0.5419948125 0.928696271484375 0.54746885546875 0.918699216796875 0.54727891796875 0.898950328125 0.54683505078125 0.8528694296875 0.5525194140625 0.805388609375 0.5683775625 0.76870174609375 0.566362603515625 0.75228512890625 0.5463173046875 0.784251701171875 0.538807923828125 0.835064794921875 0.529378048828125 0.83476454296875 0.521192974609375 0.845073634765625 0.5200595 0.868269650390625 0.52753294921875 0.895330490234375
2 0.352680478515625 0.677617265625 0.369397900390625 0.686036240234375 0.390605046875 0.67792769140625 0.4100448046875 0.66458748046875 0.43148811328125 0.651709826171875 0.452188015625 0.62833858203125 0.47560934375 0.62060912890625 0.481521091796875 0.604145732421875 0.4726453984375 0.594589390625 0.457076392578125 0.5797351171875 0.45438100390625 0.559407798828125 0.451959623046875 0.508178814453125 0.444512001953125 0.476433349609375 0.43081585546875 0.485469158203125 0.4283325078125 0.51679963671875 0.422521181640625 0.551114453125 0.408861765625 0.571419578125 0.394912197265625 0.55412349609375 0.375730599609375 0.557202298828125 0.347631630859375 0.5760496484375 0.3362720859375 0.597823669921875 0.3334296484375 0.62156401953125 0.338461638671875 0.654629548828125 0.352680478515625 0.677617265625
7 0.85894453125 0.61664568359375 0.868845294921875 0.6458852421875 0.87666336328125 0.65188662890625 0.88916953125 0.65551607421875 0.90972778125 0.651361982421875 0.927911001953125 0.646659572265625 0.925174158203125 0.6260024375 0.882473294921875 0.633944841796875 0.875947330078125 0.624280037109375 0.869264560546875 0.58639462890625 0.874217564453125 0.537846947265625 0.881520099609375 0.522474365234375 0.88951423046875 0.496877724609375 0.8869398515625 0.47551687890625 0.87601703515625 0.4722529765625 0.866897775390625 0.486464916015625 0.861907884765625 0.513496359375 0.86448276953125 0.534857322265625 0.857937888671875 0.570430107421875 0.85894453125 0.61664568359375
7 0.176607595703125 0.03651131640625 0.18275034375 0.05744921484375 0.18604132421875 0.066016509765625 0.18826102734375 0.0868298359375 0.16993737109375 0.109146552734375 0.127036533203125 0.152335296875 0.084240435546875 0.2064802578125 0.042770220703125 0.262492640625 0.043397263671875 0.28449958203125 0.059079552734375 0.271723015625 0.099374052734375 0.217001462890625 0.14383723828125 0.163241375 0.192060921875 0.123623001953125 0.20694474609375 0.089582 0.209248919921875 0.0510744921875 0.19563876171875 0.007330607421875 0.181496255859375 0.013435328125 0.176607595703125 0.03651131640625
4 0.600943486328125 1 0.60069077734375 0.9698814921875 0.604040912109375 0.9429950859375 0.6111696796875 0.920368798828125 0.615059095703125 0.90489719140625 0.622247673828125 0.89300958984375 0.6304648203125 0.880794986328125 0.6483358125 0.858389919921875 0.65251777734375 0.855404130859375 0.653513884765625 0.860714306640625 0.646029970703125 0.882130615234375 0.64349842578125 0.913720796875 0.6497116953125 0.90536544140625 0.648955833984375 0.891457466796875 0.651454978515625 0.883383078125 0.65569087890625 0.863660078125 0.6582036171875 0.856902115234375 0.65750844921875 0.85166141796875 0.651781994140625 0.850339361328125 0.63636944140625 0.864844044921875 0.6178480859375 0.8955650234375 0.60726477734375 0.92078151953125 0.599787392578125 0.951794330078125 0.597316466796875 0.994124333984375 0.59834873828125 1 0.600943486328125 1
4 0.543344626953125 0.917128431640625 0.543956921875 0.90485151171875 0.539121146484375 0.8836147734375 0.538586390625 0.88407766015625 0.53985716796875 0.871730375 0.54412736328125 0.842234044921875 0.548089078125 0.80307150390625 0.5529525546875 0.786131373046875 0.56132487109375 0.767743453125 0.55671824609375 0.77119566796875 0.548098482421875 0.79065539453125 0.544354833984375 0.812369794921875 0.5419254765625 0.836645494140625 0.537547279296875 0.86385901953125 0.5345145234375 0.887995412109375 0.5360029453125 0.9131756015625 0.5378876640625 0.921513265625 0.540260955078125 0.918109912109375 0.543344626953125 0.917128431640625
1 0.542051251953125 0.136589736328125 0.542329203125 0.125786486328125 0.545769033203125 0.111787599609375 0.551686287109375 0.08615715625 0.55693412890625 0.067028888671875 0.563454728515625 0.04779629296875 0.56464534765625 0.039934859375 0.562610505859375 0.03613719140625 0.559278353515625 0.037956470703125 0.55782980078125 0.042429521484375 0.5564307578125 0.0520920859375 0.551567232421875 0.073158328125 0.543922783203125 0.1035681015625 0.53843571484375 0.1300371796875 0.5371640703125 0.138249568359375 0.542051251953125 0.136589736328125