7 0.0632055625 0.36841401171875 0.055253236328125 0.38601162109375 0.05509087890625 0.410160435546875 0.064100625 0.42500980859375 0.075712294921875 0.432303875 0.087747533203125 0.45781720703125 0.1038643203125 0.482974083984375 0.121684603515625 0.50471452734375 0.150055048828125 0.53944748828125 0.158573951171875 0.51893781640625 0.138161951171875 0.492804548828125 0.111030982421875 0.46335044921875 0.087802212890625 0.422564203125 0.084709623046875 0.394759556640625 0.078469591796875 0.374404173828125 0.0632055625 0.36841401171875
7 0.2680853203125 0.4141735703125 0.267808533203125 0.449493763671875 0.267100658203125 0.4735365390625 0.268407228515625 0.49595608984375 0.281258375 0.508529017578125 0.290639376953125 0.4952396484375 0.289016228515625 0.4657058359375 0.2859637109375 0.43186459375 0.285243421875 0.40351367578125 0.274157744140625 0.399344044921875 0.2680853203125 0.4141735703125
6 0.14365767578125 0.298413146484375 0.1237106953125 0.284460927734375 0.10097294140625 0.2790328125 0.0706405390625 0.292280177734375 0.0395528671875 0.309410322265625 0.024294958984375 0.32961745703125 0.021596142578125 0.352411099609375 0.040105017578125 0.335713759765625 0.062586654296875 0.32497089453125 0.095122703125 0.309129685546875 0.1179008828125 0.308519384765625 0.133798248046875 0.3287371640625 0.14957333203125 0.367067162109375 0.1639002109375 0.404107318359375 0.173826734375 0.39092398828125 0.15995875390625 0.339867580078125 0.14365767578125 0.298413146484375
5 0.322026814453125 0.630806435546875 0.31838549609375 0.61291628125 0.29984576953125 0.621973849609375 0.284717455078125 0.634406392578125 0.282799595703125 0.652120537109375 0.28892669921875 0.665067326171875 0.296148236328125 0.66545327734375 0.31275953515625 0.64709199609375 0.322026814453125 0.630806435546875
5 0.151675306640625 0.842767453125 0.158782328125 0.855905662109375 0.16978520703125 0.849001408203125 0.175640744140625 0.829339865234375 0.173070814453125 0.798093001953125 0.167905142578125 0.78804495703125 0.1566159765625 0.80445251953125 0.153423732421875 0.82592495703125 0.151675306640625 0.842767453125
7 0.049466677734375 0.91604665625 0.068995046875 0.915119705078125 0.08634071484375 0.904223666015625 0.102412646484375 0.8973992109375 0.124551189453125 0.888137541015625 0.1254892890625 0.870233892578125 0.10849208203125 0.868738193359375 0.088669716796875 0.873929056640625 0.070674603515625 0.874952189453125 0.054263984375 0.88351903125 0.045958470703125 0.902704345703125 0.049466677734375 0.91604665625
7 0.062863466796875 0.67448131640625 0.053862078125 0.699861556640625 0.032521548828125 0.73640828125 0.01598865625 0.787454482421875 0.010193439453125 0.822500939453125 0.00635772265625 0.8579292265625 0.010924158203125 0.884137619140625 0.018599615234375 0.91004670703125 0.035258134765625 0.913284794921875 0.0552131015625 0.912641677734375 0.054003767578125 0.897938 0.043865681640625 0.897775578125 0.031447384765625 0.8962662890625 0.0208924765625 0.885170681640625 0.016761876953125 0.867185419921875 0.017300458984375 0.8356391484375 0.020894287109375 0.811920587890625 0.029647263671875 0.774735314453125 0.046070357421875 0.739946484375 0.060310052734375 0.713775302734375 0.073986986328125 0.698346890625 0.084911220703125 0.67876696484375 0.088976513671875 0.6578528515625 0.08479126953125 0.647996326171875 0.07265719140625 0.652872474609375 0.062863466796875 0.67448131640625
7 0.46203081640625 0.06488020703125 0.489426501953125 0.052118451171875 0.503931912109375 0.035042857421875 0.508825681640625 0.012481560546875 0.49951658203125 0.010672056640625 0.494338595703125 0.0268479140625 0.4807346328125 0.031438345703125 0.4449371484375 0.05341817578125 0.42259819921875 0.092483630859375 0.392261447265625 0.1779241484375 0.378674333984375 0.253056439453125 0.366188916015625 0.28589787109375 0.36821499609375 0.311055005859375 0.378104595703125 0.3135357578125 0.387033015625 0.298993494140625 0.3919269609375 0.276431291015625 0.390245828125 0.25892215625 0.3966038046875 0.213132927734375 0.40836985546875 0.1656821171875 0.423057349609375 0.121511982421875 0.44409584375 0.08128916015625 0.46203081640625 0.06488020703125
5 0.5012312578125 0.169262994140625 0.504770443359375 0.153673169921875 0.50403275 0.14177303125 0.492273673828125 0.139487298828125 0.476371173828125 0.14544010546875 0.4690820703125 0.1593964375 0.4688218515625 0.173815408203125 0.472517306640625 0.183576728515625 0.4788459296875 0.183389171875 0.5012312578125 0.169262994140625
7 0.263160861328125 0 0.263339548828125 0.014568763671875 0.26988380859375 0.03844974609375 0.28236242578125 0.05534394921875 0.299135732421875 0.065839125 0.319072197265625 0.067906158203125 0.33975969140625 0.05564962890625 0.356920830078125 0.03275912109375 0.3636875625 0 0.35381643359375 0 0.353503408203125 0.00586948828125 0.343691869140625 0.030187671875 0.325756896484375 0.046596625 0.305142197265625 0.0480160859375 0.284655111328125 0.030468833984375 0.2747179453125 0.0005027265625 0.274721310546875 0 0.263160861328125 0
7 0.57776741796875 0.005758107421875 0.56830808203125 0.01092590625 0.583457681640625 0.0261848984375 0.604132015625 0.040151162109375 0.623899734375 0.04308903515625 0.636336357421875 0.04188908203125 0.652976552734375 0.047836412109375 0.665769677734375 0.04218473046875 0.6729078515625 0.026389896484375 0.659589623046875 0.021662732421875 0.643420892578125 0.018519849609375 0.62977359765625 0.020718251953125 0.61650849609375 0.02356538671875 0.600037556640625 0.01674731640625 0.57776741796875 0.005758107421875
5 0.6851257421875 0.05770296875 0.687515400390625 0.042794283203125 0.676978818359375 0.02898943359375 0.6684089296875 0.023377033203125 0.658136548828125 0.03437080859375 0.654918236328125 0.0509275859375 0.664885197265625 0.060211046875 0.675084451171875 0.06750788671875 0.6851257421875 0.05770296875
2 0.0494647109375 0.670034681640625 0.04925294921875 0.652811166015625 0.0386072578125 0.65526287890625 0.028245607421875 0.66410094140625 0.026588689453125 0.68199031640625 0.0319650625 0.694666669921875 0.0411591953125 0.68921999609375 0.0494647109375 0.670034681640625
2 0.24135972265625 0.561737095703125 0.227416896484375 0.568070826171875 0.22061809765625 0.582122462890625 0.222148125 0.597794001953125 0.228873796875 0.606042763671875 0.242103091796875 0.597150884765625 0.2504269296875 0.575256330078125 0.24135972265625 0.561737095703125
2 0.53144751953125 0.2990303125 0.521745091796875 0.307091931640625 0.520637560546875 0.3258672265625 0.525180328125 0.331272220703125 0.535501591796875 0.333402037109375 0.54324858984375 0.319410203125 0.54433779296875 0.303344150390625 0.53144751953125 0.2990303125
2 0.486240912109375 0.505440337890625 0.482701728515625 0.521030162109375 0.48654274609375 0.532949650390625 0.499850552734375 0.524363556640625 0.506686181640625 0.504892525390625 0.49692343359375 0.497569228515625 0.486240912109375 0.505440337890625
5 0.93930408984375 0.181198294921875 0.921652650390625 0.20399349609375 0.91317839453125 0.22404965234375 0.91947475 0.236125701171875 0.933550181640625 0.23433971875 0.947602453125 0.211750431640625 0.94987698828125 0.189583650390625 0.93930408984375 0.181198294921875
7 0.814243931640625 0.568226111328125 0.8305872578125 0.594010896484375 0.8324433203125 0.63416294140625 0.82365369140625 0.676766701171875 0.806855083984375 0.7187173125 0.7974005546875 0.738583861328125 0.783421076171875 0.750336078125 0.7731560625 0.769139560546875 0.769598888671875 0.787439634765625 0.77804319140625 0.79631581640625 0.7881827578125 0.796126693359375 0.79880314453125 0.773221208984375 0.80352766015625 0.75153065234375 0.83091181640625 0.69174250390625 0.84943502734375 0.612144083984375 0.8376101328125 0.570958875 0.819137701171875 0.545664818359375 0.774303986328125 0.525193279296875 0.771067859375 0.54445940234375 0.792758427734375 0.55319758984375 0.814243931640625 0.568226111328125
6 0.797641529296875 1 0.79902365625 0.960426853515625 0.816215259765625 0.908604109375 0.839703732421875 0.868857515625 0.8642630859375 0.81575411328125 0.86261809375 0.79282639453125 0.84222746875 0.785245470703125 0.8363902578125 0.802197771484375 0.847338671875 0.80342134375 0.853350810546875 0.80911195703125 0.83836128515625 0.849605994140625 0.809108060546875 0.89546680859375 0.7909548671875 0.944388888671875 0.7854070390625 0.991240177734375 0.7853480859375 1 0.797641529296875 1
6 0.72393733984375 1 0.7240116015625 0.977497892578125 0.711811703125 0.94347456640625 0.69416792578125 0.916532416015625 0.66512742578125 0.90636554296875 0.661552435546875 0.927374962890625 0.675422291015625 0.9318792109375 0.687313970703125 0.938712689453125 0.699980169921875 0.952026912109375 0.711744408203125 0.9778261953125 0.714894587890625 1 0.72393733984375 1
2 0.85529945703125 1 0.86125324609375 0.99603560546875 0.86660048828125 0.97898901171875 0.859475140625 0.96856004296875 0.8504869140625 0.9677174921875 0.84579871875 0.983988552734375 0.849952390625 1 0.85529945703125 1
6 0.264300732421875 0.741341130859375 0.266946279296875 0.7498353203125 0.284934841796875 0.74535199609375 0.289105205078125 0.7396362421875 0.289283041015625 0.727704662109375 0.291149384765625 0.713380943359375 0.285919380859375 0.7009424453125 0.27512568359375 0.696668271484375 0.266999646484375 0.705423044921875 0.264511025390625 0.724520359375 0.264300732421875 0.741341130859375
4 0.146087591796875 0.516165482421875 0.136510556640625 0.504952453125 0.11805049609375 0.48293578515625 0.11030302734375 0.473452712890625 0.094306779296875 0.447514669921875 0.08173343359375 0.42306637890625 0.0717675546875 0.39554904296875 0.0669123203125 0.37755215234375 0.063099552734375 0.382069677734375 0.075632896484375 0.42022985546875 0.08182169140625 0.43216048828125 0.093506138671875 0.455610646484375 0.10989815234375 0.481901046875 0.13547488671875 0.51107755859375 0.1451255625 0.518729017578125 0.149976095703125 0.52242240234375 0.150331388671875 0.521391625 0.14955660546875 0.51821505859375 0.146087591796875 0.516165482421875
1 0.27959127734375 0.411224080078125 0.276206154296875 0.409750162109375 0.27440031640625 0.4149077578125 0.27319966015625 0.42344571484375 0.273311904296875 0.42877240625 0.27452544921875 0.434924396484375 0.274008359375 0.440535302734375 0.274043767578125 0.446254544921875 0.27461466015625 0.4492216953125 0.27586570703125 0.449776146484375 0.276504001953125 0.45366852734375 0.27828074609375 0.45279048828125 0.279364677734375 0.450757177734375 0.27968673046875 0.44673925 0.280157376953125 0.442546466796875 0.2804997109375 0.435473501953125 0.281589599609375 0.426913072265625 0.281234890625 0.419296189453125 0.27959127734375 0.411224080078125
1 0.110742818359375 0.87722449609375 0.102390390625 0.88008519140625 0.0938246875 0.881681966796875 0.082434376953125 0.8870035859375 0.084888642578125 0.894622982421875 0.09176271484375 0.89228990234375 0.101236546875 0.8872003828125 0.115860564453125 0.8839269296875 0.122437447265625 0.881943564453125 0.122385791015625 0.878671744140625 0.1199793984375 0.87453472265625 0.117693390625 0.87449785546875 0.110742818359375 0.87722449609375
1 0.26917761328125 0.71872750390625 0.268053189453125 0.726654900390625 0.26795762890625 0.734289904296875 0.270049193359375 0.742101966796875 0.274629294921875 0.7449674296875 0.279136462890625 0.7453502109375 0.2812043671875 0.743282724609375 0.28634465625 0.742553849609375 0.285797443359375 0.737510478515625 0.278677599609375 0.740570203125 0.274401013671875 0.738998462890625 0.271555494140625 0.737210626953125 0.26985528125 0.730955546875 0.27201908203125 0.721254064453125 0.274522521484375 0.714088046875 0.278117947265625 0.710590380859375 0.280655212890625 0.71182403125 0.282734861328125 0.714696775390625 0.282824275390625 0.721380146484375 0.282538662109375 0.7307053125 0.28240582421875 0.738300056640625 0.2850925859375 0.736138748046875 0.285199890625 0.733443970703125 0.285387677734375 0.725334513671875 0.285534091796875 0.71672274609375 0.284590962890625 0.710861017578125 0.2799331875 0.7062524140625 0.27523561328125 0.707561609375 0.271362810546875 0.7124862734375 0.26917761328125 0.71872750390625