7 0.136409474609375 1 0.1357376953125 0.982407103515625 0.14035909765625 0.965298466796875 0.14183832421875 0.93848781640625 0.134774060546875 0.917659775390625 0.122705478515625 0.922050103515625 0.119445751953125 0.937240296875 0.12182137890625 0.963160982421875 0.12604087890625 0.981437640625 0.1256277109375 1 0.136409474609375 1
7 0.1141991640625 0.613604462890625 0.126807982421875 0.629141302734375 0.144615056640625 0.669146087890625 0.182139685546875 0.7535249140625 0.200090513671875 0.803923 0.20300658203125 0.8497717578125 0.20196903125 0.89412621875 0.20708984765625 0.9202151640625 0.21276684765625 0.9156574140625 0.21195020703125 0.884602591796875 0.211811369140625 0.82929024609375 0.201195298828125 0.77158453515625 0.178488603515625 0.714263099609375 0.137569271484375 0.621042599609375 0.1271423515625 0.58174103515625 0.114357740234375 0.565442740234375 0.101806455078125 0.5755587734375 0.10458805859375 0.597375544921875 0.1141991640625 0.613604462890625
7 0.415777431640625 0.4446505 0.43133058984375 0.465121849609375 0.45246390625 0.5019516484375 0.474701767578125 0.582641365234375 0.481233013671875 0.64610330859375 0.477427423828125 0.686284595703125 0.472391568359375 0.7211346953125 0.477403822265625 0.75847818359375 0.485253666015625 0.750813119140625 0.483923271484375 0.728097794921875 0.486939462890625 0.700130271484375 0.4919943046875 0.63800460546875 0.479516935546875 0.539018849609375 0.455908919921875 0.473885123046875 0.4427722109375 0.456064041015625 0.429897306640625 0.423743939453125 0.417640080078125 0.409730001953125 0.40604470703125 0.42203241015625 0.415777431640625 0.4446505
2 0.208801353515625 0.73614010546875 0.19825688671875 0.721730748046875 0.186945869140625 0.7235400625 0.180863720703125 0.74018390234375 0.184303314453125 0.757036541015625 0.194320396484375 0.76916154296875 0.20720672265625 0.76629198046875 0.213097580078125 0.75279497265625 0.208801353515625 0.73614010546875
7 0.09435728515625 0.29318521875 0.09510921875 0.33552246875 0.10478806640625 0.363767259765625 0.112803453125 0.355499509765625 0.103859830078125 0.32066867578125 0.10370251171875 0.29263177734375 0.11167321484375 0.27635396875 0.12548639453125 0.261935466796875 0.13667579296875 0.253736974609375 0.156146873046875 0.254054900390625 0.1694141875 0.264627490234375 0.190575478515625 0.26054405859375 0.18666288671875 0.235780244140625 0.17629421484375 0.222132337890625 0.15094933203125 0.2295877421875 0.13822225 0.2389423203125 0.1152167890625 0.25067080078125 0.09435728515625 0.29318521875
2 0.12433821875 0.67315456640625 0.116868697265625 0.656431224609375 0.105106810546875 0.654333494140625 0.099155775390625 0.663728724609375 0.0993674765625 0.6861388046875 0.113158431640625 0.69960004296875 0.121506810546875 0.688245875 0.12433821875 0.67315456640625
2 0.453611515625 0.64285483203125 0.459477134765625 0.661142017578125 0.46793380859375 0.657997037109375 0.470061828125 0.639859015625 0.45845360546875 0.634518609375 0.453611515625 0.64285483203125
2 0.630184564453125 0.969991244140625 0.634422333984375 0.960991552734375 0.625392998046875 0.941420171875 0.615244802734375 0.93654377734375 0.6086901640625 0.945276326171875 0.613085248046875 0.96431353125 0.622674013671875 0.976537419921875 0.630184564453125 0.969991244140625
7 0.708412103515625 0.75166675390625 0.680362552734375 0.735684498046875 0.647042595703125 0.728137349609375 0.6120545625 0.728995685546875 0.590925109375 0.723446365234375 0.57562447265625 0.702114677734375 0.558115318359375 0.66926040234375 0.55724969921875 0.6830958359375 0.568740375 0.71332844921875 0.602348251953125 0.74166400390625 0.640027595703125 0.7466006328125 0.6664726484375 0.7517247890625 0.688283240234375 0.756313869140625 0.70636080859375 0.768182986328125 0.716828548828125 0.7842141328125 0.7345319765625 0.790554416015625 0.74418390625 0.783512916015625 0.738680171875 0.765533701171875 0.726268984375 0.754763458984375 0.708412103515625 0.75166675390625
7 0.680025767578125 0.558370337890625 0.673002833984375 0.514271763671875 0.664008685546875 0.516348224609375 0.669634544921875 0.5407165 0.6760857109375 0.574519638671875 0.6745072109375 0.598946142578125 0.67016087890625 0.619200376953125 0.647683103515625 0.6332121953125 0.6193043046875 0.61971206640625 0.59410850390625 0.592643529296875 0.57773084765625 0.562736177734375 0.57006247265625 0.541245568359375 0.558210712890625 0.52312783203125 0.549149841796875 0.513188185546875 0.538158578125 0.526153158203125 0.545276509765625 0.54135359375 0.5551764140625 0.5569580234375 0.56883576953125 0.567195880859375 0.584258232421875 0.59491764453125 0.60320558203125 0.62423078515625 0.622567892578125 0.635802345703125 0.64397271875 0.644496244140625 0.6595663984375 0.641698197265625 0.6744345546875 0.6318493125 0.68271195703125 0.609083443359375 0.680025767578125 0.558370337890625
6 0.639681052734375 0.75682204296875 0.6521551015625 0.74832791796875 0.65679884765625 0.735224310546875 0.667879685546875 0.738280361328125 0.6851553046875 0.74471941015625 0.68647158203125 0.734790123046875 0.663407873046875 0.720864943359375 0.6472642578125 0.717372701171875 0.64564107421875 0.733789146484375 0.632058076171875 0.74334228125 0.611464482421875 0.72643976953125 0.60019449609375 0.7049795703125 0.5879914453125 0.685337912109375 0.575219681640625 0.6866824296875 0.5703234140625 0.700646375 0.571995654296875 0.7235203515625 0.5788612734375 0.73958202734375 0.595103291015625 0.758473669921875 0.6024300234375 0.75178653125 0.603548166015625 0.737090759765625 0.59262955859375 0.7171525625 0.582864998046875 0.704167224609375 0.588432609375 0.70288183984375 0.596231888671875 0.7171229375 0.608511666015625 0.735142806640625 0.622505009765625 0.752766119140625 0.639681052734375 0.75682204296875
2 0.736590705078125 0.576721900390625 0.730761587890625 0.592505287109375 0.73351135546875 0.623954810546875 0.74906400390625 0.64442627734375 0.7626158828125 0.6445066796875 0.77876878125 0.63436023828125 0.776997267578125 0.609102119140625 0.77164648046875 0.58787944140625 0.75828009765625 0.574923609375 0.736590705078125 0.576721900390625
7 0.68052011328125 0.363297390625 0.6942726484375 0.43869830078125 0.7088159375 0.4973741484375 0.721227716796875 0.5252293671875 0.722997748046875 0.514186123046875 0.71187080078125 0.4789442265625 0.69860638671875 0.42292755078125 0.687151484375 0.351722892578125 0.682901681640625 0.326118958984375 0.686903208984375 0.307471431640625 0.6862857421875 0.287526931640625 0.678857982421875 0.269745791015625 0.667777162109375 0.276439623046875 0.67074213671875 0.309430234375 0.675031419921875 0.330889427734375 0.68052011328125 0.363297390625
7 0.846402599609375 0.37516196484375 0.8458211640625 0.384157576171875 0.83792151953125 0.40606840234375 0.831356283203125 0.429443435546875 0.827477642578125 0.458697193359375 0.830901162109375 0.472085962890625 0.83203029296875 0.44819273046875 0.852714865234375 0.39674519140625 0.855979466796875 0.37058762109375 0.841329015625 0.360381865234375 0.8289797109375 0.377411130859375 0.817868998046875 0.401245443359375 0.81279145703125 0.4195503125 0.80643575390625 0.43519679296875 0.810376779296875 0.4508294375 0.817349947265625 0.455127455078125 0.82583424609375 0.44726080078125 0.827069708984375 0.431024142578125 0.830586037109375 0.41603318359375 0.833601625 0.401748904296875 0.8398277734375 0.385541259765625 0.846402599609375 0.37516196484375
7 0.706064982421875 0.2926039921875 0.71635159375 0.335720072265625 0.72331091796875 0.3601083359375 0.738312755859375 0.39918234375 0.745966099609375 0.41218470703125 0.74996095703125 0.40358224609375 0.7410854921875 0.38672640625 0.728544158203125 0.3583100234375 0.720313130859375 0.32121740234375 0.712533685546875 0.274569025390625 0.711986609375 0.233339072265625 0.712704265625 0.214859560546875 0.723031396484375 0.19770512890625 0.72598034375 0.17162043359375 0.715842556640625 0.15505507421875 0.705628724609375 0.169819998046875 0.701062017578125 0.20041380859375 0.701845072265625 0.24985958203125 0.706064982421875 0.2926039921875
2 0.415820171875 0.259674974609375 0.414823822265625 0.27250193359375 0.4152612265625 0.278969296875 0.42132618359375 0.28695312109375 0.42536083984375 0.2907131875 0.43187440234375 0.2892094140625 0.4349702578125 0.286617873046875 0.43518673828125 0.27155439453125 0.430625162109375 0.2632244375 0.423673685546875 0.258260966796875 0.415820171875 0.259674974609375
7 0.866257763671875 0.303342765625 0.85089885546875 0.2926429765625 0.839348513671875 0.287877431640625 0.8271364140625 0.283264666015625 0.804936201171875 0.292725173828125 0.78652019140625 0.31555769921875 0.78857690625 0.35162499609375 0.795211443359375 0.37734546875 0.803455015625 0.382874443359375 0.8013073515625 0.366028580078125 0.79751340625 0.339032724609375 0.803863365234375 0.3257993828125 0.8162429453125 0.313031796875 0.827682353515625 0.309771216796875 0.83561941015625 0.307938802734375 0.8419799140625 0.308328166015625 0.852869 0.313246375 0.864955244140625 0.330895650390625 0.874549125 0.3528359375 0.881733771484375 0.370376720703125 0.8895040625 0.3859254453125 0.89895189453125 0.39365377734375 0.902471296875 0.39531864453125 0.907372685546875 0.395426236328125 0.91632674609375 0.385926876953125 0.9080732265625 0.366773162109375 0.900261220703125 0.355570201171875 0.891321787109375 0.3440079453125 0.88216971875 0.330017392578125 0.866257763671875 0.303342765625
7 0.065383197265625 0.231379068359375 0.060365796875 0.249388767578125 0.071432158203125 0.26914270703125 0.08208252734375 0.27914396875 0.090238814453125 0.285568302734375 0.11620451171875 0.322887484375 0.124830599609375 0.322675873046875 0.123389873046875 0.303427939453125 0.10654098046875 0.285364408203125 0.094483248046875 0.26204106640625 0.07964812890625 0.241139765625 0.065383197265625 0.231379068359375
7 0.11123880078125 0.15974827734375 0.113216556640625 0.184211861328125 0.1173950859375 0.205200578125 0.12821521875 0.211602890625 0.13686948828125 0.201395412109375 0.138151240234375 0.173708580078125 0.13973775390625 0.140115708984375 0.146629810546875 0.1136043671875 0.1455622734375 0.093083376953125 0.13683580078125 0.0755184375 0.133481384765625 0.07688584375 0.130564939453125 0.122059892578125 0.125426806640625 0.144605603515625 0.11866115625 0.14854137890625 0.11123880078125 0.15974827734375
7 0.6349653125 0.515685884765625 0.6412749140625 0.527209091796875 0.63180637109375 0.4846149609375 0.6238730703125 0.43128266015625 0.6264252734375 0.39175469921875 0.6297436171875 0.36502880859375 0.637354998046875 0.3489936015625 0.644922873046875 0.337511734375 0.65361025 0.3277185390625 0.65939103515625 0.306914568359375 0.6520049296875 0.28914946875 0.644568486328125 0.286973001953125 0.637117240234375 0.30686454296875 0.63431319140625 0.326332234375 0.616924052734375 0.3679884375 0.6130220703125 0.41431844140625 0.617392015625 0.46328106640625 0.625135560546875 0.4952406796875 0.6349653125 0.515685884765625
7 0.796424935546875 0.492639509765625 0.77269983203125 0.468912826171875 0.751429412109375 0.4621416796875 0.733733681640625 0.4740146171875 0.7210674140625 0.49186587890625 0.717967509765625 0.495826759765625 0.723015353515625 0.5050451015625 0.736961966796875 0.492739626953125 0.7494419609375 0.478825625 0.770916732421875 0.484900552734375 0.79205571875 0.505330033203125 0.809438751953125 0.53636227734375 0.816656966796875 0.56130465625 0.81920336328125 0.594464125 0.81654106640625 0.6145481328125 0.8086451640625 0.62935094140625 0.80093502734375 0.640216607421875 0.784042923828125 0.64727234375 0.778629271484375 0.65899523828125 0.7830575234375 0.681336517578125 0.78690519140625 0.6869376875 0.799484453125 0.67819310546875 0.811946369140625 0.661038064453125 0.81556026953125 0.649820001953125 0.82721283984375 0.62441521484375 0.8267340625 0.57650041796875 0.816269904296875 0.52959379296875 0.796424935546875 0.492639509765625
7 0.72251285546875 0.352696984375 0.7123844921875 0.353088171875 0.710112521484375 0.36853972265625 0.71668151953125 0.3890886875 0.728743224609375 0.423945626953125 0.787546947265625 0.68813607421875 0.78616405859375 0.6521118203125 0.77328167578125 0.59473071875 0.758239748046875 0.535900111328125 0.749248533203125 0.479566837890625 0.7395643046875 0.42339451171875 0.734227947265625 0.3876339453125 0.729843705078125 0.360739208984375 0.72251285546875 0.352696984375
7 0.7031943984375 0.4694080625 0.6998786015625 0.45978984765625 0.6917673125 0.461013443359375 0.68760244921875 0.473007748046875 0.68949049609375 0.50647600390625 0.686685939453125 0.5259438125 0.690610724609375 0.569817826171875 0.701060275390625 0.577140990234375 0.698899041015625 0.55671475 0.698183955078125 0.528324828125 0.703512328125 0.51346573828125 0.706050234375 0.49600566796875 0.7031943984375 0.4694080625
7 0.635226875 0.602179994140625 0.627377736328125 0.576086140625 0.6235806171875 0.554897236328125 0.6220848828125 0.535772234375 0.616628845703125 0.52794621875 0.613602068359375 0.54487011328125 0.6169213515625 0.579798271484375 0.63450118359375 0.621168810546875 0.65249676171875 0.65011251171875 0.674773833984375 0.67547158203125 0.68788925390625 0.688018763671875 0.696055798828125 0.696518046875 0.69719367578125 0.701446732421875 0.697881578125 0.70284733203125 0.707536916015625 0.714634875 0.71800484375 0.72519805859375 0.72872012109375 0.730511798828125 0.7355510625 0.7237424140625 0.7336217109375 0.71380411328125 0.713095271484375 0.69128608984375 0.69911903515625 0.68607520703125 0.671057392578125 0.656211177734375 0.6455630703125 0.62640253125 0.635226875 0.602179994140625
1 0.08013571875 0.263452892578125 0.081006796875 0.269506541015625 0.10581659375 0.29995976953125 0.116339697265625 0.314401619140625 0.1241730859375 0.3171953515625 0.12518780078125 0.31287107421875 0.1244031796875 0.3094725078125 0.115014908203125 0.302437435546875 0.09932553125 0.28305234375 0.087920498046875 0.26727940234375 0.083201654296875 0.2642788203125 0.08013571875 0.263452892578125
1 0.1382890546875 0.0829476796875 0.13727433984375 0.087271955078125 0.1352249921875 0.102060126953125 0.1347304375 0.121091560546875 0.129330748046875 0.1446089765625 0.126117814453125 0.154778484375 0.12943706640625 0.161681896484375 0.13561784375 0.16229995703125 0.135770546875 0.150504966796875 0.1388341015625 0.131392638671875 0.144116328125 0.108188375 0.14473718359375 0.092195291015625 0.1424124296875 0.08710823828125 0.1382890546875 0.0829476796875
4 0.6062898671875 0.727561251953125 0.618479306640625 0.74250405859375 0.6235953984375 0.74615794921875 0.628589953125 0.74788231640625 0.632492396484375 0.7502037734375 0.63538099609375 0.74953688671875 0.642575904296875 0.74929648046875 0.646985037109375 0.7454011015625 0.650577326171875 0.736284349609375 0.651800666015625 0.728404419921875 0.6523883046875 0.72562221875 0.653440802734375 0.724573390625 0.657513259765625 0.726510642578125 0.675140189453125 0.734987712890625 0.67984975 0.7386195234375 0.68232271484375 0.738393546875 0.679327962890625 0.7355166328125 0.674214982421875 0.732438845703125 0.667408107421875 0.72790952734375 0.66004287890625 0.724890826171875 0.6533512265625 0.721140748046875 0.651384216796875 0.721594869140625 0.649481814453125 0.722608990234375 0.6484940546875 0.7351536328125 0.646278966796875 0.73957828515625 0.644534306640625 0.74239858984375 0.640401400390625 0.744964423828125 0.6364815859375 0.7462143359375 0.631731677734375 0.7463901171875 0.627576025390625 0.74493295703125 0.6214874296875 0.741273619140625 0.614753931640625 0.734540763671875 0.607941923828125 0.726905212890625 0.6038068984375 0.72049232421875 0.59981740234375 0.713586853515625 0.59698441796875 0.7066433984375 0.593440951171875 0.698023275390625 0.590294771484375 0.69449046484375 0.58882099609375 0.692874083984375 0.58402388671875 0.69340571484375 0.58075027734375 0.694046501953125 0.57681208203125 0.696337416015625 0.57524165234375 0.699347462890625 0.57615171875 0.705813083984375 0.577209556640625 0.707871396484375 0.5799242265625 0.707013748046875 0.58026283203125 0.703713169921875 0.58007484765625 0.703135083984375 0.584455484375 0.69691904296875 0.58708426171875 0.695967189453125 0.588635126953125 0.695954095703125 0.59018471875 0.697898876953125 0.59240538671875 0.701069486328125 0.595106041015625 0.70631683203125 0.596660259765625 0.71136796484375 0.59924889453125 0.716410251953125 0.60116573828125 0.72022592578125 0.6062898671875 0.727561251953125
1 0.69058821875 0.530258044921875 0.6908131875 0.54970873828125 0.69271908984375 0.565882498046875 0.696823478515625 0.56782378125 0.69722359375 0.563398123046875 0.694101595703125 0.55075508203125 0.69411407421875 0.53233289453125 0.696999095703125 0.50963645703125 0.693700421875 0.50678599609375 0.69058821875 0.530258044921875
4 0.82812191796875 0.4573596484375 0.832960228515625 0.436504337890625 0.83819389453125 0.415270767578125 0.845143380859375 0.394500123046875 0.84972145703125 0.38715042578125 0.850876068359375 0.380304111328125 0.8507648515625 0.37146176171875 0.8497341640625 0.36769427734375 0.848155876953125 0.364340203125 0.842452755859375 0.361938419921875 0.83569334765625 0.3675034375 0.824296099609375 0.4024604296875 0.826308439453125 0.40428412109375 0.83596396875 0.380599509765625 0.839526994140625 0.372340015625 0.8434364765625 0.368290109375 0.846993296875 0.3697581796875 0.847914322265625 0.375838310546875 0.846227330078125 0.3859539140625 0.837452984375 0.408576984375 0.829146423828125 0.443677587890625 0.827072044921875 0.455599787109375 0.82812191796875 0.4573596484375