7 0.185670833984375 0.7148305546875 0.178581771484375 0.71705462890625 0.178164583984375 0.73632777734375 0.173577603515625 0.760789814453125 0.163986458984375 0.788957408203125 0.145221353515625 0.81934907421875 0.129375 0.8297268515625 0.105188541015625 0.83862222265625 0.083920833984375 0.837881482421875 0.0676578125 0.8297268515625 0.055564583984375 0.816384259765625 0.040134896484375 0.81712592578125 0.03054375 0.82527962890625 0.026373958984375 0.84307037109375 0.0347140625 0.85789537109375 0.046807291015625 0.8601194453125 0.062236458984375 0.852706482421875 0.0743296875 0.854188888671875 0.094763021484375 0.85937777734375 0.112277603515625 0.85789537109375 0.127309375 0.8528518515625 0.141051041015625 0.843811111328125 0.159399478515625 0.8215731484375 0.178581771484375 0.782286111328125 0.182334896484375 0.74892962890625 0.185670833984375 0.7148305546875
6 0.076414583984375 0.81270092578125 0.088091146484375 0.843092591796875 0.097682291015625 0.87867407421875 0.102269271484375 0.93575092578125 0.106022396484375 0.97429722265625 0.109358333984375 0.99907407421875 0.117925 0.995581482421875 0.115196353515625 0.962437037109375 0.110609375 0.905359259765625 0.105188541015625 0.86607222265625 0.0997671875 0.83197407421875 0.086840103515625 0.801582408203125 0.076414583984375 0.81270092578125
7 0.244052083984375 0.777838888671875 0.236545833984375 0.816384259765625 0.2127765625 0.839363888671875 0.1940109375 0.83195092578125 0.174411458984375 0.794887962890625 0.1648203125 0.750412037109375 0.164403646484375 0.73039722265625 0.160650521484375 0.710383333984375 0.155229166015625 0.695558333984375 0.146055208984375 0.6903694453125 0.142719271484375 0.703712037109375 0.146055208984375 0.72817407421875 0.1543953125 0.745963888671875 0.156480208984375 0.768943517578125 0.164403646484375 0.799335185546875 0.179415625 0.835657408203125 0.192759896484375 0.846035185546875 0.215278646484375 0.852706482421875 0.2336265625 0.84010462890625 0.247388021484375 0.81119537109375 0.251558333984375 0.776356482421875 0.253643228515625 0.739292591796875 0.246136978515625 0.7385518515625 0.244052083984375 0.777838888671875
6 0.421280208984375 0 0.420029166015625 0.009053703125 0.415025521484375 0.040187037109375 0.4041828125 0.069096296875 0.390421875 0.10022962890625 0.376660416015625 0.125432408203125 0.362899478515625 0.154342591796875 0.36123125 0.1914055546875 0.372490625 0.1914055546875 0.374575521484375 0.159531482421875 0.387502603515625 0.141740740234375 0.397928125 0.118761111328125 0.413357291015625 0.080956482421875 0.425033333984375 0.040928703125 0.429681771484375 0.0048194453125 0.431705728515625 0 0.421280208984375 0
2 0.450075521484375 0.1283981484375 0.452577603515625 0.14099907421875 0.46216875 0.14767037109375 0.4692578125 0.14544722265625 0.47259375 0.13210462890625 0.470926041015625 0.115796296875 0.463419791015625 0.112089814453125 0.453411458984375 0.1150555546875 0.450075521484375 0.1283981484375
5 0.501367708984375 0.332987037109375 0.5022015625 0.352260185546875 0.506371353515625 0.362637962890625 0.515180208984375 0.36349537109375 0.522217708984375 0.353742591796875 0.521383853515625 0.332987037109375 0.514711458984375 0.310008333984375 0.507205728515625 0.3048194453125 0.499699478515625 0.31519722265625 0.501367708984375 0.332987037109375
5 0.634809896484375 0.284063888671875 0.637729166015625 0.30259537109375 0.642316146484375 0.310008333984375 0.648119791015625 0.306960185546875 0.662332291015625 0.301853703125 0.669838541015625 0.290735185546875 0.666919791015625 0.272203703125 0.660664583984375 0.261084259765625 0.642733333984375 0.26997962890625 0.634809896484375 0.284063888671875
5 0.8458734375 0.34412962890625 0.8346140625 0.353765740234375 0.828358853515625 0.3634018515625 0.8300640625 0.384812037109375 0.8354484375 0.39305277734375 0.850043228515625 0.38712222265625 0.861719791015625 0.37377962890625 0.861302603515625 0.350059259765625 0.855464583984375 0.3419055546875 0.8458734375 0.34412962890625
5 0.858478125 0.315509259765625 0.859322916015625 0.332035185546875 0.8615765625 0.3450555546875 0.869685416015625 0.35144722265625 0.879651041015625 0.351541666015625 0.8929953125 0.347835185546875 0.898416146484375 0.333010185546875 0.8967484375 0.3152194453125 0.8817359375 0.309289814453125 0.858478125 0.315509259765625
6 0.930596875 0.425711111328125 0.932569271484375 0.365117591796875 0.942992708984375 0.3500944453125 0.9539796875 0.331565740234375 0.952007291015625 0.31954722265625 0.935668228515625 0.333067591796875 0.923272396484375 0.360610185546875 0.919328646484375 0.391157408203125 0.9201734375 0.43672777734375 0.926371353515625 0.490310185546875 0.940457291015625 0.53387777734375 0.95510625 0.570935185546875 0.972475521484375 0.595565740234375 0.979615625 0.601481482421875 0.985531771484375 0.590464814453125 0.9559515625 0.537883333984375 0.937921875 0.4873055546875 0.930596875 0.425711111328125
6 0.893410416015625 0.414208333984375 0.895664583984375 0.364632408203125 0.886649478515625 0.36312962890625 0.884959375 0.403692591796875 0.883832291015625 0.446258333984375 0.8936921875 0.498838888671875 0.9010171875 0.575457408203125 0.904679166015625 0.641559259765625 0.90580625 0.672106482421875 0.907214583984375 0.693138888671875 0.911440625 0.69864722265625 0.91735625 0.68712962890625 0.915947916015625 0.654078703125 0.9125671875 0.55292222265625 0.907778125 0.50284537109375 0.8953828125 0.4447555546875 0.893410416015625 0.414208333984375
2 0.879888021484375 0.383661111328125 0.879043228515625 0.39567962890625 0.881257291015625 0.40459907421875 0.8897484375 0.40669722265625 0.8945375 0.397182408203125 0.893410416015625 0.380656482421875 0.8860859375 0.3776518515625 0.879888021484375 0.383661111328125
7 0.371758333984375 0.491659259765625 0.388636978515625 0.43972962890625 0.388961978515625 0.399339814453125 0.383768228515625 0.39645462890625 0.379872916015625 0.433959259765625 0.360072916015625 0.501467591796875 0.341246353515625 0.55339722265625 0.3182 0.599557408203125 0.291258333984375 0.64110092578125 0.2740546875 0.65667962890625 0.26301875 0.6693731484375 0.253280728515625 0.684375 0.253930208984375 0.6993768515625 0.2617203125 0.7074555546875 0.272431771484375 0.703415740234375 0.279897396484375 0.69187592578125 0.285764583984375 0.681888888671875 0.285091146484375 0.671681482421875 0.295802603515625 0.65610277734375 0.3169015625 0.62609907421875 0.343518228515625 0.581093517578125 0.371758333984375 0.491659259765625
7 0.512957291015625 0.479560185546875 0.501271875 0.508987037109375 0.4925078125 0.54764537109375 0.459398958984375 0.6486194453125 0.43343125 0.6942018515625 0.410384896484375 0.726513888671875 0.415903125 0.734591666015625 0.4347296875 0.711512037109375 0.449985416015625 0.696510185546875 0.4578234375 0.682610185546875 0.471084375 0.6445805546875 0.490559896484375 0.59322777734375 0.506465103515625 0.539567591796875 0.521396875 0.495715740234375 0.5200984375 0.475521296875 0.512957291015625 0.479560185546875
7 0.493372916015625 0.694778703125 0.484933333984375 0.692471296875 0.472598958984375 0.704011111328125 0.464808333984375 0.720166666015625 0.4553953125 0.742092591796875 0.432024478515625 0.762864814453125 0.414496353515625 0.766903703125 0.398915625 0.7570944453125 0.385607291015625 0.74440092578125 0.378466146484375 0.710935185546875 0.37619375 0.6734305546875 0.383010416015625 0.6290018515625 0.375544791015625 0.62150092578125 0.3677546875 0.65092777734375 0.364833333984375 0.703434259765625 0.375544791015625 0.748439814453125 0.392423958984375 0.770942591796875 0.410398958984375 0.777982408203125 0.433971875 0.777289814453125 0.449877083984375 0.7674805546875 0.470976041015625 0.741515740234375 0.4852578125 0.735168517578125 0.497592708984375 0.71497407421875 0.493372916015625 0.694778703125
5 0.432782291015625 0.690739814453125 0.4272640625 0.682085185546875 0.4197984375 0.68497037109375 0.415254166015625 0.695933333984375 0.41724375 0.70425277734375 0.421096875 0.71382037109375 0.427588541015625 0.722475 0.435703646484375 0.719589814453125 0.439273958984375 0.709203703125 0.432782291015625 0.690739814453125
7 0.656096353515625 0.823218517578125 0.6939734375 0.859810185546875 0.6972671875 0.850296296875 0.646627083984375 0.791016666015625 0.620277603515625 0.752961111328125 0.606279166015625 0.71124537109375 0.602573958984375 0.693681482421875 0.5963984375 0.665871296875 0.588576041015625 0.660016666015625 0.579930208984375 0.665871296875 0.577047916015625 0.68489907421875 0.581577083984375 0.6958768515625 0.586354166015625 0.706589814453125 0.597221875 0.7171 0.6029859375 0.736860185546875 0.614102083984375 0.7675981484375 0.632628646484375 0.795408333984375 0.656096353515625 0.823218517578125
7 0.5980453125 0.812262962890625 0.582400521484375 0.73322407421875 0.579106771484375 0.67174907421875 0.593928125 0.597832408203125 0.587752603515625 0.58905 0.5721078125 0.62637407421875 0.564696875 0.673212037109375 0.574989583984375 0.7522518515625 0.5963984375 0.8569055546875 0.606279166015625 0.897157408203125 0.607971875 0.9216231484375 0.614102083984375 0.941067591796875 0.6223359375 0.957168517578125 0.630158333984375 0.950582408203125 0.623571353515625 0.916185185546875 0.611631771484375 0.873006482421875 0.5980453125 0.812262962890625
6 0.172743228515625 0.01234537109375 0.175347396484375 0 0.1657984375 0.001543517578125 0.1640625 0.00462962890625 0.151070833984375 0.05149537109375 0.144831771484375 0.078432408203125 0.15508125 0.083185185546875 0.158646353515625 0.07447037109375 0.1623265625 0.054012037109375 0.164930728515625 0.0401231484375 0.167534896484375 0.02777777734375 0.172743228515625 0.01234537109375
7 0.341706771484375 0.470896296875 0.350555208984375 0.482928703125 0.354719271484375 0.477375 0.365649478515625 0.4412768515625 0.379182291015625 0.388517591796875 0.392715625 0.3265018515625 0.3974 0.270965740234375 0.390633333984375 0.237643517578125 0.390113021484375 0.188586111328125 0.378141666015625 0.17840462890625 0.3672109375 0.20895 0.373456771484375 0.239660185546875 0.381264583984375 0.28114722265625 0.382826041015625 0.311691666015625 0.372416146484375 0.36722777734375 0.359923958984375 0.414434259765625 0.341706771484375 0.470896296875
7 0.352116666015625 0.346864814453125 0.353678125 0.310766666015625 0.363046875 0.257081482421875 0.387510416015625 0.237643517578125 0.4026046875 0.219131482421875 0.390113021484375 0.20432222265625 0.351596353515625 0.219131482421875 0.339104166015625 0.264486111328125 0.343788541015625 0.340386111328125 0.351075521484375 0.40702962890625 0.34899375 0.4690444453125 0.347952603515625 0.491259259765625 0.3448296875 0.531060185546875 0.346391146484375 0.5616055546875 0.358883333984375 0.563456482421875 0.361485416015625 0.539390740234375 0.36200625 0.535687962890625 0.358883333984375 0.498663888671875 0.3625265625 0.44590462890625 0.360965103515625 0.406103703125 0.352116666015625 0.346864814453125
7 0.366221875 0.387643517578125 0.360595833984375 0.416407408203125 0.352508333984375 0.45392592578125 0.3394984375 0.485191666015625 0.326839583984375 0.519583333984375 0.303983853515625 0.562103703125 0.292028125 0.60775092578125 0.287457291015625 0.638390740234375 0.289566666015625 0.666565740234375 0.297654166015625 0.63404907421875 0.303983853515625 0.59402962890625 0.3247296875 0.54150462890625 0.351805208984375 0.494606482421875 0.366221875 0.4414555546875 0.374309375 0.402686111328125 0.374309375 0.38455277734375 0.375364583984375 0.39007407421875 0.385561978515625 0.384516666015625 0.390484375 0.364507408203125 0.386265103515625 0.34762407421875 0.375364583984375 0.348875 0.367980208984375 0.367633333984375 0.366221875 0.387643517578125
7 0.403143228515625 0.772867591796875 0.402440103515625 0.74285277734375 0.369035416015625 0.650932408203125 0.351805208984375 0.576521296875 0.34125625 0.5214944453125 0.336685416015625 0.4921055546875 0.317697396484375 0.48772777734375 0.30890625 0.48772777734375 0.313829166015625 0.51097222265625 0.325784896484375 0.5214944453125 0.331059375 0.54212962890625 0.3489921875 0.618416666015625 0.3722 0.708461111328125 0.394352603515625 0.757860185546875 0.403143228515625 0.772867591796875
7 0.334927083984375 0.7366 0.2997640625 0.772241666015625 0.292028125 0.806008333984375 0.294138021484375 0.827268517578125 0.3064453125 0.826643517578125 0.311719791015625 0.79787962890625 0.320861978515625 0.780996296875 0.33316875 0.768489814453125 0.359892708984375 0.757860185546875 0.384858333984375 0.7491055546875 0.417559896484375 0.7409768515625 0.431625 0.7409768515625 0.432680208984375 0.7409768515625 0.443932291015625 0.7403518515625 0.456591146484375 0.720966666015625 0.452722916015625 0.6978305546875 0.434438021484375 0.702833333984375 0.402088541015625 0.72722037109375 0.334927083984375 0.7366
7 0.695677083984375 0.721668517578125 0.6807578125 0.750612037109375 0.660413021484375 0.755436111328125 0.636903125 0.74337592578125 0.621531771484375 0.733728703125 0.623340103515625 0.750612037109375 0.636903125 0.760259259765625 0.659508853515625 0.76427962890625 0.675332291015625 0.769907408203125 0.7029109375 0.7482 0.709240103515625 0.7015694453125 0.707883853515625 0.654134259765625 0.702458853515625 0.613935185546875 0.686634896484375 0.595443517578125 0.678948958984375 0.588207408203125 0.669455208984375 0.567303703125 0.654535416015625 0.559263888671875 0.644136978515625 0.553636111328125 0.634190625 0.563284259765625 0.634642708984375 0.58090462890625 0.648658333984375 0.5978555546875 0.6613171875 0.5978555546875 0.679853125 0.6115231484375 0.689799478515625 0.634034259765625 0.692964583984375 0.66297777734375 0.695677083984375 0.721668517578125
7 0.731598958984375 0.885341666015625 0.7144609375 0.858581482421875 0.695651041015625 0.848175 0.660957291015625 0.848175 0.6442375 0.8622981484375 0.639639583984375 0.886085185546875 0.648417708984375 0.8734481484375 0.688963021484375 0.8682444453125 0.707772916015625 0.881625 0.726165103515625 0.898721296875 0.7412125 0.93440092578125 0.74831875 0.95967407421875 0.758350521484375 0.982717591796875 0.770890625 0.98494722265625 0.777578646484375 0.96487777734375 0.7621125 0.94257777734375 0.751244791015625 0.92027777734375 0.731598958984375 0.885341666015625
7 0.790954166015625 0.9291981484375 0.745392708984375 0.92622407421875 0.7056828125 0.952984259765625 0.694815103515625 0.988663888671875 0.704429166015625 0.979743517578125 0.722403125 0.95967407421875 0.749990625 0.941090740234375 0.777160416015625 0.938117591796875 0.847383853515625 0.954471296875 0.851145833984375 0.958187037109375 0.857415625 0.961578703125 0.868283853515625 0.979743517578125 0.8862578125 0.969337037109375 0.88709375 0.949267591796875 0.8733 0.93960462890625 0.858669791015625 0.935887962890625 0.790954166015625 0.9291981484375
7 0.770472396484375 0.9291981484375 0.749572916015625 0.94034722265625 0.7336890625 0.938117591796875 0.694396875 0.914331482421875 0.684365103515625 0.9291981484375 0.704846875 0.94555092578125 0.742048958984375 0.967107408203125 0.770472396484375 0.961161111328125 0.785102603515625 0.93440092578125 0.794716146484375 0.888314814453125 0.798478125 0.836281482421875 0.795134375 0.802088888671875 0.7934625 0.7708694453125 0.791372396484375 0.743365740234375 0.784684375 0.721809259765625 0.775488541015625 0.724039814453125 0.7700546875 0.734446296875 0.7725625 0.7612055546875 0.777160416015625 0.780532408203125 0.781758333984375 0.7946555546875 0.7838484375 0.822158333984375 0.78635625 0.8452018515625 0.7830125 0.898721296875 0.770472396484375 0.9291981484375
7 0.7516625 0.847431482421875 0.767546353515625 0.799859259765625 0.7855203125 0.743365740234375 0.814361978515625 0.6920768515625 0.8323359375 0.64524722265625 0.823140103515625 0.638556482421875 0.8097640625 0.672006482421875 0.777996353515625 0.741136111328125 0.763366666015625 0.7835055546875 0.737451041015625 0.869731482421875 0.732852603515625 0.89500462890625 0.725746875 0.903181482421875 0.725224478515625 0.90677407421875 0.720730728515625 0.927711111328125 0.721984896484375 0.947037962890625 0.733270833984375 0.95670092578125 0.7412125 0.9351444453125 0.740794791015625 0.9016944453125 0.7516625 0.847431482421875
7 0.702757291015625 0.799115740234375 0.680603125 0.816212037109375 0.662629166015625 0.837025 0.660539583984375 0.853378703125 0.660539583984375 0.8682444453125 0.676841146484375 0.853378703125 0.682275 0.841485185546875 0.689798958984375 0.8288481484375 0.700248958984375 0.82364537109375 0.707772916015625 0.81769907421875 0.720730728515625 0.810265740234375 0.728672916015625 0.80134537109375 0.726165103515625 0.788709259765625 0.71696875 0.77830277734375 0.707355208984375 0.78722222265625 0.702757291015625 0.799115740234375
7 0.706936978515625 0.760462037109375 0.715296875 0.729242591796875 0.717805208984375 0.698766666015625 0.709027083984375 0.716606482421875 0.700248958984375 0.746338888671875 0.6902171875 0.76715277734375 0.670571353515625 0.7946555546875 0.654269271484375 0.82067222265625 0.635041666015625 0.851891666015625 0.625845833984375 0.857837962890625 0.6191578125 0.860812037109375 0.6053640625 0.882368517578125 0.6053640625 0.89797777734375 0.6128875 0.90615462890625 0.622292708984375 0.90027222265625 0.6329515625 0.876421296875 0.641311458984375 0.863041666015625 0.6546875 0.841485185546875 0.66848125 0.819928703125 0.6918890625 0.77830277734375 0.706936978515625 0.760462037109375
7 0.6539734375 0.6984731484375 0.6426875 0.68212037109375 0.630983333984375 0.67914722265625 0.607575521484375 0.679890740234375 0.5967078125 0.685093517578125 0.5774796875 0.711110185546875 0.563267708984375 0.727462962890625 0.557833853515625 0.744560185546875 0.5620140625 0.747533333984375 0.582077603515625 0.72895 0.605485416015625 0.70144722265625 0.618443228515625 0.6977305546875 0.634327603515625 0.70442037109375 0.650211458984375 0.716312962890625 0.660243228515625 0.735639814453125 0.66693125 0.754966666015625 0.669857291015625 0.780982408203125 0.66693125 0.825582408203125 0.6677671875 0.856059259765625 0.670693228515625 0.855315740234375 0.675708853515625 0.82632592578125 0.67738125 0.810715740234375 0.688248958984375 0.780982408203125 0.702042708984375 0.754966666015625 0.710820833984375 0.736383333984375 0.709984896484375 0.7207731484375 0.699534896484375 0.716312962890625 0.693265103515625 0.732666666015625 0.689503125 0.75247037109375 0.679470833984375 0.7713194453125 0.679053125 0.757196296875 0.674036978515625 0.7319231484375 0.663169271484375 0.712596296875 0.6539734375 0.6984731484375
4 0.400133853515625 0.751232408203125 0.394111458984375 0.735765740234375 0.382513541015625 0.709196296875 0.368685416015625 0.672711111328125 0.361325 0.64257222265625 0.3519578125 0.597759259765625 0.3459359375 0.565637037109375 0.335006771484375 0.519635185546875 0.331402603515625 0.5192518515625 0.342144271484375 0.567564814453125 0.364447916015625 0.667506482421875 0.3718078125 0.69130092578125 0.386082291015625 0.727388888671875 0.399241666015625 0.7555944453125 0.400133853515625 0.751232408203125
8 0.4676890625 0.740439814453125 0.470288021484375 0.737359259765625 0.4725984375 0.733593517578125 0.470769271484375 0.72794537109375 0.468940103515625 0.72794537109375 0.467303646484375 0.72982777734375 0.465859896484375 0.731881482421875 0.464511978515625 0.73667407421875 0.465859896484375 0.74009722265625 0.4676890625 0.740439814453125
4 0.6687484375 0.7609944453125 0.663450521484375 0.74309537109375 0.6508671875 0.7195444453125 0.640005728515625 0.70729722265625 0.6264953125 0.696463888671875 0.611528125 0.694109259765625 0.596295833984375 0.6974055546875 0.5850375 0.70729722265625 0.574838021484375 0.72425462890625 0.567950521484375 0.73862037109375 0.561460416015625 0.7442731484375 0.559341146484375 0.74662777734375 0.559341146484375 0.748040740234375 0.559738541015625 0.750631482421875 0.5653015625 0.745214814453125 0.570334896484375 0.73862037109375 0.574970833984375 0.727787037109375 0.58781875 0.707768517578125 0.598547396484375 0.700467591796875 0.608084375 0.698583333984375 0.616429166015625 0.6983481484375 0.626628125 0.700938888671875 0.639608333984375 0.7108305546875 0.651132291015625 0.725431482421875 0.660933853515625 0.746392591796875 0.665040103515625 0.765233333984375 0.6670265625 0.7869 0.666099478515625 0.811628703125 0.665436978515625 0.820578703125 0.6676890625 0.823639814453125 0.669013541015625 0.8217555546875 0.671265103515625 0.811864814453125 0.674444271484375 0.796791666015625 0.680802083984375 0.779363888671875 0.687557291015625 0.767587962890625 0.686565103515625 0.76480092578125 0.679875 0.774182408203125 0.6721921875 0.79467222265625 0.670072916015625 0.80527037109375 0.670338021484375 0.791610185546875 0.671000521484375 0.776066666015625 0.6687484375 0.7609944453125
1 0.664438021484375 0.857263888671875 0.666434896484375 0.85650277734375 0.672426041015625 0.850162037109375 0.678559896484375 0.83545092578125 0.681983333984375 0.830125 0.686405728515625 0.8235305546875 0.690256771484375 0.81972592578125 0.70495 0.8093268515625 0.703501041015625 0.80675 0.689971875 0.815413888671875 0.679558333984375 0.8232768515625 0.667147916015625 0.834437037109375 0.664580208984375 0.84255277734375 0.663296353515625 0.853966666015625 0.664438021484375 0.857263888671875