5 0.7258390625 0.465835185546875 0.738621353515625 0.496675 0.7650984375 0.480443517578125 0.7650984375 0.45122777734375 0.746838021484375 0.428503703125 0.730404166015625 0.420387962890625 0.7258390625 0.465835185546875
5 0.829008853515625 0.488559259765625 0.837225521484375 0.514528703125 0.846355728515625 0.53725277734375 0.864615625 0.508037037109375 0.862789583984375 0.47557407421875 0.841790625 0.447981482421875 0.830834896484375 0.467458333984375 0.829008853515625 0.488559259765625
7 0.0447375 0.405991666015625 0.060258333984375 0.347560185546875 0.0538671875 0.2063481484375 0.018259896484375 0.170639814453125 0.0027390625 0.16414722265625 0.006391146484375 0.207971296875 0.028303125 0.235564814453125 0.039259375 0.272896296875 0.041085416015625 0.319966666015625 0.024651041015625 0.4206 0.015520833984375 0.4254694453125 0.010043228515625 0.44332407421875 0.010043228515625 0.479032408203125 0.024651041015625 0.500133333984375 0.0419984375 0.4839018515625 0.0447375 0.405991666015625
7 0.916657291015625 0.8618768515625 0.905701041015625 0.809937037109375 0.904788021484375 0.75962037109375 0.909353125 0.68982592578125 0.91483125 0.631393517578125 0.9239609375 0.5827 0.910266146484375 0.555107408203125 0.894744791015625 0.56484537109375 0.8892671875 0.5827 0.8892671875 0.610293517578125 0.897483853515625 0.633016666015625 0.891093228515625 0.749881482421875 0.902048958984375 0.8618768515625 0.920309375 0.921932408203125 0.930352083984375 0.913816666015625 0.916657291015625 0.8618768515625
7 0.959568228515625 0.39117222265625 0.969611458984375 0.31975462890625 0.947699478515625 0.267814814453125 0.920309375 0.248337037109375 0.888354166015625 0.25482962890625 0.871006771484375 0.2791768515625 0.857311978515625 0.334362962890625 0.880136978515625 0.3035231484375 0.900222916015625 0.2759305546875 0.924873958984375 0.277553703125 0.936743228515625 0.3035231484375 0.9458734375 0.348971296875 0.93765625 0.39279537109375 0.9175703125 0.404156482421875 0.91483125 0.44960462890625 0.923047916015625 0.460965740234375 0.9403953125 0.45609722265625 0.946786458984375 0.4366194453125 0.959568228515625 0.39117222265625
7 0.793397396484375 0.30392407421875 0.7809640625 0.29287222265625 0.7366703125 0.28872777734375 0.686160416015625 0.30392407421875 0.65196875 0.321883333984375 0.653522916015625 0.348131482421875 0.6776125 0.331553703125 0.711027083984375 0.31912037109375 0.752211978515625 0.317738888671875 0.793397396484375 0.349512962890625 0.7949515625 0.3578018515625 0.789511978515625 0.381286111328125 0.794174478515625 0.4227305546875 0.8089390625 0.426875 0.814378125 0.3937194453125 0.813601041015625 0.355038888671875 0.793397396484375 0.30392407421875
7 0.312369791015625 0.035375 0.362835416015625 0.01015 0.2975609375 0.01015 0.265700521484375 0.054357408203125 0.258706771484375 0.1013268515625 0.2625921875 0.1538231484375 0.285127603515625 0.20770092578125 0.296006771484375 0.232566666015625 0.307663021484375 0.257433333984375 0.320095833984375 0.262959259765625 0.32165 0.236711111328125 0.313102083984375 0.204937962890625 0.303000521484375 0.202175 0.286681771484375 0.166256482421875 0.2696609375 0.12879907421875 0.2725921875 0.080784259765625 0.2870375 0.049146296875 0.312369791015625 0.035375
7 0.3224875 0.50700092578125 0.312385416015625 0.448978703125 0.2960671875 0.402008333984375 0.269646353515625 0.364709259765625 0.253327603515625 0.34122407421875 0.239340103515625 0.331553703125 0.225352603515625 0.33017222265625 0.223021353515625 0.3426055546875 0.226906771484375 0.370235185546875 0.241671353515625 0.37437962890625 0.252550521484375 0.37437962890625 0.296844271484375 0.446215740234375 0.312385416015625 0.494567591796875 0.304614583984375 0.57607407421875 0.316270833984375 0.552588888671875 0.3224875 0.50700092578125
7 0.2820796875 0.413060185546875 0.2657609375 0.36747222265625 0.2331234375 0.291490740234375 0.204371875 0.222417591796875 0.191938541015625 0.169921296875 0.181836458984375 0.135384259765625 0.170180208984375 0.12709537109375 0.160855208984375 0.146436111328125 0.165517708984375 0.178210185546875 0.175619791015625 0.200313888671875 0.175619791015625 0.1961694453125 0.201263541015625 0.24037592578125 0.225352603515625 0.310831482421875 0.2797484375 0.435163888671875 0.2820796875 0.413060185546875
6 0.253811978515625 0.172113888671875 0.2453671875 0.1596018515625 0.237626041015625 0.194637037109375 0.224959375 0.224667591796875 0.196810416015625 0.260953703125 0.167253646484375 0.28472777734375 0.132067708984375 0.323516666015625 0.115178125 0.3547981484375 0.122215625 0.369813888671875 0.134178646484375 0.35354722265625 0.147549478515625 0.338532408203125 0.165846353515625 0.3122555546875 0.1827359375 0.30224537109375 0.205958853515625 0.273466666015625 0.2270703125 0.250943517578125 0.2453671875 0.222164814453125 0.253811978515625 0.172113888671875
7 0.218411458984375 0.3493518515625 0.220695833984375 0.340721296875 0.219267708984375 0.3325981484375 0.2166984375 0.308737962890625 0.212415103515625 0.2980768515625 0.194427083984375 0.22649537109375 0.189002083984375 0.169128703125 0.1892875 0.087393517578125 0.196140103515625 0.020381482421875 0.1895734375 0.014288888671875 0.183291666015625 0.05134907421875 0.178152083984375 0.1122694453125 0.179294271484375 0.1635444453125 0.184433853515625 0.213803703125 0.204618228515625 0.307811111328125 0.203849478515625 0.3259981484375 0.206133853515625 0.340721296875 0.207561458984375 0.3457981484375 0.209845833984375 0.3493518515625 0.212986458984375 0.3493518515625 0.218411458984375 0.3493518515625
2 0.535590103515625 0.4938268515625 0.534722396484375 0.44290092578125 0.5295140625 0.399691666015625 0.518229166015625 0.3518518515625 0.487847396484375 0.33024722265625 0.449652603515625 0.35339537109375 0.442708333984375 0.391975 0.4375 0.429012037109375 0.442708333984375 0.48919722265625 0.448784896484375 0.516975 0.466145833984375 0.535493517578125 0.491319271484375 0.53395092578125 0.516493228515625 0.52160462890625 0.535590103515625 0.4938268515625
7 0.796123958984375 0.958596296875 0.796123958984375 0.95182407421875 0.79973125 0.942912962890625 0.803940103515625 0.934713888671875 0.8019359375 0.9211694453125 0.798128125 0.914040740234375 0.7913140625 0.916535185546875 0.785903125 0.926515740234375 0.783497916015625 0.940417591796875 0.786103646484375 0.9503981484375 0.784299478515625 0.957883333984375 0.783297396484375 0.971784259765625 0.785903125 0.98532962890625 0.7883078125 0.998161111328125 0.8093515625 0.99907407421875 0.808349478515625 0.99352777734375 0.8063453125 0.983190740234375 0.803539583984375 0.970714814453125 0.796123958984375 0.958596296875
7 0.292480728515625 0.263718517578125 0.28661875 0.244735185546875 0.281384896484375 0.2335694453125 0.266311458984375 0.1729 0.25333125 0.134562037109375 0.225068228515625 0.084891666015625 0.214391146484375 0.071492591796875 0.208319791015625 0.059568517578125 0.198898958984375 0.046168517578125 0.196805208984375 0.050635185546875 0.200783333984375 0.062546296875 0.215019271484375 0.08822777734375 0.228627603515625 0.1060944453125 0.2405609375 0.126193517578125 0.249981771484375 0.147037037109375 0.258983853515625 0.174208333984375 0.265264583984375 0.202867591796875 0.2709171875 0.229666666015625 0.272201041015625 0.2533055546875 0.2723828125 0.27935092578125 0.276151041015625 0.2961 0.284734896484375 0.29982222265625 0.2903875 0.297216666015625 0.295202603515625 0.285306482421875 0.292480728515625 0.263718517578125
7 0.411185416015625 0.269542591796875 0.399252083984375 0.26507592578125 0.3716171875 0.249814814453125 0.345029166015625 0.21482777734375 0.333723958984375 0.177235185546875 0.332258333984375 0.1511805546875 0.334142708984375 0.126987037109375 0.342726041015625 0.100560185546875 0.351519271484375 0.084037962890625 0.349006771484375 0.074732408203125 0.336027083984375 0.095203703125 0.326396353515625 0.124608333984375 0.32325625 0.154385185546875 0.326605728515625 0.176717591796875 0.332467708984375 0.203516666015625 0.342726041015625 0.227337962890625 0.35738125 0.2515305546875 0.3726640625 0.267536111328125 0.394227603515625 0.277585185546875 0.396111978515625 0.283686111328125 0.4061609375 0.29485277734375 0.414535416015625 0.30117962890625 0.421234896484375 0.30192407421875 0.427515103515625 0.296340740234375 0.42311875 0.280708333984375 0.411185416015625 0.269542591796875
7 0.5294078125 0.20444537109375 0.533064583984375 0.22695 0.536440103515625 0.2574555546875 0.534190103515625 0.279460185546875 0.526594791015625 0.297963888671875 0.520688021484375 0.316467591796875 0.524063541015625 0.32797037109375 0.536721353515625 0.32947037109375 0.544316666015625 0.306965740234375 0.5496609375 0.280460185546875 0.551630208984375 0.245953703125 0.542628646484375 0.191942591796875 0.5277203125 0.158435185546875 0.503810416015625 0.1359305546875 0.482431771484375 0.1354305546875 0.472023958984375 0.1329305546875 0.458521875 0.12992962890625 0.4478328125 0.140431482421875 0.4464265625 0.161436111328125 0.448306771484375 0.164860185546875 0.456553125 0.171937962890625 0.470055208984375 0.168937962890625 0.479338021484375 0.164937037109375 0.498746875 0.163937037109375 0.515905728515625 0.179439814453125 0.5294078125 0.20444537109375
7 0.59515 0.335175 0.586453125 0.359817591796875 0.583463541015625 0.37382962890625 0.577484375 0.393640740234375 0.569602603515625 0.427462962890625 0.5687875 0.467084259765625 0.567428646484375 0.492209259765625 0.56824375 0.510087037109375 0.570961458984375 0.530381482421875 0.573679166015625 0.539078703125 0.578299478515625 0.542943517578125 0.57666875 0.52554907421875 0.575853646484375 0.495591666015625 0.575581771484375 0.46080277734375 0.578843228515625 0.426496296875 0.58618125 0.396539814453125 0.592090625 0.381541666015625 0.5986828125 0.378178703125 0.605477083984375 0.369481482421875 0.611728125 0.34967037109375 0.609553646484375 0.336625 0.604390103515625 0.329860185546875 0.59515 0.335175
7 0.652222916015625 0.440509259765625 0.631295833984375 0.43229537109375 0.6155328125 0.427462962890625 0.603303125 0.414417591796875 0.593790625 0.395089814453125 0.582376041015625 0.381561111328125 0.578571353515625 0.384942591796875 0.583191666015625 0.397988888671875 0.59460625 0.4221481484375 0.617979166015625 0.445340740234375 0.6418953125 0.455487962890625 0.670703646484375 0.452588888671875 0.682390103515625 0.442441666015625 0.690815103515625 0.413934259765625 0.6935328125 0.393157408203125 0.697065625 0.363683333984375 0.6932609375 0.3443555546875 0.686466666015625 0.343388888671875 0.681303125 0.359334259765625 0.682118228515625 0.380111111328125 0.683748958984375 0.39122407421875 0.68103125 0.404753703125 0.6769546875 0.421181482421875 0.665539583984375 0.437610185546875 0.652222916015625 0.440509259765625
7 0.616613021484375 0.565284259765625 0.62289375 0.593928703125 0.6218015625 0.626458333984375 0.62289375 0.64442222265625 0.628628646484375 0.6419944453125 0.631359375 0.6240305546875 0.629994271484375 0.604125 0.628628646484375 0.58470462890625 0.624532291015625 0.565284259765625 0.6204359375 0.5570305546875 0.617432291015625 0.54732037109375 0.6133359375 0.53469722265625 0.610331771484375 0.513334259765625 0.607873958984375 0.486146296875 0.611151041015625 0.459928703125 0.618797396484375 0.440508333984375 0.6253515625 0.418660185546875 0.622620833984375 0.398753703125 0.613063021484375 0.391957408203125 0.607055208984375 0.401667591796875 0.605143228515625 0.420116666015625 0.6047703125 0.437982408203125 0.6035046875 0.450703703125 0.598043228515625 0.494885185546875 0.602685416015625 0.522559259765625 0.609239583984375 0.54634907421875 0.616613021484375 0.565284259765625
7 0.685936978515625 0.74415092578125 0.695991146484375 0.731241666015625 0.701855728515625 0.70194722265625 0.7091171875 0.682582408203125 0.7152609375 0.655771296875 0.718333333984375 0.628462037109375 0.710513541015625 0.62647592578125 0.699063021484375 0.640378703125 0.6973875 0.652791666015625 0.695711978515625 0.675135185546875 0.691243228515625 0.695988888671875 0.685936978515625 0.73074537109375 0.685936978515625 0.74415092578125
1 0.690684896484375 0.739186111328125 0.695153125 0.718828703125 0.702414583984375 0.69400277734375 0.7046484375 0.677617591796875 0.698579166015625 0.672953703125 0.69208125 0.689037962890625 0.6878921875 0.7084018515625 0.685378646484375 0.7292555546875 0.686216666015625 0.743158333984375 0.690684896484375 0.739186111328125
7 0.607886458984375 0.791816666015625 0.592805208984375 0.791816666015625 0.572418228515625 0.799263888671875 0.547004166015625 0.80125 0.5433734375 0.820614814453125 0.546166146484375 0.827565740234375 0.559571353515625 0.8270694453125 0.587498958984375 0.818628703125 0.610679166015625 0.80422962890625 0.607886458984375 0.791816666015625
7 0.563785416015625 0.741232408203125 0.554 0.691285185546875 0.543267708984375 0.6654694453125 0.521802603515625 0.64189907421875 0.49970625 0.63797037109375 0.4832921875 0.648633333984375 0.4716125 0.67052037109375 0.465299478515625 0.7019481484375 0.464352603515625 0.7272018515625 0.466246353515625 0.73449722265625 0.4716125 0.7311305546875 0.475084896484375 0.6980194453125 0.478872916015625 0.677815740234375 0.486764583984375 0.662663888671875 0.49591875 0.657612962890625 0.506335416015625 0.653684259765625 0.515173958984375 0.65424537109375 0.5278 0.6660305546875 0.5379015625 0.680061111328125 0.545792708984375 0.701387037109375 0.551158853515625 0.728885185546875 0.550654166015625 0.743585185546875 0.550843228515625 0.767608333984375 0.55336875 0.782761111328125 0.559050521484375 0.7883731484375 0.5666265625 0.78725092578125 0.5688359375 0.7720981484375 0.563785416015625 0.741232408203125
7 0.6838015625 0.627642591796875 0.700801041015625 0.58254907421875 0.707006771484375 0.52114537109375 0.697563021484375 0.484206482421875 0.685690625 0.456383333984375 0.6838015625 0.4506268515625 0.677595833984375 0.458781482421875 0.681103646484375 0.4803694453125 0.687309375 0.500517591796875 0.692166666015625 0.530260185546875 0.689738021484375 0.561921296875 0.683261978515625 0.585907408203125 0.67246875 0.608934259765625 0.6657234375 0.626683333984375 0.6595171875 0.6286018515625 0.650059896484375 0.64155462890625 0.644946353515625 0.660743517578125 0.646565625 0.678012962890625 0.653851041015625 0.683290740234375 0.662755208984375 0.678012962890625 0.669501041015625 0.649710185546875 0.6838015625 0.627642591796875
7 0.422943228515625 0.8436 0.454471875 0.85722037109375 0.4821703125 0.858791666015625 0.502502083984375 0.851457408203125 0.495725 0.835217591796875 0.48570625 0.84202777734375 0.461249478515625 0.84569537109375 0.434434896484375 0.835741666015625 0.414692708984375 0.824216666015625 0.393771353515625 0.8058805546875 0.376386458984375 0.7859731484375 0.366367708984375 0.769733333984375 0.3610640625 0.754541666015625 0.35458125 0.730442591796875 0.344268228515625 0.71787037109375 0.338669271484375 0.71787037109375 0.3360171875 0.7299194453125 0.339553646484375 0.7477305546875 0.35030625 0.761290740234375 0.355465103515625 0.763971296875 0.362536978515625 0.776543517578125 0.379922396484375 0.8085 0.400254166015625 0.827883333984375 0.422943228515625 0.8436
5 0.337849478515625 0.760466666015625 0.338806771484375 0.75297962890625 0.335935416015625 0.745493517578125 0.331533333984375 0.7410694453125 0.325025521484375 0.73834722265625 0.315602603515625 0.739462037109375 0.311052603515625 0.749237037109375 0.311818228515625 0.762168517578125 0.315263541015625 0.767612962890625 0.323302603515625 0.766932408203125 0.331724478515625 0.7662518515625 0.337849478515625 0.760466666015625
7 0.308741146484375 0.658736111328125 0.315458853515625 0.69145092578125 0.3233453125 0.70962592578125 0.334444271484375 0.734032408203125 0.337365103515625 0.723646296875 0.3315234375 0.70962592578125 0.3233453125 0.687815740234375 0.319547916015625 0.668083333984375 0.316043228515625 0.638484259765625 0.316919271484375 0.6114805546875 0.316627083984375 0.59590277734375 0.322177083984375 0.56630277734375 0.334444271484375 0.527356482421875 0.339117708984375 0.5138555546875 0.350801041015625 0.491006482421875 0.345543228515625 0.469715740234375 0.335028646484375 0.462446296875 0.3277265625 0.479062962890625 0.325973958984375 0.501912037109375 0.32685 0.504508333984375 0.323053125 0.52320277734375 0.312830208984375 0.565784259765625 0.309033333984375 0.606807408203125 0.308741146484375 0.658736111328125
7 0.308156771484375 0.50295 0.323929166015625 0.514893517578125 0.337365103515625 0.536703703125 0.344959375 0.571496296875 0.343791146484375 0.610442591796875 0.330355208984375 0.640041666015625 0.317795833984375 0.658216666015625 0.302899478515625 0.6670444453125 0.294429166015625 0.681584259765625 0.293552603515625 0.689893517578125 0.306988541015625 0.681065740234375 0.32801875 0.662371296875 0.337657291015625 0.649388888671875 0.3496328125 0.619789814453125 0.355182291015625 0.58499722265625 0.353721875 0.569418517578125 0.350216666015625 0.552282408203125 0.3353203125 0.514375 0.319547916015625 0.49152592578125 0.302899478515625 0.481659259765625 0.290339583984375 0.483217591796875 0.274859375 0.483737037109375 0.268141666015625 0.4775055546875 0.247988021484375 0.472312962890625 0.243022396484375 0.48944907421875 0.250327083984375 0.508165740234375 0.2614234375 0.515932408203125 0.278072396484375 0.511259259765625 0.285666666015625 0.50295 0.298810416015625 0.500353703125 0.308156771484375 0.50295
7 0.684688541015625 0.908208333984375 0.696629166015625 0.9161694453125 0.7040921875 0.92015 0.7059578125 0.904891666015625 0.654463541015625 0.819312037109375 0.6343140625 0.770883333984375 0.619761458984375 0.715157408203125 0.610059375 0.65677777734375 0.611925 0.628914814453125 0.609686458984375 0.599062037109375 0.604835416015625 0.583803703125 0.5958796875 0.583803703125 0.588790103515625 0.5983981484375 0.589909375 0.606359259765625 0.590655728515625 0.633558333984375 0.59811875 0.670046296875 0.613790625 0.7357231484375 0.633940625 0.806707408203125 0.654090625 0.856462962890625 0.684688541015625 0.908208333984375
7 0.7392609375 0.323834259765625 0.720140625 0.29034722265625 0.6950265625 0.275633333984375 0.677618228515625 0.277662962890625 0.6604953125 0.29034722265625 0.643086978515625 0.3162231484375 0.630530208984375 0.35224722265625 0.632242708984375 0.37660092578125 0.638520833984375 0.411609259765625 0.649080208984375 0.439514814453125 0.65906875 0.4658981484375 0.673908333984375 0.494311111328125 0.69103125 0.5125768515625 0.704158853515625 0.5212018515625 0.725847916015625 0.53845277734375 0.735265625 0.549107408203125 0.737263021484375 0.532363888671875 0.702446875 0.496340740234375 0.674764583984375 0.47452407421875 0.6565 0.433934259765625 0.645941146484375 0.402984259765625 0.6396625 0.368483333984375 0.641660416015625 0.358842591796875 0.645084896484375 0.34007037109375 0.651078125 0.32129722265625 0.661066146484375 0.3081055546875 0.67505 0.296436111328125 0.685038541015625 0.292884259765625 0.700163541015625 0.296436111328125 0.70786875 0.302017591796875 0.718998958984375 0.312164814453125 0.726133333984375 0.3233268515625 0.726049478515625 0.33502037109375 0.72470625 0.35732037109375 0.72470625 0.37660092578125 0.731841146484375 0.386240740234375 0.739831771484375 0.384718517578125 0.7441125 0.358335185546875 0.7392609375 0.323834259765625
7 0.487274478515625 0.33927037109375 0.474780728515625 0.343114814453125 0.4586828125 0.340978703125 0.446429166015625 0.332435185546875 0.438260416015625 0.321756482421875 0.43033125 0.3068055546875 0.425766146484375 0.289292591796875 0.416636458984375 0.26707962890625 0.40750625 0.25042037109375 0.403421875 0.2517018515625 0.405824478515625 0.2657981484375 0.414954166015625 0.28117592578125 0.419759896484375 0.298262962890625 0.4250453125 0.312359259765625 0.428649478515625 0.3303 0.441383853515625 0.343114814453125 0.4524359375 0.34952222265625 0.462286978515625 0.353366666015625 0.4755015625 0.3546481484375 0.491598958984375 0.351657408203125 0.506976041015625 0.337988888671875 0.5151453125 0.31492222265625 0.5211515625 0.292282408203125 0.526918228515625 0.28074907421875 0.530522396484375 0.257682408203125 0.525236458984375 0.2452944453125 0.520671353515625 0.24572222265625 0.512261978515625 0.264089814453125 0.510340103515625 0.282457408203125 0.509619271484375 0.293137037109375 0.5088984375 0.298689814453125 0.504333333984375 0.312786111328125 0.498566666015625 0.328163888671875 0.487274478515625 0.33927037109375
7 0.7169078125 0 0.681309896484375 0.043136111328125 0.652040103515625 0.0628305546875 0.621979166015625 0.095187037109375 0.612882291015625 0.10292407421875 0.601411458984375 0.10925462890625 0.590732291015625 0.126135185546875 0.5923140625 0.143016666015625 0.596665103515625 0.1458305546875 0.604180208984375 0.147842591796875 0.6310765625 0.116991666015625 0.66390625 0.081118517578125 0.691197916015625 0.055093517578125 0.718094271484375 0.019925 0.73035625 0.00022962890625 0.7169078125 0
7 0.724422916015625 0.292811111328125 0.696735416015625 0.3019555546875 0.671421353515625 0.313912962890625 0.6587640625 0.338531482421875 0.657577603515625 0.3540055546875 0.669047916015625 0.340641666015625 0.688033853515625 0.318133333984375 0.717698958984375 0.31180277734375 0.7442 0.299141666015625 0.76635 0.26537962890625 0.774260416015625 0.2189555546875 0.772678125 0.173236111328125 0.757252603515625 0.14510092578125 0.75250625 0.117668517578125 0.7418265625 0.106414814453125 0.737080208984375 0.105711111328125 0.7342125 0.12762592578125 0.748155208984375 0.159168517578125 0.763185416015625 0.183787037109375 0.762394271484375 0.220362962890625 0.75250625 0.25834537109375 0.742221875 0.2738194453125 0.724422916015625 0.292811111328125
4 0.053227603515625 0.303061111328125 0.052509896484375 0.29030092578125 0.052031771484375 0.279556482421875 0.051075 0.27317592578125 0.039353646484375 0.2314944453125 0.0307421875 0.220861111328125 0.019498958984375 0.211928703125 0.0154328125 0.2038481484375 0.019259896484375 0.214481482421875 0.025240103515625 0.222562037109375 0.0338515625 0.230643517578125 0.041028125 0.2463805546875 0.046769271484375 0.27105 0.048921875 0.280832408203125 0.050118228515625 0.295718517578125 0.050118228515625 0.3114555546875 0.0465296875 0.34292962890625 0.036483333984375 0.384186111328125 0.02835 0.413959259765625 0.0206953125 0.479885185546875 0.0233265625 0.478183333984375 0.023127603515625 0.481063888671875 0.029067708984375 0.44554537109375 0.031938021484375 0.4115194453125 0.0434203125 0.367285185546875 0.049639583984375 0.341339814453125 0.052749478515625 0.31539537109375 0.053227603515625 0.303061111328125
1 0.698449478515625 0.696703703125 0.704245833984375 0.67190277734375 0.701347396484375 0.670937037109375 0.6941015625 0.698314814453125 0.688486458984375 0.7250481484375 0.68649375 0.736964814453125 0.689935416015625 0.737287037109375 0.692652603515625 0.722793517578125 0.698449478515625 0.696703703125
1 0.549153646484375 0.816390740234375 0.549153646484375 0.816068517578125 0.549334896484375 0.8147805546875 0.545349478515625 0.81252592578125 0.545349478515625 0.81510277734375 0.548972396484375 0.822510185546875 0.559660416015625 0.8202555546875 0.592266666015625 0.805117591796875 0.600961458984375 0.802862962890625 0.604765625 0.798353703125 0.605128125 0.795133333984375 0.593353646484375 0.7989981484375 0.570529166015625 0.80382962890625 0.568717708984375 0.8076944453125 0.585020833984375 0.80672777734375 0.56690625 0.8128481484375 0.550965103515625 0.81800092578125 0.549153646484375 0.816390740234375
4 0.78984375 0.949646296875 0.789467708984375 0.953661111328125 0.789091146484375 0.963028703125 0.792478125 0.962025 0.792666146484375 0.954664814453125 0.793607291015625 0.947638888671875 0.794924478515625 0.9419518515625 0.797558853515625 0.942286111328125 0.8000046875 0.93592962890625 0.80038125 0.932584259765625 0.800569271484375 0.92622777734375 0.7990640625 0.92355092578125 0.795300521484375 0.919536111328125 0.7928546875 0.92087407421875 0.789467708984375 0.924888888671875 0.788338541015625 0.928235185546875 0.787209896484375 0.936263888671875 0.787397916015625 0.941282408203125 0.78984375 0.94462777734375 0.7915375 0.939610185546875 0.791725521484375 0.936933333984375 0.793578125 0.928114814453125 0.7964296875 0.9285694453125 0.796617708984375 0.93325277734375 0.795300521484375 0.936263888671875 0.7915375 0.944293517578125 0.78984375 0.949646296875