5 0.26728440234375 0.447135490234375 0.286199328125 0.4196271875 0.291182990234375 0.37422395703125 0.2734208984375 0.37874555859375 0.2508349140625 0.39717650390625 0.24476062109375 0.42575380859375 0.26728440234375 0.447135490234375
5 0.1534676875 0.464427310546875 0.167122978515625 0.444098087890625 0.180559443359375 0.42040448046875 0.183160431640625 0.39938500390625 0.176493578125 0.3780559453125 0.150216673828125 0.400679642578125 0.141681107421875 0.432053556640625 0.1534676875 0.464427310546875
7 1 0.303852029296875 0.997437392578125 0.305521373046875 0.961826275390625 0.442318794921875 0.964859353515625 0.502700369140625 0.951340123046875 0.579477513671875 0.96493372265625 0.598961025390625 0.983609447265625 0.581358341796875 0.99103362890625 0.5464303203125 0.989387908203125 0.527827 0.9814696328125 0.521165685546875 0.986317234375 0.419314533203125 0.9978898515625 0.373652419921875 1 0.369742640625 1 0.303852029296875
7 0 0.823906841796875 0.001150712890625 0.825324939453125 0.03149834765625 0.770378294921875 0.065499814453125 0.6631081171875 0.08354640234375 0.547468392578125 0.096307921875 0.526950140625 0.1020449375 0.499959607421875 0.10039921875 0.481356287109375 0.0872416796875 0.46860405078125 0.068109330078125 0.49274637109375 0.066915560546875 0.54227398828125 0.060125193359375 0.60056847265625 0.05007945703125 0.669786880859375 0.038724966796875 0.7188141796875 0.0172092421875 0.767341052734375 0 0.801452720703125 0 0.823906841796875
7 0.111481587890625 0.319433142578125 0.094196685546875 0.30414419921875 0.095270599609375 0.2595693359375 0.113650494140625 0.217012615234375 0.1306597421875 0.19407842578125 0.155109572265625 0.197615986328125 0.16901976171875 0.228781716796875 0.184934021484375 0.26369319140625 0.183012330078125 0.20686572265625 0.17110608984375 0.179443818359375 0.141199064453125 0.166449244140625 0.11035784375 0.179806662109375 0.078125798828125 0.2260557109375 0.0731010078125 0.298000763671875 0.076154455078125 0.345112333984375 0.078356283203125 0.36549326953125 0.094312375 0.373862125 0.104711595703125 0.364457623046875 0.111481587890625 0.319433142578125
7 0.24149655859375 0.323687369140625 0.241058494140625 0.29958534375 0.2443020546875 0.291800716796875 0.291193673828125 0.269283912109375 0.331191353515625 0.27919802734375 0.361290712890625 0.298306943359375 0.38140716796875 0.31953096484375 0.388384669921875 0.29417953125 0.35867411328125 0.269503876953125 0.312427466796875 0.244138056640625 0.268239962890625 0.238982748046875 0.253780517578125 0.2472080546875 0.22339100390625 0.293005314453125 0.21458876171875 0.33067904296875 0.2130155390625 0.3642409140625 0.22831916015625 0.363256763671875 0.24149655859375 0.323687369140625
7 0.7546158671875 0.249641685546875 0.744160595703125 0.250244037109375 0.729193462890625 0.27954565625 0.725256369140625 0.30554334765625 0.738566400390625 0.302723103515625 0.75513800390625 0.280823302734375 0.770949314453125 0.258762845703125 0.80419409765625 0.210747802734375 0.818909201171875 0.1602065 0.82183377734375 0.112809369140625 0.79986082421875 0.062943845703125 0.73601275 0.049372517578125 0.7801310078125 0.084538685546875 0.802046513671875 0.10327592578125 0.809598259765625 0.137225873046875 0.80248261328125 0.184800888671875 0.778045892578125 0.217900931640625 0.7546158671875 0.249641685546875
7 0.768160056640625 0.428572375 0.778801490234375 0.43083428125 0.794105107421875 0.4298501328125 0.80365014453125 0.403632099609375 0.803954873046875 0.390985771484375 0.789985806640625 0.3894288984375 0.774293384765625 0.395979783203125 0.753448392578125 0.41555890234375 0.71985000390625 0.446549703125 0.6941226796875 0.48910090625 0.6721778515625 0.54375486328125 0.6687803984375 0.58963913671875 0.6752990859375 0.6150345859375 0.684644216796875 0.533693568359375 0.7098986640625 0.489629505859375 0.768160056640625 0.428572375
7 0.87959996875 0.2743051875 0.8940769140625 0.25478484375 0.90524373046875 0.224674498046875 0.900143669921875 0.203817623046875 0.887018779296875 0.209501908203125 0.869956798828125 0.24118388671875 0.846880568359375 0.2899479765625 0.804396181640625 0.35153392578125 0.756674451171875 0.4190693125 0.73123403515625 0.460268208984375 0.72891872265625 0.482373587890625 0.8079760390625 0.372067673828125 0.84618723046875 0.30816013671875 0.8804616484375 0.270251310546875 0.87959996875 0.2743051875
6 0.865885853515625 0.385832671875 0.8783196328125 0.415339447265625 0.8882765234375 0.432806103515625 0.89659609375 0.451204556640625 0.906601755859375 0.437980123046875 0.89658503515625 0.40387067578125 0.870232658203125 0.358613849609375 0.84626468359375 0.32921409765625 0.826275154296875 0.287868427734375 0.82012898828125 0.255860564453125 0.819841228515625 0.219981505859375 0.808979578125 0.23046435546875 0.806833658203125 0.281177318359375 0.8187472734375 0.313131271484375 0.8347145703125 0.3395515546875 0.851446580078125 0.37252969140625 0.865885853515625 0.385832671875
7 0.82585594140625 0.391373662109375 0.828885287109375 0.37342422265625 0.86817382421875 0.285667669921875 0.88365058203125 0.23757527734375 0.895428482421875 0.187658232421875 0.90306726953125 0.1270005390625 0.904628015625 0.08944415234375 0.896938125 0.094038322265625 0.8897083984375 0.161010720703125 0.872993876953125 0.24101913671875 0.855760224609375 0.29600428515625 0.82328266015625 0.362281619140625 0.816876357421875 0.371819205078125 0.80940241796875 0.394623806640625 0.806316603515625 0.40227251953125 0.80675666796875 0.411189423828125 0.8120631171875 0.412317345703125 0.81513511328125 0.412970318359375 0.81810842578125 0.409969220703125 0.82056037109375 0.405300126953125 0.82585594140625 0.391373662109375
2 0.558285728515625 0.501344896484375 0.575893453125 0.443557775390625 0.578499365234375 0.406247212890625 0.579728001953125 0.367066845703125 0.547180626953125 0.336483396484375 0.51297091796875 0.3512991875 0.491986166015625 0.39574732421875 0.477907935546875 0.436929486328125 0.466471095703125 0.486562150390625 0.479375333984375 0.517703380859375 0.501432240234375 0.535013841796875 0.525734853515625 0.541756576171875 0.54656662890625 0.5272522734375 0.558285728515625 0.501344896484375
7 0.11441888671875 0.92733253125 0.11943883984375 0.91528141015625 0.124803869140625 0.90257380078125 0.126713849609375 0.888768298828125 0.12650536328125 0.881071576171875 0.1311292265625 0.87185087890625 0.131666935546875 0.85775274609375 0.128449314453125 0.84686529296875 0.122302779296875 0.843008634765625 0.11709603515625 0.84918987109375 0.1123196171875 0.862021646484375 0.114731814453125 0.87091662109375 0.116407552734375 0.880383001953125 0.114999529296875 0.887007234375 0.10522637109375 0.897319138671875 0.099888064453125 0.908939091796875 0.095778501953125 0.91863355078125 0.09364517578125 0.923850302734375 0.11441888671875 0.92733253125
7 0.768518728515625 0.331496912109375 0.7741116640625 0.306058486328125 0.780282263671875 0.28320309375 0.791383185546875 0.258164884765625 0.80348526171875 0.23143773828125 0.817939857421875 0.206731837890625 0.83148843359375 0.1883025 0.847339828125 0.171123720703125 0.864365474609375 0.1564768125 0.883629802734375 0.134316353515625 0.889997455078125 0.123492626953125 0.888878130859375 0.11868825 0.876877150390625 0.129836728515625 0.868459314453125 0.14023792578125 0.855229728515625 0.15112430859375 0.817257271484375 0.19383305078125 0.796589798828125 0.2286345 0.769231865234375 0.284844228515625 0.761790896484375 0.294677791015625 0.75211016015625 0.312027517578125 0.744959375 0.33257782421875 0.747192990234375 0.345228857421875 0.75218034375 0.34895271875 0.761350515625 0.34709651953125 0.768518728515625 0.331496912109375
7 0.634440958984375 0.318845974609375 0.646592005859375 0.310012623046875 0.64970365625 0.30443680078125 0.672885302734375 0.299090634765625 0.691161890625 0.286612314453125 0.710526771484375 0.265995376953125 0.72551366015625 0.2448274609375 0.7368193828125 0.21983278515625 0.7447388359375 0.198684791015625 0.747858306640625 0.16890576953125 0.74455159765625 0.138141359375 0.736111767578125 0.115418783203125 0.731719439453125 0.123998611328125 0.736885353515625 0.141987998046875 0.73978666796875 0.169621935546875 0.736599748046875 0.19367855078125 0.72974908984375 0.218859103515625 0.71087498828125 0.25327972265625 0.677593765625 0.281974248046875 0.64738979296875 0.29115625 0.6347885625 0.293044228515625 0.62079451171875 0.30148489453125 0.613244068359375 0.315861640625 0.618226197265625 0.322628693359375 0.624934056640625 0.32329341796875 0.634440958984375 0.318845974609375
7 0.610705388671875 0.18814001953125 0.62024309375 0.182931421875 0.622794119140625 0.179973087890625 0.62578570703125 0.1591350859375 0.617513685546875 0.146640341796875 0.6036827265625 0.14676844921875 0.5929825703125 0.147049912109375 0.57196714453125 0.143094115234375 0.54390076171875 0.160135818359375 0.52235162890625 0.189811390625 0.50231723046875 0.24077069921875 0.49706916796875 0.274932568359375 0.496785837890625 0.301970048828125 0.49953619921875 0.3255620546875 0.512229275390625 0.3267265390625 0.517922595703125 0.31617693359375 0.5159920390625 0.296849494140625 0.512409837890625 0.27717098828125 0.514784025390625 0.25517941015625 0.524428244140625 0.226042283203125 0.53268408203125 0.204789720703125 0.551090060546875 0.1831378359375 0.57109716015625 0.171541359375 0.58987397265625 0.176554833984375 0.59812209375 0.182398333984375 0.610705388671875 0.18814001953125
7 0.42880171484375 0.36032348046875 0.4345506484375 0.364983546875 0.437212599609375 0.380882578125 0.43816196484375 0.411710099609375 0.434219431640625 0.44594499609375 0.426720482421875 0.479917138671875 0.4196946953125 0.509050435546875 0.41448309375 0.52572572265625 0.41980598046875 0.52290598046875 0.4242725546875 0.514963857421875 0.431150326171875 0.4956779375 0.4356646171875 0.478360302734375 0.43955923828125 0.453501822265625 0.446999677734375 0.414576876953125 0.446322177734375 0.379855037109375 0.4445926328125 0.359233708984375 0.44458164453125 0.344906298828125 0.44119830078125 0.3189940234375 0.433265126953125 0.3118742265625 0.426807935546875 0.31741765234375 0.421968689453125 0.3297258515625 0.423964169921875 0.35040370703125 0.42880171484375 0.36032348046875
7 0.34678779296875 0.344866462890625 0.3519048359375 0.324713103515625 0.350169359375 0.3080426171875 0.343322578125 0.30757555078125 0.335582560546875 0.32568993359375 0.33291016796875 0.35525444140625 0.33124873828125 0.3761423125 0.333562607421875 0.40577841796875 0.342883962890625 0.41813365234375 0.370460013671875 0.426958962890625 0.39596326171875 0.422005927734375 0.42364743359375 0.40417965234375 0.43983557421875 0.382921556640625 0.4470673984375 0.37112096875 0.44404890234375 0.36702234375 0.430070978515625 0.377882185546875 0.41674787890625 0.394809845703125 0.402073154296875 0.40502744921875 0.38564987890625 0.40647694140625 0.36347233984375 0.4101603515625 0.35104942578125 0.4045559375 0.34329948828125 0.386112908203125 0.34272753515625 0.36919655078125 0.34288218359375 0.355397533203125 0.34678779296875 0.344866462890625
7 0.410413353515625 0.41755466796875 0.41376308203125 0.400001802734375 0.415728662109375 0.381558361328125 0.411870994140625 0.3708112734375 0.401109013671875 0.375471873046875 0.39429916796875 0.394375599609375 0.396167625 0.417109001953125 0.39960916796875 0.437694755859375 0.397363693359375 0.464020775390625 0.38930689453125 0.490103609375 0.381926765625 0.510375138671875 0.375295427734375 0.52187076171875 0.37033855859375 0.53074426171875 0.364615677734375 0.537965923828125 0.356571115234375 0.55611023046875 0.351197611328125 0.574822291015625 0.345723740234375 0.5940090390625 0.344659892578125 0.612148126953125 0.349764705078125 0.615715203125 0.354567927734375 0.598370947265625 0.3602628984375 0.566325087890625 0.372361892578125 0.539612431640625 0.383511048828125 0.522624048828125 0.394868173828125 0.500716787109375 0.405162681640625 0.474612623046875 0.4090064140625 0.430261111328125 0.410413353515625 0.41755466796875
7 0.276100609375 0.5959235625 0.267790861328125 0.579943896484375 0.259729013671875 0.58026078125 0.257056357421875 0.6076120546875 0.2574915078125 0.63511463671875 0.260568115234375 0.655566025390625 0.260213884765625 0.685439630859375 0.267364359375 0.700157169921875 0.27015153125 0.68704455859375 0.272187513671875 0.651944357421875 0.27215214453125 0.63061725390625 0.275158716796875 0.6084136328125 0.276100609375 0.5959235625
1 0.26980116796875 0.6278873203125 0.26289484765625 0.63118741796875 0.26167321484375 0.6476789921875 0.263614392578125 0.673472154296875 0.2637524375 0.694313701171875 0.267297154296875 0.699128119140625 0.271007412109375 0.6857033828125 0.272884525390625 0.6647827890625 0.272812984375 0.644971091796875 0.26980116796875 0.6278873203125
7 0.39091480859375 0.804590767578125 0.391389591796875 0.78489425 0.366943822265625 0.777667658203125 0.3485507109375 0.766144484375 0.3337990234375 0.763008916015625 0.32848654296875 0.77456998828125 0.348166470703125 0.793473845703125 0.373728861328125 0.80753661328125 0.386737947265625 0.810809162109375 0.39091480859375 0.804590767578125
7 0.394628916015625 0.751189548828125 0.399808541015625 0.727730671875 0.40237118359375 0.713246970703125 0.413337251953125 0.687465408203125 0.4254898671875 0.668246166015625 0.438287802734375 0.656622443359375 0.453088212890625 0.647719896484375 0.4618502734375 0.64900868359375 0.471222486328125 0.65501728125 0.479126466796875 0.66186108984375 0.483695435546875 0.678322607421875 0.483200091796875 0.69887238671875 0.479712419921875 0.731981890625 0.484261333984375 0.736390673828125 0.487630494140625 0.72964845703125 0.4919548515625 0.704749740234375 0.492313986328125 0.672696185546875 0.485440099609375 0.648859087890625 0.471601677734375 0.6350164609375 0.449171359375 0.63426522265625 0.42327476171875 0.652857677734375 0.407409603515625 0.6758779140625 0.38745341015625 0.72269916796875 0.37609590625 0.75184035546875 0.3751065625 0.76712136328125 0.382283724609375 0.769794208984375 0.38900814453125 0.765486115234375 0.394628916015625 0.751189548828125
7 0.324800615234375 0.62709484375 0.32378841015625 0.60726211328125 0.31723081640625 0.592626103515625 0.3115590703125 0.589459158203125 0.308651400390625 0.570695515625 0.302881580078125 0.545927818359375 0.301534048828125 0.521119416015625 0.305741189453125 0.48964523046875 0.316676169921875 0.46156247265625 0.32693532421875 0.44314485546875 0.334854873046875 0.422757955078125 0.330480197265625 0.413491279296875 0.327435576171875 0.4187292109375 0.310037861328125 0.443475947265625 0.293120453125 0.477644166015625 0.286424025390625 0.538996294921875 0.2936765546875 0.58663880078125 0.30307646484375 0.61119741015625 0.30379040625 0.6402842421875 0.311402685546875 0.647297966796875 0.319626208984375 0.64365024609375 0.324800615234375 0.62709484375
7 0.59209718359375 0.7867039921875 0.60543413671875 0.775675720703125 0.612596453125 0.75898909765625 0.61250746875 0.74665192578125 0.607030861328125 0.7454878359375 0.59432929296875 0.755641126953125 0.582977666015625 0.777865724609375 0.574631390625 0.791622728515625 0.561455126953125 0.8054246484375 0.54031115234375 0.8212825078125 0.5160346875 0.83486813671875 0.49432773046875 0.84203665625 0.46602962109375 0.84619778515625 0.44286982421875 0.83752548828125 0.434485923828125 0.82878110546875 0.42448048828125 0.8432570078125 0.442843083984375 0.85465820703125 0.470262935546875 0.858880078125 0.503934439453125 0.85211251953125 0.529395369140625 0.84145662109375 0.55331286328125 0.826724072265625 0.576962494140625 0.799080546875 0.586493744140625 0.788253384765625 0.59209718359375 0.7867039921875
5 0.6329991484375 0.783074982421875 0.6305809140625 0.772567591796875 0.62159569140625 0.76951800390625 0.614664109375 0.770827689453125 0.60943840625 0.77423983984375 0.60507334765625 0.780965373046875 0.604453078125 0.788487833984375 0.60924142578125 0.79542005859375 0.617337765625 0.79783675 0.62505966015625 0.80017384765625 0.6295616484375 0.795564697265625 0.6329991484375 0.783074982421875
7 0.669825619140625 0.538052302734375 0.672861904296875 0.5153381484375 0.6691741875 0.497566408203125 0.65737797265625 0.502490892578125 0.6478084609375 0.522223220703125 0.65448589453125 0.5470020859375 0.65625020703125 0.5611796484375 0.660151935546875 0.601825365234375 0.65942646875 0.6319324453125 0.655901865234375 0.647109060546875 0.65114437890625 0.673704810546875 0.641562283203125 0.701928408203125 0.633745271484375 0.72044008984375 0.621211265625 0.74007334375 0.61258225390625 0.75257278515625 0.613279865234375 0.7633392109375 0.629210677734375 0.741773671875 0.64070359375 0.725635525390625 0.654076294921875 0.695032298828125 0.664587078125 0.64417761328125 0.669402365234375 0.60326150390625 0.668256033203125 0.559485064453125 0.668428921875 0.540409724609375 0.669825619140625 0.538052302734375
7 0.7425192109375 0.559897216796875 0.7535556875 0.54310828515625 0.75226137109375 0.525314228515625 0.73146853125 0.526203169921875 0.723602021484375 0.5309017890625 0.708568091796875 0.5271751796875 0.69660665625 0.52303955078125 0.6782706328125 0.529229203125 0.658092310546875 0.548299703125 0.635640083984375 0.582281619140625 0.62864867578125 0.59831448828125 0.623981177734375 0.613249125 0.6221756015625 0.64843521484375 0.627735435546875 0.679877330078125 0.63446415625 0.6945800078125 0.65114801171875 0.717238357421875 0.662454943359375 0.728666716796875 0.663325126953125 0.720356787109375 0.658062908203125 0.704373626953125 0.64532747265625 0.69264162890625 0.636821345703125 0.6722525546875 0.629833009765625 0.640506802734375 0.63678769921875 0.602168689453125 0.6514498046875 0.5697153359375 0.6691267265625 0.551175244140625 0.687037654296875 0.542771986328125 0.6967195703125 0.542175640625 0.709036296875 0.54744794140625 0.714737021484375 0.557154560546875 0.73005055859375 0.565187103515625 0.7425192109375 0.559897216796875
7 0.383556978515625 0.61179137890625 0.38994202734375 0.58534184375 0.392692048828125 0.577787412109375 0.388791744140625 0.5620378828125 0.380031720703125 0.5601758828125 0.372114296875 0.574092197265625 0.36371793359375 0.602827201171875 0.35974975390625 0.63046917578125 0.338121875 0.68555589453125 0.3123012109375 0.737038419921875 0.28252315234375 0.78021952734375 0.2143611484375 0.853222775390625 0.213013619140625 0.8685355625 0.22114116015625 0.866193642578125 0.2344760625 0.860889095703125 0.275163806640625 0.816636150390625 0.305218244140625 0.77215729296875 0.339686375 0.706913630859375 0.368670767578125 0.645930341796875 0.383556978515625 0.61179137890625
7 0.3098688828125 0.31371920703125 0.313191439453125 0.2916272421875 0.315540634765625 0.2801718203125 0.32483982421875 0.27073701953125 0.3378365390625 0.263125638671875 0.34653382421875 0.259268130859375 0.362066779296875 0.258938560546875 0.37109857421875 0.264489529296875 0.382350634765625 0.278811373046875 0.38937769140625 0.2937913984375 0.391336796875 0.31340037109375 0.390783478515625 0.33247436328125 0.3907333125 0.342319822265625 0.377418724609375 0.374761416015625 0.360655740234375 0.402839775390625 0.33435118359375 0.43874518359375 0.302737876953125 0.454329630859375 0.2611929140625 0.482326904296875 0.25966548828125 0.4991198203125 0.27109262109375 0.4906560703125 0.29589439453125 0.47829152734375 0.3105283671875 0.47258438671875 0.331074767578125 0.4582778515625 0.35149745703125 0.433571103515625 0.36675312890625 0.40984104296875 0.382883646484375 0.384740708984375 0.396303220703125 0.351802685546875 0.40304171875 0.32833721875 0.398249171875 0.290489658203125 0.386601158203125 0.261559787109375 0.372489625 0.245592654296875 0.355883689453125 0.239987982421875 0.32825923828125 0.249158830078125 0.302594404296875 0.2779387578125 0.29067571484375 0.31067705859375 0.28937749609375 0.337373865234375 0.29687701953125 0.34052416796875 0.30586023046875 0.332578435546875 0.3098688828125 0.31371920703125
7 0.5351155 0.285061408203125 0.5370544609375 0.266695609375 0.5326476875 0.246980986328125 0.52827128125 0.24561341796875 0.520525251953125 0.256631666015625 0.519254830078125 0.279943619140625 0.52249756640625 0.29242387890625 0.523665482421875 0.315817728515625 0.52686040625 0.3400788203125 0.5390596171875 0.356645724609375 0.5541834375 0.362917947265625 0.567375685546875 0.36441193359375 0.577810763671875 0.3626996484375 0.5899535078125 0.358730115234375 0.605073955078125 0.348842958984375 0.612329451171875 0.332043615234375 0.62043015234375 0.319354255859375 0.6286834609375 0.303639779296875 0.64081086328125 0.290496212890625 0.64609175 0.277207482421875 0.6423630625 0.27510481640625 0.62996871484375 0.289501751953125 0.61642019921875 0.309331140625 0.608313705078125 0.325512263671875 0.597449337890625 0.338487912109375 0.5872388671875 0.347234880859375 0.5734766953125 0.353044025390625 0.55728643359375 0.351786513671875 0.5458650078125 0.345428484375 0.537128748046875 0.332216927734375 0.53468531640625 0.315976232421875 0.533150755859375 0.3012388359375 0.53360016015625 0.295657529296875 0.5351155 0.285061408203125
7 0.393576041015625 0 0.4054814765625 0.025063509765625 0.4267658515625 0.056194056640625 0.451419685546875 0.098108966796875 0.471314021484375 0.13387779296875 0.479083228515625 0.133472201171875 0.48392423046875 0.131624435546875 0.48898129296875 0.115440724609375 0.48204515625 0.096708724609375 0.472141185546875 0.088131587890625 0.46485171875 0.07867227734375 0.4421749765625 0.040772841796875 0.41763950390625 0.015423236328125 0.409600056640625 0 0.393576041015625 0
7 0.328130427734375 0.115022134765625 0.348326529296875 0.08706767578125 0.35007783203125 0.065035521484375 0.345288888671875 0.064737025390625 0.332502802734375 0.073524376953125 0.322156650390625 0.099370498046875 0.301218578125 0.123683716796875 0.2901652578125 0.168075103515625 0.288250705078125 0.2151293671875 0.30289715234375 0.2527588671875 0.3261866875 0.2706531796875 0.35388734375 0.28301312109375 0.367778646484375 0.308976990234375 0.376219796875 0.324433658203125 0.378276505859375 0.309051052734375 0.37101428515625 0.282338908203125 0.34873948046875 0.26537970703125 0.323558255859375 0.250678537109375 0.3100968359375 0.2284012734375 0.303254439453125 0.211127103515625 0.301479482421875 0.1719188671875 0.308310189453125 0.135977724609375 0.328130427734375 0.115022134765625
4 1 0.345333072265625 0.9862742890625 0.37146933203125 0.98401183203125 0.377511533203125 0.981310259765625 0.38792177734375 0.977955244140625 0.40025390234375 0.975858484375 0.412418037109375 0.973506267578125 0.438442115234375 0.974195287109375 0.465113578125 0.97622984375 0.510768515625 0.971963044921875 0.5446476640625 0.97038862890625 0.58062503515625 0.970792919921875 0.577766060546875 0.9730128359375 0.579977791015625 0.97923219140625 0.513901005859375 0.977466775390625 0.48308745703125 0.9762176640625 0.4406437734375 0.979251369140625 0.4091113828125 0.982523283203125 0.39371823828125 0.986788490234375 0.379406162109375 0.990927931640625 0.37028507421875 1 0.35091903125 1 0.345333072265625
1 0.2689080546875 0.65362517578125 0.26751271875 0.62533917578125 0.264476830078125 0.625681193359375 0.264990119140625 0.6511452890625 0.26523594140625 0.677870216796875 0.26488037890625 0.692611953125 0.268313830078125 0.693012333984375 0.26884228125 0.680941767578125 0.2689080546875 0.65362517578125
1 0.367842333984375 0.782526384765625 0.34652114453125 0.7730550078125 0.335807505859375 0.766826595703125 0.335492533203125 0.7700519609375 0.338276041015625 0.77525361328125 0.346312068359375 0.77926672265625 0.37505843359375 0.800853103515625 0.385044130859375 0.805280630859375 0.39012796484375 0.79878833984375 0.39066372265625 0.796267796875 0.3862966328125 0.79764454296875 0.386206138671875 0.798942044921875 0.38613914453125 0.7992572265625 0.38403249609375 0.8004556015625 0.369511025390625 0.79210107421875 0.35306478515625 0.78234821484375 0.368810666015625 0.786683369140625 0.367842333984375 0.782526384765625
4 0.123827185546875 0.857721154296875 0.12380583203125 0.866732146484375 0.123433197265625 0.86938959375 0.12404671875 0.874649689453125 0.127134646484375 0.87188594140625 0.128361966796875 0.867016181640625 0.12892724609375 0.858928265625 0.12851848828125 0.855420326171875 0.12604025 0.850789052734375 0.123926041015625 0.848971810546875 0.119410015625 0.85211640625 0.117381150390625 0.8544218125 0.1162434765625 0.860678482421875 0.115916267578125 0.8640290390625 0.116987068359375 0.870755134765625 0.119633373046875 0.870975896484375 0.119739375 0.876812517578125 0.119199181640625 0.883880583984375 0.11785282421875 0.8911190234375 0.120957107421875 0.892804986328125 0.12253640625 0.883563806640625 0.12300330859375 0.87955854296875 0.1224594765625 0.873970583984375 0.120448140625 0.865334044921875 0.11978578125 0.862114875 0.1209434140625 0.8575729765625 0.123827185546875 0.857721154296875