7 0.286825 0.861810185546875 0.293766146484375 0.89677777734375 0.289138541015625 0.9482 0.270050521484375 0.99907407421875 0.279883853515625 0.9985944453125 0.300128646484375 0.959512962890625 0.304177603515625 0.869010185546875 0.297815103515625 0.824786111328125 0.282197396484375 0.801132408203125 0.260795833984375 0.801132408203125 0.2596390625 0.81244537109375 0.2590609375 0.83609907421875 0.25616875 0.861810185546875 0.2532765625 0.8741518515625 0.249227603515625 0.88752222265625 0.245356771484375 0.899791666015625 0.252697916015625 0.908090740234375 0.2654234375 0.89574907421875 0.275256771484375 0.85769722265625 0.2741 0.82272962890625 0.286825 0.861810185546875
5 0.202953646484375 0.798265740234375 0.199483333984375 0.791066666015625 0.1925421875 0.785925 0.185022396484375 0.783867591796875 0.17964375 0.786658333984375 0.176346353515625 0.817806482421875 0.183286978515625 0.842488888671875 0.18965 0.85277407421875 0.197169271484375 0.83837592578125 0.201796875 0.817806482421875 0.202953646484375 0.798265740234375
7 0.530659896484375 0.190414814453125 0.538448958984375 0.1916194453125 0.549409375 0.167214814453125 0.548252603515625 0.1260768515625 0.548252603515625 0.090081482421875 0.548252603515625 0.055114814453125 0.54793125 0.030875 0.5401546875 0.028375 0.535534375 0.040735185546875 0.538419271484375 0.06642777734375 0.535527083984375 0.10447962890625 0.532056771484375 0.128134259765625 0.525115625 0.15384537109375 0.525115625 0.176471296875 0.530659896484375 0.190414814453125
2 0.029777603515625 0.335242591796875 0 0.3381694453125 0.00288125 0.65705277734375 0.026484375 0.635321296875 0.0627078125 0.584087962890625 0.074233333984375 0.494796296875 0.0758796875 0.401112962890625 0.060238021484375 0.34695277734375 0.029777603515625 0.335242591796875
7 0.390927083984375 0.76654722265625 0.378586458984375 0.730890740234375 0.372930208984375 0.746433333984375 0.380129166015625 0.78574722265625 0.374986978515625 0.833289814453125 0.364188541015625 0.878089814453125 0.3595609375 0.897289814453125 0.362645833984375 0.908262037109375 0.375501041015625 0.90734722265625 0.384242708984375 0.87900462890625 0.397611978515625 0.854318517578125 0.401725521484375 0.831462037109375 0.396069271484375 0.81957592578125 0.386813541015625 0.81774722265625 0.390927083984375 0.76654722265625
2 0.608216666015625 0.583690740234375 0.590219271484375 0.57637592578125 0.572736458984375 0.590090740234375 0.563994791015625 0.567233333984375 0.5660515625 0.532490740234375 0.5706796875 0.50140462890625 0.5593671875 0.4895194453125 0.544969271484375 0.51877592578125 0.5310859375 0.56814722265625 0.523886978515625 0.58734722265625 0.505375521484375 0.598318517578125 0.494577603515625 0.605633333984375 0.496634375 0.62300462890625 0.517716666015625 0.63580462890625 0.532628646484375 0.663233333984375 0.550625521484375 0.68060462890625 0.566566146484375 0.69797592578125 0.585405728515625 0.71064722265625 0.603588541015625 0.70620462890625 0.6226140625 0.68700462890625 0.634955208984375 0.655918517578125 0.637526041015625 0.63214722265625 0.631355728515625 0.60837592578125 0.608216666015625 0.583690740234375
7 0.139861978515625 0.388378703125 0.128484896484375 0.3891018515625 0.121171353515625 0.409336111328125 0.123202603515625 0.436075 0.126859896484375 0.452696296875 0.120765103515625 0.501113888671875 0.10573125 0.536525 0.0971984375 0.54447407421875 0.057378646484375 0.52712962890625 0.050065103515625 0.546641666015625 0.066724478515625 0.555313888671875 0.085821353515625 0.563986111328125 0.0988234375 0.563262962890625 0.107791146484375 0.55917407421875 0.124015625 0.532911111328125 0.135392708984375 0.488106482421875 0.137017708984375 0.4519731484375 0.144331771484375 0.431738888671875 0.145550521484375 0.40427777734375 0.139861978515625 0.388378703125
7 0.884713021484375 0.202540740234375 0.922788541015625 0.251991666015625 0.95401875 0.31437592578125 0.980970833984375 0.376759259765625 0.993377083984375 0.392736111328125 0.998938541015625 0.371434259765625 0.97113125 0.307528703125 0.941611978515625 0.2451444453125 0.909526041015625 0.193412037109375 0.8966921875 0.16754537109375 0.903536978515625 0.147764814453125 0.908670833984375 0.140157408203125 0.919366146484375 0.121137962890625 0.91979375 0.097553703125 0.907386978515625 0.08842407421875 0.884285416015625 0.127985185546875 0.877868228515625 0.16602407421875 0.884713021484375 0.202540740234375
4 0.274845833984375 0.815836111328125 0.28721875 0.841687037109375 0.292477603515625 0.855437037109375 0.2968078125 0.868637037109375 0.2971171875 0.884587037109375 0.2989734375 0.908237037109375 0.296189583984375 0.935187962890625 0.288146875 0.968737962890625 0.2757734375 0.997337962890625 0.2773203125 0.998987962890625 0.294023958984375 0.959568517578125 0.301138541015625 0.917767591796875 0.300829166015625 0.885867591796875 0.296189583984375 0.858916666015625 0.285053646484375 0.824816666015625 0.273298958984375 0.807216666015625 0.267421875 0.807216666015625 0.265565625 0.812166666015625 0.26649375 0.819316666015625 0.266184375 0.839487037109375 0.266803125 0.847916666015625 0.262938021484375 0.8612981484375 0.2671125 0.870837037109375 0.271752083984375 0.839487037109375 0.269277603515625 0.816936111328125 0.271442708984375 0.811986111328125 0.274845833984375 0.815836111328125
4 0.381564583984375 0.846087037109375 0.3834203125 0.818586111328125 0.3865140625 0.794386111328125 0.387751041015625 0.772386111328125 0.3837296875 0.751486111328125 0.380017708984375 0.747086111328125 0.3840390625 0.766886111328125 0.3849671875 0.784486111328125 0.380017708984375 0.823536111328125 0.377543228515625 0.853237037109375 0.37600390234375 0.865553724609375 0.375586978515625 0.864982408203125 0.366097916015625 0.884587037109375 0.3639328125 0.896687037109375 0.366716666015625 0.898337037109375 0.368263541015625 0.902187037109375 0.371975521484375 0.894487037109375 0.379090103515625 0.870287037109375 0.381564583984375 0.846087037109375
1 0.545772916015625 0.05087777734375 0.546583333984375 0.0411481484375 0.546178125 0.036463888671875 0.543340625 0.033941666015625 0.540503646484375 0.037184259765625 0.5398953125 0.045112037109375 0.541922396484375 0.065318517578125 0.5427328125 0.085137037109375 0.5427328125 0.111441666015625 0.542935416015625 0.1258555546875 0.540776041015625 0.1364444453125 0.545164583984375 0.139161111328125 0.545772916015625 0.1308731484375 0.546380728515625 0.1038481484375 0.545772916015625 0.0724981484375 0.545772916015625 0.05087777734375