5 0.388636458984375 0.291639814453125 0.380825 0.315943517578125 0.37691875 0.334460185546875 0.388636458984375 0.355291666015625 0.395797396484375 0.359921296875 0.4088171875 0.337932408203125 0.4088171875 0.313628703125 0.407515103515625 0.291639814453125 0.397750521484375 0.280067591796875 0.388636458984375 0.291639814453125
7 0.320283333984375 0.828628703125 0.31051875 0.86450462890625 0.332652083984375 0.870291666015625 0.354785416015625 0.84830277734375 0.3697578125 0.818212962890625 0.366503125 0.797381482421875 0.3489265625 0.798538888671875 0.332652083984375 0.805482408203125 0.320283333984375 0.828628703125
7 0.6490296875 0.19095462890625 0.64186875 0.172437962890625 0.619084375 0.14582037109375 0.609319791015625 0.14697777734375 0.610621353515625 0.156236111328125 0.624943228515625 0.168965740234375 0.632755208984375 0.179381482421875 0.639915625 0.192112037109375 0.642519791015625 0.207157408203125 0.6386140625 0.23840462890625 0.628197916015625 0.288168517578125 0.60866875 0.3240444453125 0.589790103515625 0.373808333984375 0.574817708984375 0.3992694453125 0.5663546875 0.421258333984375 0.561797916015625 0.438617591796875 0.567005728515625 0.458291666015625 0.578072396484375 0.457134259765625 0.586535416015625 0.437460185546875 0.592394271484375 0.415471296875 0.5930453125 0.39695462890625 0.592394271484375 0.39579722265625 0.625594271484375 0.326359259765625 0.649680728515625 0.251134259765625 0.654888541015625 0.208314814453125 0.6490296875 0.19095462890625
7 0.637963021484375 0.587909259765625 0.652284375 0.569392591796875 0.668558853515625 0.5543481484375 0.6874375 0.521943517578125 0.697853125 0.476808333984375 0.701108333984375 0.43167407421875 0.691343228515625 0.383066666015625 0.652935416015625 0.32172962890625 0.6594453125 0.34487592578125 0.684833333984375 0.392325 0.6926453125 0.439775 0.6874375 0.48722407421875 0.675719791015625 0.516156482421875 0.654888541015625 0.536987962890625 0.641217708984375 0.545088888671875 0.633405728515625 0.543932408203125 0.618433333984375 0.547403703125 0.612574478515625 0.561291666015625 0.612574478515625 0.5821231484375 0.621688541015625 0.592538888671875 0.637963021484375 0.587909259765625
7 0.432903125 0.1423481484375 0.423138541015625 0.084483333984375 0.42639375 0.168965740234375 0.439413021484375 0.207157408203125 0.474566146484375 0.282381482421875 0.513625 0.32867407421875 0.520134896484375 0.357606482421875 0.539664583984375 0.374965740234375 0.5539859375 0.36802222265625 0.5559390625 0.346033333984375 0.544872396484375 0.330988888671875 0.5351078125 0.3240444453125 0.497350521484375 0.28122407421875 0.478472396484375 0.255763888671875 0.455036978515625 0.210628703125 0.4400640625 0.172437962890625 0.432903125 0.1423481484375
7 0.503209375 0.402740740234375 0.4771703125 0.359921296875 0.451781771484375 0.318258333984375 0.438761978515625 0.28122407421875 0.432252603515625 0.24882037109375 0.427044271484375 0.223359259765625 0.418581771484375 0.179381482421875 0.415977603515625 0.14582037109375 0.410769791015625 0.120359259765625 0.399703125 0.109943517578125 0.393844271484375 0.1145731484375 0.386683853515625 0.12267407421875 0.389938541015625 0.144662962890625 0.399052083984375 0.168965740234375 0.4068640625 0.175910185546875 0.421185416015625 0.252291666015625 0.441366146484375 0.334460185546875 0.4648015625 0.374965740234375 0.4895390625 0.401584259765625 0.503209375 0.402740740234375
7 0.42639375 0.536987962890625 0.424440625 0.496482408203125 0.4296484375 0.425887037109375 0.4276953125 0.334460185546875 0.425091666015625 0.27659537109375 0.423789583984375 0.256921296875 0.4224875 0.307842591796875 0.4224875 0.36917962890625 0.420534896484375 0.410842591796875 0.4172796875 0.4791231484375 0.413373958984375 0.532359259765625 0.410769791015625 0.541617591796875 0.4049109375 0.560134259765625 0.408166146484375 0.584437962890625 0.418581771484375 0.591381482421875 0.423138541015625 0.577493517578125 0.42639375 0.536987962890625
7 0.4989734375 0.95220462890625 0.48711875 0.925382408203125 0.477419791015625 0.883232408203125 0.473108853515625 0.827671296875 0.488196353515625 0.781688888671875 0.532382291015625 0.756782408203125 0.551780728515625 0.756782408203125 0.5388484375 0.73187592578125 0.501129166015625 0.7376231484375 0.473108853515625 0.77402592578125 0.464486978515625 0.823838888671875 0.463409375 0.881316666015625 0.47203125 0.92155 0.48711875 0.95795277734375 0.4914296875 0.988607408203125 0.5075953125 0.99907407421875 0.514061458984375 0.99907407421875 0.521605208984375 0.992438888671875 0.510828125 0.965615740234375 0.4989734375 0.95220462890625
7 0.229065103515625 0.105681482421875 0.2274796875 0.06904537109375 0.217176041015625 0.0112731484375 0.214797916015625 0.05354537109375 0.216383333984375 0.102863888671875 0.207664583984375 0.15077222265625 0.198945833984375 0.171909259765625 0.175959896484375 0.187409259765625 0.150596353515625 0.1902268515625 0.126025521484375 0.18177222265625 0.103039583984375 0.183181482421875 0.100661978515625 0.20854537109375 0.104625 0.22404537109375 0.1165140625 0.229681482421875 0.129195833984375 0.222636111328125 0.137121875 0.211363888671875 0.156144791015625 0.217 0.1918125 0.200090740234375 0.215590625 0.184590740234375 0.229065103515625 0.140909259765625 0.229065103515625 0.105681482421875
7 0.275829166015625 0.052136111328125 0.2734515625 0.0267731484375 0.2615625 0.016909259765625 0.263940103515625 0.05495462890625 0.246502603515625 0.095818517578125 0.2037015625 0.1395 0.16565625 0.18177222265625 0.141084896484375 0.215590740234375 0.119684375 0.2367268515625 0.11334375 0.260681482421875 0.118099478515625 0.27477222265625 0.136329166015625 0.280409259765625 0.152181771484375 0.253636111328125 0.1569375 0.229681482421875 0.1838859375 0.186 0.214005728515625 0.149363888671875 0.2615625 0.1085 0.275829166015625 0.078909259765625 0.275829166015625 0.052136111328125
7 0.1601078125 0.388908333984375 0.206871875 0.408636111328125 0.18309375 0.384681482421875 0.160900521484375 0.366362962890625 0.152974478515625 0.346636111328125 0.154559375 0.288862962890625 0.171996875 0.245181482421875 0.1918125 0.226862962890625 0.2124203125 0.214181482421875 0.217176041015625 0.187409259765625 0.211627603515625 0.1705 0.1949828125 0.1747268515625 0.184678646484375 0.19727222265625 0.184678646484375 0.211363888671875 0.1601078125 0.22545462890625 0.1426703125 0.27054537109375 0.137121875 0.30577222265625 0.137121875 0.34945462890625 0.1601078125 0.388908333984375
7 0.323952083984375 0.428746296875 0.313903125 0.3955694453125 0.303376041015625 0.3743018515625 0.289020833984375 0.336871296875 0.279450521484375 0.2764731484375 0.2674875 0.0901731484375 0.262702603515625 0.107186111328125 0.263659375 0.18289722265625 0.268444791015625 0.2407444453125 0.271794271484375 0.30369537109375 0.279929166015625 0.353035185546875 0.2981125 0.403225 0.2981125 0.411732408203125 0.298590625 0.425343517578125 0.30241875 0.438103703125 0.3076828125 0.451714814453125 0.318209896484375 0.450863888671875 0.323952083984375 0.428746296875
2 0.123559896484375 0.00314537109375 0.123559896484375 0.044310185546875 0.131894271484375 0.0706555546875 0.135532291015625 0.06687222265625 0.151341146484375 0.078887962890625 0.165231771484375 0.067362037109375 0.172640625 0.031137962890625 0.1698625 0.008085185546875 0.1467109375 0 0.123559896484375 0.00314537109375
2 0.213717708984375 0.338733333984375 0.228940625 0.35362037109375 0.239596875 0.321139814453125 0.232746353515625 0.29407222265625 0.214478646484375 0.2873055546875 0.208389583984375 0.310312962890625 0.213717708984375 0.338733333984375
2 0.375428646484375 0.829414814453125 0.381064583984375 0.831418517578125 0.3867546875 0.829568517578125 0.3923359375 0.817389814453125 0.391960416015625 0.805364814453125 0.387076041015625 0.798015740234375 0.3776828125 0.7993518515625 0.373173958984375 0.810709259765625 0.375428646484375 0.829414814453125
2 0.626574478515625 0.9055731484375 0.6228171875 0.9276194453125 0.630613541015625 0.941518517578125 0.640476041015625 0.9343 0.645360416015625 0.9175981484375 0.6464875 0.904237037109375 0.635216146484375 0.89622037109375 0.626574478515625 0.9055731484375
2 0.6682796875 0.596262037109375 0.667904166015625 0.620312037109375 0.676921353515625 0.635009259765625 0.6885140625 0.6409805546875 0.700216146484375 0.629664814453125 0.706603646484375 0.613631482421875 0.7054765625 0.59024907421875 0.696083333984375 0.5735481484375 0.679175521484375 0.570207408203125 0.6682796875 0.596262037109375
2 0.810588541015625 0.42129537109375 0.813501041015625 0.44459907421875 0.822238541015625 0.456682408203125 0.843596875 0.452366666015625 0.850878125 0.423021296875 0.848451041015625 0.3755518515625 0.837771875 0.358289814453125 0.820782291015625 0.37382592578125 0.811559375 0.39195092578125 0.810588541015625 0.42129537109375
7 0.676130208984375 0.217746296875 0.700400521484375 0.287656482421875 0.707196353515625 0.30837037109375 0.712050521484375 0.2988768515625 0.7023421875 0.25917407421875 0.666907291015625 0.1780444453125 0.635841146484375 0.12539537109375 0.5999203125 0.077062962890625 0.58584375 0.052033333984375 0.567883333984375 0.040812962890625 0.557689583984375 0.045128703125 0.55671875 0.06929537109375 0.565941666015625 0.080514814453125 0.580471875 0.088440740234375 0.58293125 0.086556482421875 0.605259896484375 0.106407408203125 0.628559896484375 0.133163888671875 0.657198958984375 0.178907408203125 0.676130208984375 0.217746296875
5 0.982291666015625 0.9518518515625 0.990625 0.937037037109375 0.995833333984375 0.916666666015625 0.994270833984375 0.909259259765625 0.990104166015625 0.909259259765625 0.98125 0.914814814453125 0.972395833984375 0.92777777734375 0.9703125 0.940740740234375 0.974479166015625 0.9518518515625 0.982291666015625 0.9518518515625
2 0.786282291015625 0.176665740234375 0.7781546875 0.16492037109375 0.7618984375 0.154982408203125 0.7573265625 0.1387194453125 0.740563021484375 0.12155277734375 0.731419271484375 0.1332981484375 0.723798958984375 0.152271296875 0.723291146484375 0.182087037109375 0.722783333984375 0.20557777734375 0.731927083984375 0.2173231484375 0.74825 0.240709259765625 0.762914583984375 0.24262037109375 0.77510625 0.24352407421875 0.789838541015625 0.227261111328125 0.790346353515625 0.20377037109375 0.786282291015625 0.176665740234375
7 0.0713046875 0.664886111328125 0.0656125 0.648166666015625 0.059178125 0.615167591796875 0.061405728515625 0.58392962890625 0.0680875 0.557090740234375 0.078233853515625 0.535531482421875 0.0925875 0.524091666015625 0.110158333984375 0.524531482421875 0.125996875 0.535091666015625 0.140350521484375 0.55445 0.151981771484375 0.56632962890625 0.164108333984375 0.57644907421875 0.170047916015625 0.57732962890625 0.1767296875 0.57952962890625 0.179204166015625 0.572489814453125 0.1698 0.56412962890625 0.153219271484375 0.5509305546875 0.136143228515625 0.530691666015625 0.124264583984375 0.5192518515625 0.10793125 0.508692591796875 0.0945671875 0.508692591796875 0.083430728515625 0.515732408203125 0.071057291015625 0.5280518515625 0.061158333984375 0.5465305546875 0.05521875 0.565010185546875 0.051011458984375 0.58084907421875 0.050516666015625 0.606808333984375 0.051754166015625 0.62352777734375 0.0584359375 0.650366666015625 0.056703646484375 0.660046296875 0.057060416015625 0.66115092578125 0.0584359375 0.676325 0.060663021484375 0.689964814453125 0.064127603515625 0.6974444453125 0.0700671875 0.700084259765625 0.075511458984375 0.68820462890625 0.0713046875 0.664886111328125
7 0.122953125 0.5234518515625 0.11274375 0.561510185546875 0.099899478515625 0.582587962890625 0.087055728515625 0.591956482421875 0.071577083984375 0.606008333984375 0.065648958984375 0.617133333984375 0.062026041015625 0.6276731484375 0.069930208984375 0.632356482421875 0.0761875 0.6165481484375 0.1199890625 0.579075 0.130856771484375 0.539846296875 0.12986875 0.49300462890625 0.125258333984375 0.464314814453125 0.1166953125 0.437381482421875 0.0893609375 0.38702777734375 0.085738021484375 0.37180462890625 0.082444791015625 0.354238888671875 0.0765171875 0.346041666015625 0.071577083984375 0.347212962890625 0.064990103515625 0.353653703125 0.065648958984375 0.37004722265625 0.076846353515625 0.393468517578125 0.082774478515625 0.40107962890625 0.097594271484375 0.420987037109375 0.112084896484375 0.45260462890625 0.122953125 0.500031482421875 0.122953125 0.5234518515625
1 0.3242265625 0.843125 0.318855208984375 0.845759259765625 0.316261978515625 0.853991666015625 0.3186703125 0.860907408203125 0.322744791015625 0.861565740234375 0.327745833984375 0.857943517578125 0.332746875 0.851357408203125 0.33790625 0.84482962890625 0.338303646484375 0.844442591796875 0.339044791015625 0.841807408203125 0.3364515625 0.83390462890625 0.3295984375 0.840161111328125 0.3242265625 0.843125
7 0.799738021484375 0.168381482421875 0.78379375 0.203965740234375 0.787525521484375 0.206378703125 0.793292708984375 0.19552222265625 0.802791146484375 0.18104722265625 0.812290103515625 0.169587962890625 0.827894791015625 0.134606482421875 0.837054166015625 0.106862962890625 0.844856771484375 0.0646444453125 0.850963021484375 0.0411231484375 0.859444271484375 0.0115694453125 0.857069271484375 0.000110185546875 0.846553125 0.000110185546875 0.844178646484375 0.009157408203125 0.839768228515625 0.039916666015625 0.839089583984375 0.053185185546875 0.833322916015625 0.077912962890625 0.824502603515625 0.1225444453125 0.811950521484375 0.1514944453125 0.799738021484375 0.168381482421875
7 0.306882291015625 0.3684055546875 0.321436978515625 0.39269722265625 0.344605208984375 0.404314814453125 0.366585416015625 0.399562962890625 0.389457291015625 0.386888888671875 0.397773958984375 0.37579907421875 0.390051041015625 0.35942777734375 0.381436978515625 0.36734907421875 0.365694271484375 0.37685462890625 0.338367708984375 0.38107962890625 0.3202484375 0.366293517578125 0.307476041015625 0.343057408203125 0.3018328125 0.317709259765625 0.300941666015625 0.287608333984375 0.3018328125 0.267541666015625 0.304208853515625 0.245362037109375 0.312228646484375 0.2215981484375 0.31698125 0.207867591796875 0.326783333984375 0.192553703125 0.328565625 0.169317591796875 0.323813021484375 0.157171296875 0.314902083984375 0.160868517578125 0.309023958984375 0.188932408203125 0.309555208984375 0.199418517578125 0.29321875 0.23955277734375 0.288763021484375 0.291833333984375 0.295001041015625 0.3377768515625 0.306882291015625 0.3684055546875
2 0.308655728515625 0.372142591796875 0.314991146484375 0.384612962890625 0.3221796875 0.38867962890625 0.330151041015625 0.3858194453125 0.333997396484375 0.365706482421875 0.3263046875 0.3383518515625 0.315217708984375 0.338753703125 0.310466146484375 0.352431482421875 0.308655728515625 0.372142591796875
7 0.786400521484375 0.389463888671875 0.791580728515625 0.375406482421875 0.795125521484375 0.341958333984375 0.800578646484375 0.306087037109375 0.8063046875 0.275062037109375 0.817483333984375 0.24112962890625 0.823481771484375 0.230464814453125 0.822391146484375 0.22077037109375 0.811484896484375 0.2372518515625 0.8052140625 0.2585805546875 0.798942708984375 0.2842731484375 0.791853646484375 0.32402222265625 0.788581771484375 0.349714814453125 0.780776041015625 0.3489805546875 0.7749484375 0.36377222265625 0.771949478515625 0.38364722265625 0.771949478515625 0.39625092578125 0.77549375 0.400613888671875 0.77985625 0.400128703125 0.786400521484375 0.389463888671875
7 0.72806875 0.35774907421875 0.72264375 0.344993517578125 0.71494375 0.317925 0.70689375 0.26689907421875 0.70111875 0.228941666015625 0.691493228515625 0.18164907421875 0.685193228515625 0.1519731484375 0.682918228515625 0.144817591796875 0.680643228515625 0.146062037109375 0.685368228515625 0.182775 0.691318228515625 0.20735462890625 0.694993228515625 0.226333333984375 0.69901875 0.25122407421875 0.70339375 0.2798481484375 0.70794375 0.304738888671875 0.71669375 0.34430277734375 0.71389375 0.35270277734375 0.714097396484375 0.352757408203125 0.71389375 0.371438888671875 0.71739375 0.386684259765625 0.72089375 0.391662962890625 0.72929375 0.392285185546875 0.73086875 0.378284259765625 0.72806875 0.35774907421875
7 0.655708853515625 0.183633333984375 0.655708853515625 0.194468517578125 0.654805728515625 0.213732408203125 0.654128646484375 0.239416666015625 0.6568375 0.25747592578125 0.6602234375 0.2731268515625 0.667446875 0.29560092578125 0.677830208984375 0.318075 0.68979375 0.3273055546875 0.706723958984375 0.331318517578125 0.723879166015625 0.321285185546875 0.736519791015625 0.305634259765625 0.746677603515625 0.2859694453125 0.750515103515625 0.276738888671875 0.746903646484375 0.27152222265625 0.733811458984375 0.2960018515625 0.7250078125 0.308041666015625 0.711915625 0.3176731484375 0.704466146484375 0.320482408203125 0.687988021484375 0.313660185546875 0.6776046875 0.298811111328125 0.672186978515625 0.2883768515625 0.664963541015625 0.26349537109375 0.66270625 0.24062037109375 0.66270625 0.2197518515625 0.66270625 0.200488888671875 0.6631578125 0.192462037109375 0.665189583984375 0.184034259765625 0.665189583984375 0.179218517578125 0.667672396484375 0.1663768515625 0.669478125 0.145106482421875 0.661577603515625 0.133067591796875 0.653677083984375 0.137481482421875 0.652096875 0.156343517578125 0.653677083984375 0.177613888671875 0.655708853515625 0.183633333984375
7 0.284066666015625 0.9771305546875 0.282003646484375 0.969792591796875 0.2885375 0.9569518515625 0.293352083984375 0.937384259765625 0.296447396484375 0.912313888671875 0.292664583984375 0.870734259765625 0.2844109375 0.834657408203125 0.269279166015625 0.800414814453125 0.2565546875 0.788796296875 0.236952603515625 0.78512777734375 0.2166625 0.79857962890625 0.214942708984375 0.808363888671875 0.224228125 0.80102592578125 0.234201041015625 0.794911111328125 0.240735416015625 0.794911111328125 0.255179166015625 0.79552222265625 0.264464583984375 0.80224907421875 0.2778765625 0.8273194453125 0.2885375 0.867064814453125 0.292664583984375 0.901307408203125 0.291288541015625 0.925766666015625 0.278908333984375 0.966735185546875 0.273061978515625 0.97835277734375 0.266871875 0.993028703125 0.268247396484375 0.99907407421875 0.278564583984375 0.99907407421875 0.284066666015625 0.989971296875 0.284066666015625 0.9771305546875
4 0.792471875 0.36839722265625 0.794130728515625 0.34037222265625 0.79765625 0.314191666015625 0.804292708984375 0.27952962890625 0.810514583984375 0.255191666015625 0.814869271484375 0.241917591796875 0.823372396484375 0.22937962890625 0.8190171875 0.2312231484375 0.810721875 0.24560462890625 0.8030484375 0.271416666015625 0.7968265625 0.302391666015625 0.793508333984375 0.324516666015625 0.7908125 0.343690740234375 0.788945833984375 0.363603703125 0.787494271484375 0.374665740234375 0.776331771484375 0.38665092578125 0.778369271484375 0.39457777734375 0.7808578125 0.394209259765625 0.7816875 0.39310277734375 0.787494271484375 0.38019722265625 0.792471875 0.36839722265625