7 0.639758708984375 0 0.66081035546875 0.006902837890625 0.699442736328125 0.043933833984375 0.722031375 0.08100980859375 0.744790447265625 0.125710921875 0.757227921875 0.154190326171875 0.767818685546875 0.149737310546875 0.74897575 0.105041431640625 0.71700241796875 0.0480471171875 0.683347365234375 0 0.639758708984375 0
7 0.690599826171875 0.118118642578125 0.695836123046875 0.147815158203125 0.707583810546875 0.194457875 0.717115962890625 0.224093607421875 0.733742689453125 0.2517816796875 0.762655892578125 0.264777841796875 0.780580685546875 0.27762334765625 0.7976272109375 0.289927021484375 0.79850012890625 0.27933489453125 0.781045560546875 0.25805553125 0.74788225 0.24093755078125 0.731640431640625 0.22431651171875 0.71928626953125 0.198658091796875 0.70176385546875 0.137027484375 0.69685618359375 0.10031359375 0.69168793359375 0.064341404296875 0.689613322265625 0.045917119140625 0.680308396484375 0.04199084765625 0.677208537109375 0.059935078125 0.681521302734375 0.093275091796875 0.6873483125 0.102071884765625 0.690599826171875 0.118118642578125
1 0.708371455078125 0.11011380078125 0.702477748046875 0.0944511328125 0.694430490234375 0.090998853515625 0.6935351171875 0.103683146484375 0.700737939453125 0.126770171875 0.708740123046875 0.134405869140625 0.71317973046875 0.13754183984375 0.717540642578125 0.126590421875 0.708371455078125 0.11011380078125
7 0.96658416015625 0.293331341796875 0.967218951171875 0.28138875 0.96386421875 0.264582638671875 0.957596298828125 0.260120859375 0.94977024609375 0.2712432578125 0.945820599609375 0.2976882734375 0.946517376953125 0.3149630546875 0.94200114453125 0.347075896484375 0.92504543359375 0.3730312109375 0.90570945703125 0.385487365234375 0.883041205078125 0.379045240234375 0.863665859375 0.360192765625 0.846947796875 0.340870802734375 0.826739423828125 0.31729398828125 0.803878794921875 0.30531880078125 0.804003125 0.3171275390625 0.8134050859375 0.3238206640625 0.8324008671875 0.3427400625 0.86571733984375 0.38070839453125 0.885897396484375 0.395243505859375 0.9056921875 0.39871258203125 0.92697793359375 0.392872064453125 0.940759876953125 0.380002787109375 0.953278455078125 0.3555265546875 0.95630425 0.33272321484375 0.960139107421875 0.316796822265625 0.964407990234375 0.307632986328125 0.96658416015625 0.293331341796875
7 0.85605305859375 0.550149662109375 0.868673861328125 0.539573330078125 0.8777354765625 0.53101608984375 0.886649275390625 0.512742458984375 0.89114875390625 0.4938547421875 0.889590626953125 0.462813912109375 0.88278982421875 0.437567796875 0.869959736328125 0.4092102734375 0.859572099609375 0.37694236328125 0.851598748046875 0.37834828125 0.865788884765625 0.42108061328125 0.8755080625 0.4451154453125 0.881600005859375 0.477445044921875 0.871439076171875 0.517511693359375 0.849706236328125 0.529694724609375 0.827446025390625 0.5322282890625 0.81106830859375 0.528156689453125 0.789652533203125 0.511055509765625 0.784472873046875 0.49944240625 0.767114830078125 0.480929982421875 0.753134490234375 0.47713141796875 0.7487481328125 0.4855600390625 0.753242224609375 0.502166193359375 0.76179388671875 0.51736019140625 0.775966953125 0.52669081640625 0.787975580078125 0.525965822265625 0.790684470703125 0.53244760546875 0.811244087890625 0.546915787109375 0.829140560546875 0.55071958984375 0.844520603515625 0.552099466796875 0.85605305859375 0.550149662109375
7 0.949831421875 0.70898382421875 0.9187588125 0.65043917578125 0.88229725390625 0.587972576171875 0.854981908203125 0.544074857421875 0.82201719140625 0.496997802734375 0.794090185546875 0.462951330078125 0.789596255859375 0.446346087890625 0.775609541015625 0.431413740234375 0.766259029296875 0.431670978515625 0.758745005859375 0.44900203515625 0.76679761328125 0.463588275390625 0.78498282421875 0.47569116796875 0.7999156875 0.48488876171875 0.81832242578125 0.511568154296875 0.8583656328125 0.56992349609375 0.903282333984375 0.64481715234375 0.928698845703125 0.6890496875 0.94147867578125 0.713375990234375 0.949831421875 0.70898382421875
7 0.82378142578125 0.520326416015625 0.829783064453125 0.514396939453125 0.83117698046875 0.5023204921875 0.827516080078125 0.49043959375 0.810441072265625 0.469093302734375 0.797814919921875 0.468535671875 0.77611024609375 0.443134490234375 0.753334580078125 0.411659412109375 0.7069440390625 0.33284922265625 0.685766583984375 0.2704715859375 0.677418865234375 0.23645247265625 0.667524576171875 0.240284369140625 0.68799384375 0.3097463125 0.707743203125 0.364024818359375 0.759472111328125 0.439805501953125 0.795519931640625 0.482163451171875 0.80177058203125 0.4998504453125 0.813467138671875 0.517550296875 0.82378142578125 0.520326416015625
7 0.5870205625 0.46237953515625 0.582950892578125 0.44674969921875 0.58623473828125 0.430601734375 0.580732021484375 0.4167815703125 0.57015874609375 0.40152000390625 0.555477185546875 0.400217228515625 0.549854716796875 0.410549607421875 0.5563964921875 0.432749046875 0.561448689453125 0.448984130859375 0.56698279296875 0.472919177734375 0.573892572265625 0.487268791015625 0.58604760546875 0.49069439453125 0.594012345703125 0.482164146484375 0.5870205625 0.46237953515625
5 0.594574685546875 0.641817921875 0.5940865078125 0.62166504296875 0.59004214453125 0.603695263671875 0.578727296875 0.591678431640625 0.568458099609375 0.60049561328125 0.57035298828125 0.62117894140625 0.57657840234375 0.646548140625 0.585928359375 0.657355390625 0.59159908203125 0.65568887890625 0.594574685546875 0.641817921875
5 0.610921443359375 0.776743982421875 0.6185342734375 0.76528215625 0.62288316015625 0.755174345703125 0.621253857421875 0.736000234375 0.61360285546875 0.7248943515625 0.604075234375 0.730466796875 0.59800224609375 0.74321409375 0.595067015625 0.766306091796875 0.59999385546875 0.7778171015625 0.610921443359375 0.776743982421875
7 0.734229208984375 0.9247027890625 0.727465259765625 0.93601493359375 0.715497111328125 0.945130744140625 0.703788951171875 0.943303681640625 0.68512007421875 0.93180506640625 0.676670291015625 0.916169068359375 0.66306656640625 0.893657853515625 0.649456763671875 0.858691810546875 0.6370381875 0.81806720703125 0.6337226953125 0.771945953125 0.638413767578125 0.756328349609375 0.638350126953125 0.736099673828125 0.637729173828125 0.7151907734375 0.630876439453125 0.708615099609375 0.6205247265625 0.71199737109375 0.618699236328125 0.723995720703125 0.62152655078125 0.74996409765625 0.626287177734375 0.7670290859375 0.622610375 0.793365818359375 0.6318718046875 0.83843958203125 0.6513329375 0.894169822265625 0.678515078125 0.941532197265625 0.702204412109375 0.95915201171875 0.72243184765625 0.95714141796875 0.7315349296875 0.95164476953125 0.73635396875 0.94259265234375 0.734229208984375 0.9247027890625
7 0.6341476953125 0.980493232421875 0.625241474609375 0.954818240234375 0.608366703125 0.921206390625 0.5809566328125 0.89490259765625 0.56806952734375 0.871485587890625 0.55375545703125 0.862333080078125 0.5473343671875 0.86813625390625 0.542934865234375 0.882923951171875 0.551011078125 0.89395485546875 0.56484932421875 0.907862228515625 0.57937193359375 0.910750015625 0.595599931640625 0.925792998046875 0.605590583984375 0.942714287109375 0.61523837890625 0.965144544921875 0.6225048203125 0.983106548828125 0.6341476953125 0.980493232421875
2 0.5339820234375 0.966263224609375 0.53912953125 0.9606846171875 0.541221283203125 0.950196306640625 0.5375763125 0.9344915859375 0.52862539453125 0.925950396484375 0.519947521484375 0.931372068359375 0.518280115234375 0.94178649609375 0.519402203125 0.955600587890625 0.527278294921875 0.967779048828125 0.5339820234375 0.966263224609375
7 0.4317728125 0.577842162109375 0.429268806640625 0.561157763671875 0.4225684296875 0.540542333984375 0.41640073828125 0.5229478984375 0.406505556640625 0.484213830078125 0.3900361875 0.41316562109375 0.366924162109375 0.329276744140625 0.348978078125 0.277171828125 0.3360522890625 0.231187203125 0.32840771875 0.232535146484375 0.341016119140625 0.2816897109375 0.35667368359375 0.323299244140625 0.378993517578125 0.4151127421875 0.405440421875 0.530329013671875 0.408166505859375 0.565657162109375 0.41741491015625 0.585822361328125 0.42469016796875 0.587790783203125 0.4317728125 0.577842162109375
7 0.437126986328125 0.943616576171875 0.43518080859375 0.9276123125 0.427523375 0.904052603515625 0.41873089453125 0.893926490234375 0.40171655859375 0.847105796875 0.374788169921875 0.77634480859375 0.357552431640625 0.710881185546875 0.3473334296875 0.662863232421875 0.342344873046875 0.666856826171875 0.353336833984375 0.7217449296875 0.36934909375 0.7827533203125 0.3821923671875 0.823303041015625 0.4106103359375 0.900028384765625 0.410965544921875 0.919427158203125 0.417798888671875 0.94079669140625 0.427138458984375 0.949424486328125 0.437126986328125 0.943616576171875
7 0.37206591796875 0.79083676171875 0.373016705078125 0.781328126953125 0.37021469921875 0.75301980859375 0.361124732421875 0.73126968359375 0.35469662890625 0.672462875 0.338392642578125 0.6122834765625 0.282196439453125 0.51710325 0.24484025390625 0.456743453125 0.23980108203125 0.46541693359375 0.285873150390625 0.542921853515625 0.3236603046875 0.6156596796875 0.337853755859375 0.648965822265625 0.344351349609375 0.688298974609375 0.349422841796875 0.74189553515625 0.3489851875 0.769218103515625 0.35528668359375 0.787568384765625 0.363862310546875 0.789281189453125 0.37206591796875 0.79083676171875
7 0.199953994140625 0.837532166015625 0.1974501484375 0.8208486796875 0.187960115234375 0.79683267578125 0.179605291015625 0.759383990234375 0.168968537109375 0.723894658203125 0.159725890625 0.7161824609375 0.154395150390625 0.725685845703125 0.158813435546875 0.74825971484375 0.16844235546875 0.7854837421875 0.170762615234375 0.806093009765625 0.178103173828125 0.832822564453125 0.1846957265625 0.85034302734375 0.199953994140625 0.837532166015625
2 0.36839561328125 0.88178356640625 0.364009068359375 0.869323580078125 0.354132669921875 0.86795108203125 0.34781940234375 0.87684921875 0.35101420703125 0.894967857421875 0.35784128125 0.903884478515625 0.36511698046875 0.901962234375 0.36839561328125 0.88178356640625
6 0.189120029296875 0.1978611640625 0.181659365234375 0.19528515234375 0.177659255859375 0.212337908203125 0.1760811484375 0.24064006640625 0.177101333984375 0.263813109375 0.18323780078125 0.271293576171875 0.199985453125 0.264448984375 0.2191862734375 0.22681151953125 0.22648910546875 0.178817029296875 0.225404767578125 0.1354153984375 0.219623439453125 0.095177455078125 0.206603365234375 0.07100633984375 0.193589208984375 0.059289138671875 0.19059693359375 0.074607197265625 0.2006635078125 0.08450865625 0.209963201171875 0.099994791015625 0.216803138671875 0.1338190625 0.216929744140625 0.17427559375 0.2136270234375 0.205217326171875 0.209468826171875 0.223854005859375 0.199972943359375 0.23954033203125 0.192809765625 0.248588330078125 0.1865466015625 0.252806671875 0.1860786953125 0.240546099609375 0.1885752265625 0.222089595703125 0.189120029296875 0.1978611640625
7 0.1664515546875 0.203415216796875 0.181443720703125 0.1890952265625 0.20028348046875 0.171761322265625 0.20946840625 0.171698759765625 0.220454029296875 0.161977701171875 0.23144000390625 0.152255638671875 0.2266535546875 0.137530685546875 0.2137219140625 0.131248390625 0.199947310546875 0.1375696953125 0.19395667578125 0.155750986328125 0.180264583984375 0.167507197265625 0.146483787109375 0.19448111328125 0.111346541015625 0.21624569140625 0.0801835859375 0.223297548828125 0.0510869140625 0.222200126953125 0.03250106640625 0.216136328125 0.024253970703125 0.233937943359375 0.042231376953125 0.244001494140625 0.069711609375 0.250832455078125 0.117305181640625 0.24010494140625 0.15529763671875 0.211908888671875 0.1664515546875 0.203415216796875
6 0.174033091796875 0.129683169921875 0.177900140625 0.164031642578125 0.17476872265625 0.218296103515625 0.16979258203125 0.299353685546875 0.1700652734375 0.313317548828125 0.179250552734375 0.313253982421875 0.179890990234375 0.2672136875 0.183598951171875 0.1988346796875 0.184505650390625 0.154304423828125 0.176943013671875 0.108931115234375 0.170686212890625 0.073447033203125 0.162914205078125 0.051724013671875 0.156808154296875 0.05591558984375 0.166952361328125 0.092009828125 0.174033091796875 0.129683169921875
5 0.58952183984375 0.13617365234375 0.58988645703125 0.16014582421875 0.59991666796875 0.1776063984375 0.614787619140625 0.18528612890625 0.620494599609375 0.17603889453125 0.616618869140625 0.15405853125 0.6152606640625 0.152924375 0.601456017578125 0.127201103515625 0.58952183984375 0.13617365234375
7 1 0.64866422265625 0.99476398046875 0.626980927734375 0.9872286015625 0.5980367421875 0.976656923828125 0.57773630859375 0.96947115625 0.58008459375 0.966273130859375 0.59470369140625 0.97461806640625 0.6213435859375 0.98463503515625 0.638498107421875 0.990471806640625 0.661255294921875 1 0.688728451171875 1 0.64866422265625
4 0.77523684765625 0.260631109375 0.7495262421875 0.249523251953125 0.74006403515625 0.240763826171875 0.728288296875 0.2271979375 0.72387308984375 0.215463203125 0.712640578125 0.186682013671875 0.705282837890625 0.158259349609375 0.695679517578125 0.118763021484375 0.692281623046875 0.08286415625 0.687127248046875 0.05196759375 0.683625197265625 0.05206422265625 0.685140921875 0.060660318359375 0.6892472265625 0.092262560546875 0.69885771875 0.150092654296875 0.710808306640625 0.191260482421875 0.7195325234375 0.215792306640625 0.728536580078125 0.231932302734375 0.740579705078125 0.247014615234375 0.76136695703125 0.258469716796875 0.774080439453125 0.26404865234375 0.791551287109375 0.274718638671875 0.77523684765625 0.260631109375
1 0.695331033203125 0.095713169921875 0.69437416796875 0.098825689453125 0.695372294921875 0.105341166015625 0.696983392578125 0.113623337890625 0.700326232421875 0.118922439453125 0.706637955078125 0.12824866015625 0.711916068359375 0.134277421875 0.713639611328125 0.13209967578125 0.7134909375 0.127843236328125 0.712867791015625 0.12259955859375 0.709561904296875 0.11836483984375 0.707140283203125 0.113170322265625 0.70435306640625 0.105899412109375 0.69991355859375 0.098651884765625 0.698645279296875 0.099143474609375 0.7015131328125 0.103455431640625 0.706658916015625 0.117269896484375 0.71019376171875 0.1228031015625 0.71171959375 0.12547879296875 0.712259962890625 0.12939820703125 0.710399109375 0.130797224609375 0.707823107421875 0.12643380859375 0.70283684765625 0.1203535859375 0.69755624609375 0.110042611328125 0.696492572265625 0.100593955078125 0.697669365234375 0.099583515625 0.695331033203125 0.095713169921875
1 0.573902478515625 0.41961142578125 0.5713244453125 0.416682189453125 0.569204921875 0.41465411328125 0.563420203125 0.414127978515625 0.560295982421875 0.414396798828125 0.559210677734375 0.415926908203125 0.559740625 0.4184426640625 0.561444146484375 0.421808166015625 0.56438320703125 0.428201318359375 0.565822685546875 0.428649931640625 0.570762498046875 0.42608653125 0.57458678515625 0.422592517578125 0.573902478515625 0.41961142578125
1 0.56438320703125 0.428201318359375 0.560620455078125 0.427028658203125 0.55974232421875 0.4261538203125 0.564635900390625 0.43900969921875 0.567959263671875 0.43598009375 0.56438320703125 0.428201318359375
1 0.55974232421875 0.4261538203125 0.557023318359375 0.419010736328125 0.55686675 0.419231470703125 0.557734669921875 0.424153685546875 0.55974232421875 0.4261538203125
1 0.557023318359375 0.419010736328125 0.559210677734375 0.415926908203125 0.558766904296875 0.41382023046875 0.558833638671875 0.412399087890625 0.559572609375 0.410294345703125 0.56120733203125 0.4105702265625 0.565601115234375 0.411205798828125 0.569204921875 0.41465411328125 0.57502510546875 0.41518347265625 0.576526517578125 0.41830255078125 0.578558359375 0.424429849609375 0.578928486328125 0.432824591796875 0.576502546875 0.444249044921875 0.57321528125 0.4453928046875 0.5707542890625 0.445826744140625 0.57109177734375 0.447740736328125 0.57114001171875 0.448014294921875 0.571987525390625 0.450121357421875 0.577244259765625 0.44665588671875 0.5804324765625 0.44045433984375 0.58040916796875 0.433126693359375 0.579846259765625 0.423638630859375 0.578727994140625 0.41819643359375 0.5756769375 0.41168472265625 0.568550892578125 0.408148046875 0.5623479453125 0.4044476640625 0.556994580078125 0.407365107421875 0.55518121484375 0.414171361328125 0.557023318359375 0.419010736328125
1 0.17050019140625 0.7366032421875 0.16377813671875 0.724997908203125 0.160097615234375 0.732681533203125 0.162633724609375 0.74502496484375 0.169033513671875 0.76500045703125 0.173736162109375 0.79167051171875 0.18260352734375 0.79608762890625 0.17583283984375 0.758684931640625 0.17050019140625 0.7366032421875
3 0.176407041015625 0.1783679765625 0.17407442578125 0.179302037109375 0.171590046875 0.18104605078125 0.171752197265625 0.183630302734375 0.171352478515625 0.1855294921875 0.1734560234375 0.188293240234375 0.1768138125 0.189007123046875 0.17850500390625 0.186097017578125 0.178994119140625 0.1847048203125 0.178284126953125 0.179712451171875 0.176407041015625 0.1783679765625