7 0.316652634765625 0 0.28299758203125 0.0480471171875 0.25102425 0.105041431640625 0.232181314453125 0.149737310546875 0.242772078125 0.154190326171875 0.255209552734375 0.125710921875 0.277968625 0.08100980859375 0.300557263671875 0.043933833984375 0.33918964453125 0.006902837890625 0.360241291015625 0 0.316652634765625 0
7 0.25211775 0.24093755078125 0.218954439453125 0.25805553125 0.20149987109375 0.27933489453125 0.2023727890625 0.289927021484375 0.219419314453125 0.27762334765625 0.237344107421875 0.264777841796875 0.266257310546875 0.2517816796875 0.282884037109375 0.224093607421875 0.292416189453125 0.194457875 0.304163876953125 0.147815158203125 0.309400173828125 0.118118642578125 0.3126516875 0.102071884765625 0.318478697265625 0.093275091796875 0.322791462890625 0.059935078125 0.319691603515625 0.04199084765625 0.310386677734375 0.045917119140625 0.30831206640625 0.064341404296875 0.30314381640625 0.10031359375 0.29823614453125 0.137027484375 0.28071373046875 0.198658091796875 0.268359568359375 0.22431651171875 0.25211775 0.24093755078125
1 0.291259876953125 0.134405869140625 0.299262060546875 0.126770171875 0.3064648828125 0.103683146484375 0.305569509765625 0.090998853515625 0.297522251953125 0.0944511328125 0.291628544921875 0.11011380078125 0.282459357421875 0.126590421875 0.28682026953125 0.13754183984375 0.291259876953125 0.134405869140625
7 0.1865949140625 0.3238206640625 0.195996875 0.3171275390625 0.196121205078125 0.30531880078125 0.173260576171875 0.31729398828125 0.153052203125 0.340870802734375 0.136334140625 0.360192765625 0.116958794921875 0.379045240234375 0.09429054296875 0.385487365234375 0.07495456640625 0.3730312109375 0.05799885546875 0.347075896484375 0.053482623046875 0.3149630546875 0.054179400390625 0.2976882734375 0.05022975390625 0.2712432578125 0.042403701171875 0.260120859375 0.03613578125 0.264582638671875 0.032781048828125 0.28138875 0.03341583984375 0.293331341796875 0.035592009765625 0.307632986328125 0.039860892578125 0.316796822265625 0.04369575 0.33272321484375 0.046721544921875 0.3555265546875 0.059240123046875 0.380002787109375 0.07302206640625 0.392872064453125 0.0943078125 0.39871258203125 0.114102603515625 0.395243505859375 0.13428266015625 0.38070839453125 0.1675991328125 0.3427400625 0.1865949140625 0.3238206640625
7 0.232885169921875 0.480929982421875 0.215527126953125 0.49944240625 0.210347466796875 0.511055509765625 0.18893169140625 0.528156689453125 0.172553974609375 0.5322282890625 0.150293763671875 0.529694724609375 0.128560923828125 0.517511693359375 0.118399994140625 0.477445044921875 0.1244919375 0.4451154453125 0.134211115234375 0.42108061328125 0.148401251953125 0.37834828125 0.140427900390625 0.37694236328125 0.130040263671875 0.4092102734375 0.11721017578125 0.437567796875 0.110409373046875 0.462813912109375 0.10885124609375 0.4938547421875 0.113350724609375 0.512742458984375 0.1222645234375 0.53101608984375 0.131326138671875 0.539573330078125 0.14394694140625 0.550149662109375 0.155479396484375 0.552099466796875 0.170859439453125 0.55071958984375 0.188755912109375 0.546915787109375 0.209315529296875 0.53244760546875 0.212024419921875 0.525965822265625 0.224033046875 0.52669081640625 0.23820611328125 0.51736019140625 0.246757775390625 0.502166193359375 0.2512518671875 0.4855600390625 0.246865509765625 0.47713141796875 0.232885169921875 0.480929982421875
7 0.224390458984375 0.431413740234375 0.210403744140625 0.446346087890625 0.205909814453125 0.462951330078125 0.17798280859375 0.496997802734375 0.145018091796875 0.544074857421875 0.11770274609375 0.587972576171875 0.0812411875 0.65043917578125 0.050168578125 0.70898382421875 0.05852132421875 0.713375990234375 0.071301154296875 0.6890496875 0.096717666015625 0.64481715234375 0.1416343671875 0.56992349609375 0.18167757421875 0.511568154296875 0.2000843125 0.48488876171875 0.21501717578125 0.47569116796875 0.23320238671875 0.463588275390625 0.241254994140625 0.44900203515625 0.233740970703125 0.431670978515625 0.224390458984375 0.431413740234375
7 0.246665419921875 0.411659412109375 0.22388975390625 0.443134490234375 0.202185080078125 0.468535671875 0.189558927734375 0.469093302734375 0.172483919921875 0.49043959375 0.16882301953125 0.5023204921875 0.170216935546875 0.514396939453125 0.17621857421875 0.520326416015625 0.186532861328125 0.517550296875 0.19822941796875 0.4998504453125 0.204480068359375 0.482163451171875 0.240527888671875 0.439805501953125 0.292256796875 0.364024818359375 0.31200615625 0.3097463125 0.332475423828125 0.240284369140625 0.322581134765625 0.23645247265625 0.314233416015625 0.2704715859375 0.2930559609375 0.33284922265625 0.246665419921875 0.411659412109375
7 0.41376526171875 0.430601734375 0.417049107421875 0.44674969921875 0.4129794375 0.46237953515625 0.405987654296875 0.482164146484375 0.41395239453125 0.49069439453125 0.426107427734375 0.487268791015625 0.43301720703125 0.472919177734375 0.438551310546875 0.448984130859375 0.4436035078125 0.432749046875 0.450145283203125 0.410549607421875 0.444522814453125 0.400217228515625 0.42984125390625 0.40152000390625 0.419267978515625 0.4167815703125 0.41376526171875 0.430601734375
5 0.414071640625 0.657355390625 0.42342159765625 0.646548140625 0.42964701171875 0.62117894140625 0.431541900390625 0.60049561328125 0.421272703125 0.591678431640625 0.40995785546875 0.603695263671875 0.4059134921875 0.62166504296875 0.405425314453125 0.641817921875 0.40840091796875 0.65568887890625 0.414071640625 0.657355390625
5 0.404932984375 0.766306091796875 0.40199775390625 0.74321409375 0.395924765625 0.730466796875 0.38639714453125 0.7248943515625 0.378746142578125 0.736000234375 0.37711683984375 0.755174345703125 0.3814657265625 0.76528215625 0.389078556640625 0.776743982421875 0.40000614453125 0.7778171015625 0.404932984375 0.766306091796875
7 0.381300763671875 0.723995720703125 0.3794752734375 0.71199737109375 0.369123560546875 0.708615099609375 0.362270826171875 0.7151907734375 0.361649873046875 0.736099673828125 0.361586232421875 0.756328349609375 0.3662773046875 0.771945953125 0.3629618125 0.81806720703125 0.350543236328125 0.858691810546875 0.33693343359375 0.893657853515625 0.323329708984375 0.916169068359375 0.31487992578125 0.93180506640625 0.296211048828125 0.943303681640625 0.284502888671875 0.945130744140625 0.272534740234375 0.93601493359375 0.265770791015625 0.9247027890625 0.26364603125 0.94259265234375 0.2684650703125 0.95164476953125 0.27756815234375 0.95714141796875 0.297795587890625 0.95915201171875 0.321484921875 0.941532197265625 0.3486670625 0.894169822265625 0.3681281953125 0.83843958203125 0.377389625 0.793365818359375 0.373712822265625 0.7670290859375 0.37847344921875 0.74996409765625 0.381300763671875 0.723995720703125
7 0.43193047265625 0.871485587890625 0.4190433671875 0.89490259765625 0.391633296875 0.921206390625 0.374758525390625 0.954818240234375 0.3658523046875 0.980493232421875 0.3774951796875 0.983106548828125 0.38476162109375 0.965144544921875 0.394409416015625 0.942714287109375 0.404400068359375 0.925792998046875 0.42062806640625 0.910750015625 0.43515067578125 0.907862228515625 0.448988921875 0.89395485546875 0.457065134765625 0.882923951171875 0.4526656328125 0.86813625390625 0.44624454296875 0.862333080078125 0.43193047265625 0.871485587890625
2 0.480597796875 0.955600587890625 0.481719884765625 0.94178649609375 0.480052478515625 0.931372068359375 0.47137460546875 0.925950396484375 0.4624236875 0.9344915859375 0.458778716796875 0.950196306640625 0.46087046875 0.9606846171875 0.4660179765625 0.966263224609375 0.472721705078125 0.967779048828125 0.480597796875 0.955600587890625
7 0.633075837890625 0.329276744140625 0.6099638125 0.41316562109375 0.593494443359375 0.484213830078125 0.58359926171875 0.5229478984375 0.5774315703125 0.540542333984375 0.570731193359375 0.561157763671875 0.5682271875 0.577842162109375 0.57530983203125 0.587790783203125 0.58258508984375 0.585822361328125 0.591833494140625 0.565657162109375 0.594559578125 0.530329013671875 0.621006482421875 0.4151127421875 0.64332631640625 0.323299244140625 0.658983880859375 0.2816897109375 0.67159228125 0.232535146484375 0.6639477109375 0.231187203125 0.651021921875 0.277171828125 0.633075837890625 0.329276744140625
7 0.625211830078125 0.77634480859375 0.59828344140625 0.847105796875 0.58126910546875 0.893926490234375 0.572476625 0.904052603515625 0.56481919140625 0.9276123125 0.562873013671875 0.943616576171875 0.572861541015625 0.949424486328125 0.582201111328125 0.94079669140625 0.589034455078125 0.919427158203125 0.5893896640625 0.900028384765625 0.6178076328125 0.823303041015625 0.63065090625 0.7827533203125 0.646663166015625 0.7217449296875 0.657655126953125 0.666856826171875 0.6526665703125 0.662863232421875 0.642447568359375 0.710881185546875 0.625211830078125 0.77634480859375
7 0.717803560546875 0.51710325 0.661607357421875 0.6122834765625 0.64530337109375 0.672462875 0.638875267578125 0.73126968359375 0.62978530078125 0.75301980859375 0.626983294921875 0.781328126953125 0.62793408203125 0.79083676171875 0.636137689453125 0.789281189453125 0.64471331640625 0.787568384765625 0.6510148125 0.769218103515625 0.650577158203125 0.74189553515625 0.655648650390625 0.688298974609375 0.662146244140625 0.648965822265625 0.6763396953125 0.6156596796875 0.714126849609375 0.542921853515625 0.76019891796875 0.46541693359375 0.75515974609375 0.456743453125 0.717803560546875 0.51710325
7 0.8025498515625 0.8208486796875 0.800046005859375 0.837532166015625 0.8153042734375 0.85034302734375 0.821896826171875 0.832822564453125 0.829237384765625 0.806093009765625 0.83155764453125 0.7854837421875 0.841186564453125 0.74825971484375 0.845604849609375 0.725685845703125 0.840274109375 0.7161824609375 0.831031462890625 0.723894658203125 0.820394708984375 0.759383990234375 0.812039884765625 0.79683267578125 0.8025498515625 0.8208486796875
2 0.65218059765625 0.87684921875 0.645867330078125 0.86795108203125 0.635990931640625 0.869323580078125 0.63160438671875 0.88178356640625 0.63488301953125 0.901962234375 0.64215871875 0.903884478515625 0.64898579296875 0.894967857421875 0.65218059765625 0.87684921875
6 0.7993364921875 0.08450865625 0.80940306640625 0.074607197265625 0.806410791015625 0.059289138671875 0.793396634765625 0.07100633984375 0.780376560546875 0.095177455078125 0.774595232421875 0.1354153984375 0.77351089453125 0.178817029296875 0.7808137265625 0.22681151953125 0.800014546875 0.264448984375 0.81676219921875 0.271293576171875 0.822898666015625 0.263813109375 0.8239188515625 0.24064006640625 0.822340744140625 0.212337908203125 0.818340634765625 0.19528515234375 0.810879970703125 0.1978611640625 0.8114247734375 0.222089595703125 0.8139213046875 0.240546099609375 0.8134533984375 0.252806671875 0.807190234375 0.248588330078125 0.800027056640625 0.23954033203125 0.790531173828125 0.223854005859375 0.7863729765625 0.205217326171875 0.783070255859375 0.17427559375 0.783196861328125 0.1338190625 0.790036798828125 0.099994791015625 0.7993364921875 0.08450865625
7 0.819735416015625 0.167507197265625 0.80604332421875 0.155750986328125 0.800052689453125 0.1375696953125 0.7862780859375 0.131248390625 0.7733464453125 0.137530685546875 0.76855999609375 0.152255638671875 0.779545970703125 0.161977701171875 0.79053159375 0.171698759765625 0.79971651953125 0.171761322265625 0.818556279296875 0.1890952265625 0.8335484453125 0.203415216796875 0.84470236328125 0.211908888671875 0.882694818359375 0.24010494140625 0.930288390625 0.250832455078125 0.957768623046875 0.244001494140625 0.975746029296875 0.233937943359375 0.96749893359375 0.216136328125 0.9489130859375 0.222200126953125 0.9198164140625 0.223297548828125 0.888653458984375 0.21624569140625 0.853516212890625 0.19448111328125 0.819735416015625 0.167507197265625
6 0.83020741796875 0.299353685546875 0.82523127734375 0.218296103515625 0.822099859375 0.164031642578125 0.825966908203125 0.129683169921875 0.833047638671875 0.092009828125 0.843191845703125 0.05591558984375 0.837085794921875 0.051724013671875 0.829313787109375 0.073447033203125 0.823056986328125 0.108931115234375 0.815494349609375 0.154304423828125 0.816401048828125 0.1988346796875 0.820109009765625 0.2672136875 0.820749447265625 0.313253982421875 0.8299347265625 0.313317548828125 0.83020741796875 0.299353685546875
5 0.383381130859375 0.15405853125 0.379505400390625 0.17603889453125 0.385212380859375 0.18528612890625 0.40008333203125 0.1776063984375 0.41011354296875 0.16014582421875 0.41047816015625 0.13617365234375 0.398543982421875 0.127201103515625 0.3847393359375 0.152924375 0.383381130859375 0.15405853125
7 0 0.688728451171875 0.009528193359375 0.661255294921875 0.01536496484375 0.638498107421875 0.02538193359375 0.6213435859375 0.033726869140625 0.59470369140625 0.03052884375 0.58008459375 0.023343076171875 0.57773630859375 0.0127713984375 0.5980367421875 0.00523601953125 0.626980927734375 0 0.64866422265625 0 0.688728451171875
4 0.316374802734375 0.05206422265625 0.312872751953125 0.05196759375 0.307718376953125 0.08286415625 0.304320482421875 0.118763021484375 0.294717162109375 0.158259349609375 0.287359421875 0.186682013671875 0.27612691015625 0.215463203125 0.271711703125 0.2271979375 0.25993596484375 0.240763826171875 0.2504737578125 0.249523251953125 0.22476315234375 0.260631109375 0.208448712890625 0.274718638671875 0.225919560546875 0.26404865234375 0.23863304296875 0.258469716796875 0.259420294921875 0.247014615234375 0.271463419921875 0.231932302734375 0.2804674765625 0.215792306640625 0.289191693359375 0.191260482421875 0.30114228125 0.150092654296875 0.3107527734375 0.092262560546875 0.314859078125 0.060660318359375 0.316374802734375 0.05206422265625
1 0.2984868671875 0.103455431640625 0.301354720703125 0.099143474609375 0.30008644140625 0.098651884765625 0.29564693359375 0.105899412109375 0.292859716796875 0.113170322265625 0.290438095703125 0.11836483984375 0.287132208984375 0.12259955859375 0.2865090625 0.127843236328125 0.286360388671875 0.13209967578125 0.288083931640625 0.134277421875 0.293362044921875 0.12824866015625 0.299673767578125 0.118922439453125 0.303016607421875 0.113623337890625 0.304627705078125 0.105341166015625 0.30562583203125 0.098825689453125 0.304668966796875 0.095713169921875 0.302330634765625 0.099583515625 0.303507427734375 0.100593955078125 0.30244375390625 0.110042611328125 0.29716315234375 0.1203535859375 0.292176892578125 0.12643380859375 0.289600890625 0.130797224609375 0.287740037109375 0.12939820703125 0.28828040625 0.12547879296875 0.28980623828125 0.1228031015625 0.293341083984375 0.117269896484375 0.2984868671875 0.103455431640625
1 0.4286755546875 0.416682189453125 0.426097521484375 0.41961142578125 0.42541321484375 0.422592517578125 0.429237501953125 0.42608653125 0.434177314453125 0.428649931640625 0.43561679296875 0.428201318359375 0.438555853515625 0.421808166015625 0.440259375 0.4184426640625 0.440789322265625 0.415926908203125 0.439704017578125 0.414396798828125 0.436579796875 0.414127978515625 0.430795078125 0.41465411328125 0.4286755546875 0.416682189453125
1 0.432040736328125 0.43598009375 0.435364099609375 0.43900969921875 0.44025767578125 0.4261538203125 0.439379544921875 0.427028658203125 0.43561679296875 0.428201318359375 0.432040736328125 0.43598009375
1 0.442976681640625 0.419010736328125 0.44025767578125 0.4261538203125 0.442265330078125 0.424153685546875 0.44313325 0.419231470703125 0.442976681640625 0.419010736328125
1 0.428012474609375 0.450121357421875 0.42885998828125 0.448014294921875 0.42890822265625 0.447740736328125 0.4292457109375 0.445826744140625 0.42678471875 0.4453928046875 0.423497453125 0.444249044921875 0.421071513671875 0.432824591796875 0.421441640625 0.424429849609375 0.423473482421875 0.41830255078125 0.42497489453125 0.41518347265625 0.430795078125 0.41465411328125 0.434398884765625 0.411205798828125 0.43879266796875 0.4105702265625 0.440427390625 0.410294345703125 0.441166361328125 0.412399087890625 0.441233095703125 0.41382023046875 0.440789322265625 0.415926908203125 0.442976681640625 0.419010736328125 0.44481878515625 0.414171361328125 0.443005419921875 0.407365107421875 0.4376520546875 0.4044476640625 0.431449107421875 0.408148046875 0.4243230625 0.41168472265625 0.421272005859375 0.41819643359375 0.420153740234375 0.423638630859375 0.41959083203125 0.433126693359375 0.4195675234375 0.44045433984375 0.422755740234375 0.44665588671875 0.428012474609375 0.450121357421875
1 0.826263837890625 0.79167051171875 0.830966486328125 0.76500045703125 0.837366275390625 0.74502496484375 0.839902384765625 0.732681533203125 0.83622186328125 0.724997908203125 0.82949980859375 0.7366032421875 0.82416716015625 0.758684931640625 0.81739647265625 0.79608762890625 0.826263837890625 0.79167051171875
3 0.821715873046875 0.179712451171875 0.821005880859375 0.1847048203125 0.82149499609375 0.186097017578125 0.8231861875 0.189007123046875 0.8265439765625 0.188293240234375 0.828647521484375 0.1855294921875 0.828247802734375 0.183630302734375 0.828409953125 0.18104605078125 0.82592557421875 0.179302037109375 0.823592958984375 0.1783679765625 0.821715873046875 0.179712451171875