7 0.181678564453125 0.12812154296875 0.185735787109375 0.151299318359375 0.191642564453125 0.16995714453125 0.205905458984375 0.187460400390625 0.217589041015625 0.184358673828125 0.218367779296875 0.16480730859375 0.205988185546875 0.15075834765625 0.20486076953125 0.125462734375 0.203062166015625 0.1036200859375 0.192384923828125 0.101544640625 0.18391287109375 0.10885311328125 0.181678564453125 0.12812154296875
2 0.25886816796875 0.4264807890625 0.2650035078125 0.405284248046875 0.26512887890625 0.386501033203125 0.249783341796875 0.379936619140625 0.23744621875 0.38380740625 0.229184298828125 0.408173068359375 0.2316532265625 0.426564470703125 0.23645305078125 0.4355575859375 0.243625548828125 0.440503138671875 0.25886816796875 0.4264807890625
2 0.662456703125 0.270289814453125 0.655751236328125 0.255552548828125 0.646044375 0.2536657265625 0.633168279296875 0.265492814453125 0.628321353515625 0.287834947265625 0.6324145390625 0.305646923828125 0.64809790234375 0.30962173828125 0.65951524609375 0.2983770078125 0.662456703125 0.270289814453125
7 0.446736193359375 0.214028990234375 0.45553261328125 0.2309639375 0.458996921875 0.270146708984375 0.450663923828125 0.30524507421875 0.434450591796875 0.331647625 0.41472567578125 0.350203560546875 0.396828658203125 0.361948888671875 0.367672447265625 0.3616552265625 0.351056828125 0.351260501953125 0.340343451171875 0.354551763671875 0.334411912109375 0.369519037109375 0.333986662109375 0.3846614765625 0.347073404296875 0.38989167578125 0.365905349609375 0.383700865234375 0.39573290625 0.380543482421875 0.429232357421875 0.361083498046875 0.44527802734375 0.335543509765625 0.4635216875 0.296102701171875 0.468565236328125 0.2442437421875 0.46260237109375 0.215321818359375 0.437879146484375 0.1818581015625 0.43342184765625 0.1944246015625 0.446736193359375 0.214028990234375
6 0.541263779296875 0.22523831640625 0.51522301953125 0.219281357421875 0.492022833984375 0.224623064453125 0.4683194765625 0.232553359375 0.452045693359375 0.2437190625 0.438228001953125 0.226704169921875 0.434555595703125 0.24300666796875 0.44096118359375 0.25410315625 0.456324189453125 0.257984572265625 0.475977341796875 0.250162146484375 0.486363619140625 0.243937919921875 0.50081925390625 0.241558013671875 0.51847752734375 0.241407947265625 0.5381906171875 0.248822271484375 0.55574116796875 0.264771513671875 0.5732204609375 0.2914543671875 0.58607428125 0.3315661796875 0.597926216796875 0.327601083984375 0.59164582421875 0.297722287109375 0.57362071484375 0.25570918359375 0.541263779296875 0.22523831640625
5 0.53175700390625 0.561773171875 0.537491580078125 0.576321716796875 0.550781615234375 0.57532255078125 0.5589719453125 0.561689490234375 0.559097142578125 0.54290718359375 0.54962919921875 0.52942419140625 0.541264359375 0.520633255859375 0.53148624609375 0.529480044921875 0.53171453515625 0.54385342578125 0.53175700390625 0.561773171875
2 0.440553216796875 0.6915249453125 0.424422787109375 0.681224533203125 0.413320294921875 0.69429152734375 0.410169216796875 0.70532162890625 0.41722851171875 0.722024560546875 0.431638443359375 0.71665885546875 0.443225947265625 0.70368708203125 0.440553216796875 0.6915249453125
7 0.203883568359375 0.616862072265625 0.178146984375 0.56528988671875 0.161314212890625 0.51455233203125 0.158088826171875 0.463773390625 0.162233072265625 0.400993107421875 0.1503634921875 0.407642111328125 0.15164076953125 0.43475715625 0.147321837890625 0.47511435546875 0.145872775390625 0.498116966796875 0.1478653125 0.5135463828125 0.164838970703125 0.568971951171875 0.1820969921875 0.60456706640625 0.2099779609375 0.650288142578125 0.211291376953125 0.67203648046875 0.224959208984375 0.687231943359375 0.236511263671875 0.67962606640625 0.24098671875 0.664375759765625 0.23510194921875 0.648006779296875 0.222686728515625 0.639324623046875 0.203883568359375 0.616862072265625
7 0.671788873046875 0.699753525390625 0.65751680859375 0.726533421875 0.643431080078125 0.74976705078125 0.600716287109375 0.790720974609375 0.56508923046875 0.81334987890625 0.532596294921875 0.82763177734375 0.517999865234375 0.830168248046875 0.505345216796875 0.8330821640625 0.495195634765625 0.849020779296875 0.492344099609375 0.86369065234375 0.510786931640625 0.867275576171875 0.523459560546875 0.86167876171875 0.529055591796875 0.848437513671875 0.553411978515625 0.839738060546875 0.591016265625 0.812120703125 0.62930869921875 0.778367283203125 0.658997201171875 0.747420009765625 0.675899525390625 0.714882505859375 0.69334715625 0.69767515234375 0.69084208984375 0.684650453125 0.671788873046875 0.699753525390625
6 0.4883807734375 1 0.498668994140625 0.9840316484375 0.5130907421875 0.95907209375 0.5278298359375 0.93507031640625 0.550017173828125 0.91162023828125 0.566008724609375 0.8941298515625 0.577464525390625 0.876654841796875 0.572311216796875 0.872070654296875 0.554696099609375 0.890139658203125 0.524690072265625 0.920130060546875 0.510771498046875 0.942501029296875 0.49114283203125 0.970926099609375 0.479315720703125 0.9954948515625 0.478440009765625 1 0.4883807734375 1
5 0.847752123046875 0.46303338671875 0.845133 0.44282154296875 0.83991957421875 0.423001515625 0.832039927734375 0.414304892578125 0.820134384765625 0.4263196953125 0.814670392578125 0.4440651875 0.81582226171875 0.46107621875 0.832095744140625 0.478796736328125 0.847752123046875 0.46303338671875
5 1 0.35164121484375 0.9884160390625 0.353497888671875 0.974251705078125 0.364178474609375 0.9702614375 0.379523095703125 0.97149624609375 0.388718390625 0.9776829140625 0.397859400390625 0.991377689453125 0.395269345703125 1 0.388501267578125 1 0.35164121484375
2 0.90285075390625 0.58121242578125 0.903683099609375 0.553611359375 0.89354465625 0.54358051953125 0.879433416015625 0.546211302734375 0.87008705859375 0.56320119921875 0.86915863671875 0.580932224609375 0.875222474609375 0.598525458984375 0.891227623046875 0.59955100390625 0.90285075390625 0.58121242578125
7 0.938322787109375 0.116284138671875 0.920353830078125 0.138763884765625 0.8786455546875 0.1745397265625 0.815253798828125 0.231176248046875 0.76837456640625 0.265051806640625 0.752603955078125 0.273628921875 0.75590769140625 0.29129593359375 0.78810581640625 0.269782322265625 0.844128111328125 0.225146234375 0.890893109375 0.184084439453125 0.92459636328125 0.15839519140625 0.932529619140625 0.159042111328125 0.94977395703125 0.148064123046875 0.962182669921875 0.133460734375 0.960048736328125 0.113343203125 0.950845044921875 0.10886779296875 0.938322787109375 0.116284138671875
7 0.885816142578125 0.313851751953125 0.8881358984375 0.330422916015625 0.900322828125 0.324731689453125 0.89673332421875 0.3043312265625 0.9097164609375 0.276405638671875 0.929854802734375 0.268677525390625 0.9507893515625 0.238715048828125 0.959237091796875 0.21080301953125 0.9553477109375 0.186761779296875 0.947629396484375 0.153916142578125 0.942829572265625 0.14492302734375 0.934243287109375 0.145045267578125 0.923536240234375 0.17162298046875 0.911673677734375 0.20155762890625 0.900085484375 0.2145302109375 0.88939710546875 0.23842421484375 0.887498302734375 0.255966619140625 0.8982314453125 0.26154863671875 0.9072050625 0.240094490234375 0.919385150390625 0.2111167109375 0.93764696875 0.16899209765625 0.94353173828125 0.185361080078125 0.948392189453125 0.2095901328125 0.94193932421875 0.229829802734375 0.92755371484375 0.249422654296875 0.90997387109375 0.262126669921875 0.896726482421875 0.281044673828125 0.885816142578125 0.313851751953125
7 0.878502904296875 1 0.88078721484375 0.9934939453125 0.882032779296875 0.979707951171875 0.8938513984375 0.94842439453125 0.89644995703125 0.927675111328125 0.89183090625 0.9170013515625 0.8806802890625 0.9288610546875 0.874557951171875 0.95912669921875 0.873651599609375 0.97977950390625 0.868280171875 1 0.878502904296875 1
7 0.7885425625 1 0.794953662109375 0.928350748046875 0.789026802734375 0.92932383984375 0.7838464296875 0.96827415234375 0.7820468984375 1 0.7885425625 1
2 0.188856576171875 0.85848878125 0.17604044140625 0.8542657578125 0.166370708984375 0.87143709765625 0.166104833984375 0.887839578125 0.1726506328125 0.8942404375 0.18675428125 0.891853423828125 0.192200125 0.8738601015625 0.188856576171875 0.85848878125
7 0.71556772265625 1 0.715830173828125 0.979225015625 0.709836662109375 0.959700455078125 0.705405919921875 0.89762848046875 0.7011800625 0.8972315234375 0.68067923046875 0.962109927734375 0.68031841796875 0.970115953125 0.686521376953125 0.97387225 0.693591830078125 0.974396732421875 0.6948368828125 0.960610640625 0.694788287109375 0.944873341796875 0.701689818359375 0.91305846484375 0.698378859375 0.98297798828125 0.698817216796875 0.997941177734375 0.699500265625 1 0.71556772265625 1
1 0.201638841796875 0.15878424609375 0.201922595703125 0.162232294921875 0.2022593515625 0.16540766796875 0.207139544921875 0.169748232421875 0.211866693359375 0.17405998828125 0.212091994140625 0.178627638671875 0.20867385546875 0.177397267578125 0.205384373046875 0.172234943359375 0.19920028515625 0.163965060546875 0.1971763515625 0.153110935546875 0.194855390625 0.156051736328125 0.19759270703125 0.16732750390625 0.201754400390625 0.172094357421875 0.207573275390625 0.181424216796875 0.211244837890625 0.1829858828125 0.213718666015625 0.180074796875 0.21384698828125 0.1761418359375 0.2119365625 0.171246630859375 0.20636002734375 0.16394283203125 0.203577212890625 0.15944400390625 0.201638841796875 0.15878424609375
4 0.95402998046875 0.213655380859375 0.953019474609375 0.2197683984375 0.9517195 0.2264561875 0.926723265625 0.261032125 0.9182556484375 0.264433548828125 0.9071322890625 0.27236705859375 0.896235484375 0.2891772578125 0.893234490234375 0.302789927734375 0.8916265625 0.31288809765625 0.892641634765625 0.323181080078125 0.89469978125 0.32263505859375 0.895068283203125 0.301569259765625 0.899943775390625 0.289267037109375 0.91158976953125 0.271340392578125 0.916573447265625 0.26852383203125 0.922575763671875 0.26685136328125 0.9289331796875 0.2633548046875 0.93331707421875 0.2563194375 0.953718125 0.22621364453125 0.956022498046875 0.21435867578125 0.955270767578125 0.207272076171875 0.947723802734375 0.1666854296875 0.943425896484375 0.15228503515625 0.939217357421875 0.15020490234375 0.93636338671875 0.150281185546875 0.93340462109375 0.1582010234375 0.922773701171875 0.18642065234375 0.9119639375 0.20857528125 0.91171036328125 0.210477587890625 0.913749693359375 0.212766166015625 0.928561509765625 0.18220497265625 0.9373705 0.1533161484375 0.939309939453125 0.15337808984375 0.94101960546875 0.153710416015625 0.94514675 0.168077619140625 0.9503886796875 0.19496534765625 0.95402998046875 0.213655380859375
4 0.7004951015625 0.901705244140625 0.697260544921875 0.911352341796875 0.69378313671875 0.924577169921875 0.688564482421875 0.942097751953125 0.686300216796875 0.953746392578125 0.6836334765625 0.965718630859375 0.6850719140625 0.974057416015625 0.6901696796875 0.974644607421875 0.691831466796875 0.971341748046875 0.692820732421875 0.96508688671875 0.69244996875 0.96058245703125 0.693121095703125 0.95829534375 0.69365754296875 0.954370029296875 0.691364521484375 0.953924310546875 0.690307830078125 0.95936052734375 0.690079244140625 0.96636693359375 0.6893999296875 0.96986170703125 0.68808955859375 0.969606998046875 0.686199697265625 0.968836876953125 0.68603539453125 0.966185515625 0.68724680859375 0.95936920703125 0.689346595703125 0.94507011328125 0.694939673828125 0.931450990234375 0.699880775390625 0.9118616640625 0.701806869140625 0.9071990703125 0.70269404296875 0.910796484375 0.70261078515625 0.92871065625 0.700043890625 0.9529929296875 0.70045403515625 0.962541060546875 0.702262796875 0.96907569140625 0.705385056640625 0.966319888671875 0.7047700234375 0.96015689453125 0.703720810546875 0.94806603515625 0.70441752734375 0.931076646484375 0.705884880859375 0.92410917578125 0.7054695 0.90992580859375 0.703480681640625 0.902084669921875 0.7023973203125 0.900664830078125 0.7004951015625 0.901705244140625