7 0.95573553515625 0.1530125390625 0.962859833984375 0.139766392578125 0.9577293359375 0.119735607421875 0.94895546484375 0.099386072265625 0.933067498046875 0.081678404296875 0.916613375 0.07044789453125 0.89043343359375 0.081211751953125 0.866763439453125 0.105249505859375 0.85614769921875 0.142668525390625 0.856390787109375 0.181852708984375 0.870304998046875 0.211626859375 0.893631185546875 0.217747048828125 0.9056533515625 0.211456095703125 0.91215004296875 0.1948898359375 0.90949890625 0.18323572265625 0.901220955078125 0.1939336640625 0.88982595703125 0.20354376171875 0.8697284609375 0.19199449609375 0.865194625 0.170384708984375 0.8645167265625 0.146664064453125 0.871691732421875 0.1171037734375 0.88547457421875 0.1011758984375 0.9028605234375 0.091273873046875 0.918839466796875 0.08696030078125 0.927906517578125 0.09346511328125 0.935951861328125 0.106407228515625 0.93600251171875 0.126809650390625 0.9397363671875 0.14182276171875 0.947680349609375 0.150676595703125 0.95573553515625 0.1530125390625
7 0.911560654296875 0.304895962890625 0.92168255078125 0.30097526171875 0.928493001953125 0.28606951953125 0.92483984375 0.259640369140625 0.919425931640625 0.242849064453125 0.90341695703125 0.16883325 0.89171845703125 0.129461986328125 0.872319478515625 0.0837063984375 0.84971203515625 0.05888323828125 0.825465400390625 0.02657391015625 0.813655716796875 0.03043617578125 0.829077771484375 0.058710111328125 0.85602669140625 0.086360376953125 0.87114518359375 0.102369515625 0.878157859375 0.1323559296875 0.8907370390625 0.16690783203125 0.9027489453125 0.207937720703125 0.90680650390625 0.250719900390625 0.903173513671875 0.276510666015625 0.905956435546875 0.29715212890625 0.911560654296875 0.304895962890625
7 0.865783138671875 0.714378283203125 0.883299935546875 0.750178240234375 0.890697806640625 0.744298779296875 0.872978369140625 0.700321341796875 0.86540878125 0.66620679296875 0.865428884765625 0.60827978125 0.8668663515625 0.5341581953125 0.8752254140625 0.47532954296875 0.883381939453125 0.445038125 0.889534640625 0.421916009765625 0.882157412109375 0.406584146484375 0.874132810546875 0.409145427734375 0.8676661875 0.430608869140625 0.864133955078125 0.460488791015625 0.858072275390625 0.53502094921875 0.853923259765625 0.587691248046875 0.8531641875 0.648817880859375 0.865783138671875 0.714378283203125
2 0.805794357421875 0.324840755859375 0.813303013671875 0.349158083984375 0.813758564453125 0.349197939453125 0.82161146875 0.343358291015625 0.82551751953125 0.324934171875 0.81778609765625 0.31365073046875 0.805794357421875 0.324840755859375
7 0.91032192578125 0.8346845625 0.915250798828125 0.809822310546875 0.91972351953125 0.784921080078125 0.923629568359375 0.766496962890625 0.914076978515625 0.755054189453125 0.90453365625 0.769721767578125 0.89360458984375 0.80548123828125 0.87348647265625 0.8518589375 0.845809068359375 0.890232533203125 0.81542987890625 0.89654958984375 0.78198434765625 0.885464662109375 0.779899466796875 0.904048111328125 0.809357712890625 0.908257509765625 0.833422349609375 0.91117803125 0.85413775 0.89993608984375 0.87473104296875 0.869102470703125 0.890386283203125 0.83701983203125 0.896579431640625 0.84490441796875 0.905828978515625 0.84408244140625 0.91032192578125 0.8346845625
2 0.921329666015625 1 0.9202708359375 0.993707724609375 0.9112337734375 0.992101015625 0.90824790234375 1 0.921329666015625 1
5 0.238521236328125 0.902242203125 0.245746453125 0.8930833671875 0.245281037109375 0.866934037109375 0.230516736328125 0.84687647265625 0.2194759296875 0.852438146484375 0.2180591640625 0.86863184375 0.2236452109375 0.888702482421875 0.238521236328125 0.902242203125
7 0.31825960546875 0.5572773125 0.33556812890625 0.546306138671875 0.3443381875 0.542425173828125 0.358303603515625 0.519169587890625 0.370679939453125 0.472114568359375 0.377693173828125 0.4286688203125 0.388187330078125 0.371658169921875 0.394319884765625 0.333031783203125 0.400057982421875 0.30416091796875 0.3936823359375 0.30360312109375 0.389917916015625 0.32040842578125 0.386831474609375 0.36093344921875 0.37606382421875 0.410576484375 0.366450185546875 0.462769619140625 0.3555511875 0.503426271484375 0.330544962890625 0.53224353125 0.319363046875 0.539424064453125 0.297635703125 0.5464980625 0.290532048828125 0.53853288671875 0.275747025390625 0.5396875703125 0.265718162109375 0.5494171875 0.264716599609375 0.571358759765625 0.27766957421875 0.58065082421875 0.29569305078125 0.563461818359375 0.31825960546875 0.5572773125
7 0.366744125 0.307305501953125 0.370122521484375 0.34603621875 0.375207125 0.3679181953125 0.381886353515625 0.4174564296875 0.383090162109375 0.477122654296875 0.371776419921875 0.54874804296875 0.35785137109375 0.60301125390625 0.356373615234375 0.646124294921875 0.365147486328125 0.666473830078125 0.372514931640625 0.65569530078125 0.36452021875 0.626439966796875 0.3734225234375 0.57713657421875 0.388379638671875 0.50582994140625 0.389502662109375 0.43004963671875 0.38457478515625 0.381480693359375 0.383491966796875 0.3414069765625 0.386497791015625 0.312297068359375 0.382905044921875 0.29566509375 0.372714927734375 0.291509302734375 0.366744125 0.307305501953125
7 0.421218677734375 0.042518828125 0.403397662109375 0.0764568046875 0.401572125 0.0855024921875 0.387009046875 0.104539935546875 0.37539568359375 0.127767078125 0.364066681640625 0.177229017578125 0.36319683203125 0.233502529296875 0.369064427734375 0.30543487109375 0.370998587890625 0.342297419921875 0.376931078125 0.346091873046875 0.376151103515625 0.3086759609375 0.370454212890625 0.205307392578125 0.3808081015625 0.145931998046875 0.409743958984375 0.09404072265625 0.42837325390625 0.0743254609375 0.43797447265625 0.048592115234375 0.4273036875 0.038946689453125 0.421218677734375 0.042518828125
2 0.12042339453125 0.0629760078125 0.126518451171875 0.07333832421875 0.13088246484375 0.0697885 0.13398690234375 0.059576689453125 0.13349136328125 0.04839465625 0.1235602109375 0.0481810625 0.12042339453125 0.0629760078125
6 0.02725840625 0.1997767109375 0.039198173828125 0.19434387890625 0.05581844921875 0.184468744140625 0.067906939453125 0.17658305859375 0.084660509765625 0.16135379296875 0.097162634765625 0.14873429296875 0.107794326171875 0.138335224609375 0.109857732421875 0.122417453125 0.104778501953125 0.107663068359375 0.088624185546875 0.112212251953125 0.079389859375 0.13346515234375 0.068624873046875 0.149218349609375 0.053741814453125 0.162226259765625 0.0445738359375 0.167386671875 0.032641130859375 0.17349769921875 0.0268055 0.177757150390625 0.024890091796875 0.199650373046875 0.02725840625 0.1997767109375
7 0.427574216796875 0.536192064453125 0.435207380859375 0.521898318359375 0.441893482421875 0.501846412109375 0.433870453125 0.484119517578125 0.42544434765625 0.4942161484375 0.418149759765625 0.52453371484375 0.4137924765625 0.54117747265625 0.39871173046875 0.5842269140625 0.39293328515625 0.6270585 0.39911966796875 0.6657783515625 0.415876017578125 0.6997467265625 0.440873412109375 0.7091565703125 0.47256331640625 0.691808068359375 0.49596137890625 0.65980519140625 0.48524490234375 0.656287431640625 0.469012802734375 0.6760200234375 0.448711365234375 0.689205439453125 0.430124875 0.69273878125 0.415678130859375 0.675481587890625 0.402485623046875 0.643888416015625 0.404271056640625 0.6068977109375 0.408532859375 0.57476818359375 0.41818764453125 0.553944302734375 0.422960931640625 0.542495458984375 0.427574216796875 0.536192064453125
7 0.5280549765625 0.63784841015625 0.535291369140625 0.621456541015625 0.531030044921875 0.607153865234375 0.521574146484375 0.60581073046875 0.51170770703125 0.61578134765625 0.501323400390625 0.634993849609375 0.485539267578125 0.64960618359375 0.466178466796875 0.652040078125 0.451680529296875 0.64200126171875 0.438225712890625 0.6299893671875 0.430612265625 0.600947708984375 0.427868025390625 0.575943939453125 0.432340521484375 0.554666666015625 0.438617623046875 0.52271252734375 0.4563726875 0.485572357421875 0.4541463359375 0.474542828125 0.448272908203125 0.47867256640625 0.434036298828125 0.51870075 0.425942443359375 0.55152671875 0.423088392578125 0.5708821796875 0.42494362890625 0.599420064453125 0.427579060546875 0.622350904296875 0.431750806640625 0.637677447265625 0.437521248046875 0.647985337890625 0.4517952421875 0.660583822265625 0.459121228515625 0.6663842109375 0.47389430078125 0.666644984375 0.50241073046875 0.655725841796875 0.50585293359375 0.646224880859375 0.5133837109375 0.64636788671875 0.52065216015625 0.642876048828125 0.5280549765625 0.63784841015625
7 0.327045568359375 0.643994341796875 0.339065408203125 0.635937205078125 0.34208146484375 0.624673876953125 0.347801294921875 0.618983146484375 0.357110521484375 0.612058890625 0.376350283203125 0.597747955078125 0.389645158203125 0.591688251953125 0.410708099609375 0.593015166015625 0.4219749453125 0.600192041015625 0.434572796875 0.605421955078125 0.434604837890625 0.595105859375 0.426882599609375 0.5872073984375 0.409128017578125 0.577915365234375 0.38947925390625 0.580324064453125 0.37321517578125 0.587155703125 0.34183194921875 0.6076261484375 0.32135819921875 0.61615382421875 0.311447494140625 0.626636419921875 0.31256037890625 0.64375968359375 0.327045568359375 0.643994341796875
7 0.3943685 0.62143440625 0.386195970703125 0.63111265625 0.383099265625 0.649931037109375 0.386656181640625 0.659012638671875 0.39427653515625 0.65813177734375 0.404942400390625 0.645650912109375 0.409184552734375 0.633639748046875 0.414865998046875 0.621754505859375 0.421130208984375 0.603214177734375 0.42165500390625 0.58726589453125 0.4137092421875 0.55871194140625 0.388098599609375 0.47340799609375 0.370376556640625 0.43058379296875 0.362078392578125 0.422634943359375 0.360689791015625 0.43850672265625 0.37322312109375 0.464367853515625 0.3842468125 0.494223724609375 0.396485857421875 0.52676518359375 0.399147365234375 0.546087341796875 0.4109256171875 0.5739458203125 0.415160865234375 0.591857177734375 0.41122590625 0.606990330078125 0.406478255859375 0.614829521484375 0.3943685 0.62143440625
7 0.456527345703125 0.4174841484375 0.471335037109375 0.417349208984375 0.47341213671875 0.41019096484375 0.475529740234375 0.39593051953125 0.468562580078125 0.386034708984375 0.456470228515625 0.384976765625 0.450641671875 0.3885936484375 0.44454378515625 0.3952830078125 0.4168080703125 0.400595154296875 0.37159875 0.42656390625 0.35073421484375 0.449502173828125 0.336568548828125 0.4854088203125 0.33532013671875 0.516255357421875 0.343093587890625 0.540151568359375 0.355269111328125 0.546892087890625 0.37057972265625 0.54100873828125 0.381501572265625 0.51565211328125 0.384048427734375 0.4931746640625 0.374668857421875 0.504219580078125 0.369556416015625 0.52286160546875 0.362972697265625 0.5284767578125 0.351168310546875 0.5274440078125 0.34586446484375 0.515113529296875 0.345864447265625 0.49189740625 0.35209027734375 0.467162564453125 0.362077892578125 0.44585101953125 0.378547279296875 0.433362046875 0.397562419921875 0.421612578125 0.426277236328125 0.411742494140625 0.4441534375 0.40969456640625 0.456527345703125 0.4174841484375
7 0.453872220703125 0.511511466796875 0.457673068359375 0.502088357421875 0.462861009765625 0.48058740234375 0.462588841796875 0.466057462890625 0.454882873046875 0.46342304296875 0.4452168515625 0.485707986328125 0.4431693359375 0.51414887109375 0.441686251953125 0.53362241796875 0.4354379140625 0.5722814296875 0.426384451171875 0.6052056171875 0.41309602734375 0.648738109375 0.397263833984375 0.688580224609375 0.37683808203125 0.715413220703125 0.332710123046875 0.746053255859375 0.33307423828125 0.75196675390625 0.34110184765625 0.753452615234375 0.375209240234375 0.728993306640625 0.399135681640625 0.702466578125 0.414636423828125 0.66892882421875 0.42678672265625 0.635883341796875 0.43699293359375 0.594826826171875 0.444247630859375 0.55978409765625 0.449785779296875 0.5241989609375 0.453872220703125 0.511511466796875
7 0.411909908203125 0.42793896875 0.412984181640625 0.44841979296875 0.415667947265625 0.458063544921875 0.42189611328125 0.45743266796875 0.42402064453125 0.45330583203125 0.4253141796875 0.438520642578125 0.4225868203125 0.42181566796875 0.420087953125 0.412580326171875 0.419334912109375 0.3733087734375 0.4116441484375 0.320099890625 0.40226635546875 0.25341398828125 0.390587037109375 0.2004314921875 0.3868244296875 0.175402759765625 0.387511634765625 0.129744466796875 0.39456716796875 0.091940541015625 0.389593318359375 0.083272203125 0.381750384765625 0.117479 0.380276806640625 0.1620442265625 0.38277993359375 0.20146889453125 0.38863851171875 0.235306412109375 0.39558057421875 0.279432142578125 0.401988328125 0.31958972265625 0.408314509765625 0.36823917578125 0.41104632421875 0.3974904296875 0.412782111328125 0.412931955078125 0.411909908203125 0.42793896875
7 0.382712095703125 0.28288297265625 0.39688448828125 0.2872068515625 0.404138701171875 0.279891818359375 0.405281314453125 0.26430988671875 0.397648021484375 0.25580111328125 0.387802298828125 0.25493972265625 0.37429582421875 0.26316701171875 0.358596384765625 0.258656552734375 0.350136548828125 0.252035701171875 0.342503369140625 0.225884802734375 0.34127825 0.204606314453125 0.3412788828125 0.186964236328125 0.34535846484375 0.163012912109375 0.351839751953125 0.144369814453125 0.36506432421875 0.131805154296875 0.38751749609375 0.114558486328125 0.404670935546875 0.1125309765625 0.423783880859375 0.1032252578125 0.42379877734375 0.08793596875 0.4128003046875 0.095206908203125 0.399989318359375 0.09800656640625 0.38088094140625 0.10221644140625 0.35098465625 0.126421431640625 0.337900484375 0.16761932421875 0.33132645703125 0.212522787109375 0.339853576171875 0.253650255859375 0.356496318359375 0.27510091015625 0.37246812109375 0.27649826171875 0.382712095703125 0.28288297265625
7 0.357778263671875 0.411644263671875 0.367248248046875 0.405458125 0.3709118046875 0.40012007421875 0.382960232421875 0.403526646484375 0.39828470703125 0.4123170078125 0.40996321875 0.4325488828125 0.41752312109375 0.46457501171875 0.419370533203125 0.48630017578125 0.414113845703125 0.52622171875 0.4009373203125 0.55839387890625 0.3835993046875 0.5776560703125 0.380521189453125 0.59267643359375 0.403737876953125 0.569224548828125 0.42239759375 0.529817560546875 0.42855847265625 0.494680068359375 0.425481294921875 0.45677318359375 0.4161707890625 0.424593896484375 0.4012349765625 0.39623609765625 0.375845822265625 0.386565189453125 0.36359823046875 0.38039741796875 0.34855513671875 0.375944380859375 0.34072256640625 0.382316533203125 0.338923607421875 0.3978410390625 0.34467007421875 0.407753671875 0.357778263671875 0.411644263671875
7 0.39961672265625 0.1876847890625 0.4007358203125 0.158603142578125 0.396298470703125 0.140324625 0.386440240234375 0.141847142578125 0.383836853515625 0.160106390625 0.389922779296875 0.194034439453125 0.38322153125 0.266799501953125 0.373732431640625 0.31009927734375 0.363540294921875 0.36526534375 0.350264671875 0.405848841796875 0.33888205078125 0.447790455078125 0.336434009765625 0.464274076171875 0.342787171875 0.46065476171875 0.361713240234375 0.4014828125 0.37816175 0.336130673828125 0.389995873046875 0.277530759765625 0.39941115625 0.2044064296875 0.39961672265625 0.1876847890625
7 0.413278 0.321396298828125 0.4223193359375 0.290750091796875 0.419371017578125 0.28254059375 0.416499720703125 0.27430530078125 0.410855654296875 0.273811509765625 0.40431399609375 0.2801590390625 0.397738951171875 0.297148787109375 0.395349162109375 0.310779408203125 0.393685455078125 0.329795658203125 0.38629849609375 0.359489837890625 0.3737489765625 0.41055613671875 0.363873099609375 0.4618563515625 0.35296106640625 0.49763032421875 0.3308729609375 0.53455405859375 0.3392496015625 0.544868751953125 0.349131970703125 0.53455469921875 0.364842763671875 0.498669837890625 0.375484158203125 0.459146900390625 0.380508228515625 0.41540629296875 0.39204101171875 0.375961341796875 0.40284106640625 0.338049103515625 0.413278 0.321396298828125
4 0.911573458984375 0.795448037109375 0.915032173828125 0.781856095703125 0.918459890625 0.7768413125 0.919280123046875 0.767466013671875 0.9167752890625 0.761932203125 0.91241048828125 0.766273861328125 0.9085796953125 0.7683004765625 0.89993042578125 0.798839705078125 0.879855349609375 0.8460939375 0.861977787109375 0.875825796875 0.849212173828125 0.8888813984375 0.836578091796875 0.89663291015625 0.81968925390625 0.899878859375 0.79406288671875 0.8929133125 0.790335103515625 0.89376851953125 0.80949439453125 0.902530037109375 0.830360279296875 0.903175146484375 0.842408068359375 0.898324314453125 0.853877125 0.888698390625 0.866467001953125 0.873856787109375 0.8789618671875 0.852511783203125 0.897535328125 0.8110310546875 0.905848087890625 0.788138818359375 0.911187017578125 0.772662837890625 0.913574556640625 0.76814726171875 0.916540830078125 0.76840677734375 0.909392658203125 0.79317245703125 0.911573458984375 0.795448037109375
8 0.381128228515625 0.35141125390625 0.37939526953125 0.345540654296875 0.377261490234375 0.348637765625 0.376889111328125 0.35550551953125 0.3771305546875 0.357962765625 0.379164986328125 0.363417314453125 0.38140019921875 0.358742484375 0.381128228515625 0.35141125390625