7 0.278765787109375 0 0.275644259765625 0.047219064453125 0.269784736328125 0.100714828125 0.267393025390625 0.143288841796875 0.258627328125 0.180037078125 0.259462603515625 0.20787694140625 0.275131919921875 0.2072793203125 0.28453131640625 0.1769132890625 0.28345573046875 0.14526109375 0.288913361328125 0.0488483046875 0.290483830078125 0 0.278765787109375 0
7 0.115084783203125 0.63895322265625 0.115180861328125 0.57466350390625 0.11866436328125 0.53474512109375 0.148155916015625 0.4677603125 0.1600844140625 0.422574443359375 0.146421923828125 0.418375328125 0.1248288984375 0.478765234375 0.1045686015625 0.545622244140625 0.099535736328125 0.58661164453125 0.10208032421875 0.628339263671875 0.1063837890625 0.6694050078125 0.112717265625 0.692877751953125 0.120295091796875 0.717763603515625 0.126628681640625 0.7412354296875 0.142498943359375 0.762096318359375 0.15528627734375 0.756101685546875 0.15554290625 0.73091653125 0.144649826171875 0.71570991015625 0.1304177109375 0.698832986328125 0.115084783203125 0.63895322265625
6 0.16503918359375 0.745951646484375 0.168664166015625 0.786192443359375 0.174375712890625 0.8315730625 0.178815044921875 0.876246142578125 0.17618239453125 0.91500867578125 0.168274587890625 0.9620912734375 0.178051685546875 0.96329175 0.187460359375 0.8924380234375 0.19152969140625 0.83620087890625 0.18274750390625 0.792254884765625 0.17573183203125 0.7396998203125 0.16503918359375 0.745951646484375
6 0 0.8834121875 0.01240190625 0.834379337890625 0.033842369140625 0.775231953125 0.051180802734375 0.720624048828125 0.040528552734375 0.70922982421875 0.02851167578125 0.7493616953125 0.008620578125 0.807438064453125 0 0.840094791015625 0 0.8834121875
5 0.269298712890625 0.702944525390625 0.277870162109375 0.707233126953125 0.285576439453125 0.69782344140625 0.2884406328125 0.6774623984375 0.27985198828125 0.6466331328125 0.269858828125 0.647995798828125 0.264116955078125 0.66466846484375 0.26417606640625 0.69131223046875 0.269298712890625 0.702944525390625
7 0.45949656640625 0.6596053984375 0.43897829296875 0.637020767578125 0.4308186640625 0.62048458203125 0.423198646484375 0.614370546875 0.41415743359375 0.613907845703125 0.407011544921875 0.624681171875 0.4062409609375 0.636884705078125 0.413514640625 0.648781115234375 0.42479802734375 0.654697537109375 0.434478455078125 0.65588614453125 0.451028169921875 0.666332765625 0.46133883203125 0.683133064453125 0.47415134765625 0.715127443359375 0.47741957421875 0.753718017578125 0.473471658203125 0.788832888671875 0.458096560546875 0.825134349609375 0.440455177734375 0.84432746875 0.425098703125 0.854292298828125 0.426835298828125 0.863367880859375 0.44024498046875 0.857894646484375 0.454235419921875 0.84472556640625 0.473142517578125 0.8211559296875 0.48277294921875 0.799036935546875 0.4889502109375 0.763548373046875 0.490960623046875 0.735315345703125 0.47683366015625 0.684388171875 0.45949656640625 0.6596053984375
7 0.431294666015625 0.91893385546875 0.438646658203125 0.9301924609375 0.4481735625 0.933157078125 0.45522905859375 0.9374069375 0.4613239140625 0.938155291015625 0.472863125 0.933098876953125 0.476456126953125 0.91865315234375 0.465160314453125 0.906910306640625 0.4536301953125 0.897080013671875 0.44430853125 0.89593545703125 0.43424908203125 0.903761369140625 0.431294666015625 0.91893385546875
2 0.20285828125 0.918021923828125 0.191632833984375 0.920527189453125 0.186885228515625 0.93547856640625 0.19005846484375 0.948166341796875 0.195168685546875 0.9539722109375 0.20683120703125 0.95087319140625 0.208664623046875 0.9329752578125 0.20285828125 0.918021923828125
2 0.2126409375 0.00547230859375 0.19970090625 0.007120564453125 0.190437296875 0.014396775390625 0.1895100859375 0.027875916015625 0.195729087890625 0.035887052734375 0.20793090234375 0.037904861328125 0.21319337890625 0.0217218671875 0.2126409375 0.00547230859375
2 0.208882904296875 0.240592796875 0.207782390625 0.228806939453125 0.2013619765625 0.224782453125 0.19181780078125 0.23137773046875 0.18897449609375 0.24267934765625 0.190746392578125 0.25195890234375 0.195912400390625 0.256724931640625 0.204168501953125 0.252312091796875 0.208882904296875 0.240592796875
7 0.621084162109375 0.16501134375 0.595142689453125 0.195484423828125 0.570396046875 0.20733280859375 0.558173654296875 0.20906824609375 0.54576091796875 0.21531130859375 0.53478272265625 0.221730509765625 0.529116369140625 0.235275173828125 0.530810470703125 0.24519259375 0.537152576171875 0.2498548828125 0.551044443359375 0.24638217578125 0.55718809765625 0.237993369140625 0.563106474609375 0.225208228515625 0.583607955078125 0.22125317578125 0.61278855078125 0.19700364453125 0.64188646484375 0.15267865625 0.656688751953125 0.109187125 0.66003859765625 0.055228353515625 0.66085253515625 0.015995294921875 0.65296489453125 0.015026814453125 0.65293396875 0.047882763671875 0.65272813671875 0.08216319921875 0.64158973828125 0.1254571796875 0.621084162109375 0.16501134375
7 0.664597822265625 0.21372091796875 0.66743676171875 0.181706041015625 0.678365478515625 0.15197930078125 0.691672111328125 0.1354901015625 0.70966390625 0.13122596484375 0.724128474609375 0.13494424609375 0.735379177734375 0.1440928125 0.74619228515625 0.153835068359375 0.75337097265625 0.139828677734375 0.72772210546875 0.1204976640625 0.710389380859375 0.11642815234375 0.695903923828125 0.121769296875 0.68138566796875 0.130343505859375 0.662817076171875 0.163015765625 0.656751330078125 0.19463444140625 0.658037056640625 0.237511658203125 0.664305216796875 0.263525009765625 0.67774005078125 0.29000225390625 0.681993013671875 0.303238666015625 0.68904418359375 0.32287491015625 0.703834314453125 0.329869322265625 0.71034098828125 0.318370091796875 0.70982175 0.29888844921875 0.70155060546875 0.286222150390625 0.688351123046875 0.27812820703125 0.66819955859375 0.2407017109375 0.664597822265625 0.21372091796875
7 0.90161025 0.254449794921875 0.8709956328125 0.278523251953125 0.8170689140625 0.314621232421875 0.775521615234375 0.34770915234375 0.756276642578125 0.3621753125 0.73873383203125 0.37167205859375 0.729025087890625 0.39442885546875 0.73124648828125 0.40894108203125 0.742282107421875 0.410943501953125 0.750470572265625 0.40353434765625 0.760948994140625 0.38676598828125 0.772703048828125 0.3706645390625 0.79758105859375 0.345886716796875 0.838704111328125 0.319219955078125 0.87122251171875 0.291496677734375 0.888720326171875 0.279404732421875 0.910330265625 0.272349623046875 0.927440998046875 0.284159033203125 0.929834916015625 0.26762382421875 0.90161025 0.254449794921875
6 0.8564862265625 0.3285230625 0.853127259765625 0.28474386328125 0.849150755859375 0.28749176953125 0.8452564140625 0.31031506640625 0.84721019140625 0.32997284765625 0.84950261328125 0.35477039453125 0.847548337890625 0.395388693359375 0.85623157421875 0.452119779296875 0.86639025 0.547221310546875 0.875947525390625 0.6027658125 0.881082080078125 0.62022446875 0.895138921875 0.600591224609375 0.88840894921875 0.56351785546875 0.8699341328125 0.45315482421875 0.858749044921875 0.38122966015625 0.8564862265625 0.3285230625
7 0.83914177734375 0.0785376171875 0.838465912109375 0.06033158203125 0.840473921875 0.03805002734375 0.822529751953125 0.038956048828125 0.82415796875 0.0553376953125 0.828888537109375 0.07015894140625 0.8383263515625 0.144459240234375 0.842756998046875 0.22396963671875 0.8413067265625 0.3098786171875 0.85052544921875 0.300006287109375 0.85348384765625 0.249235611328125 0.850479279296875 0.184787205078125 0.8468730625 0.137094072265625 0.83914177734375 0.0785376171875
2 0.855695587890625 0.05338512890625 0.856248685546875 0.03998692578125 0.8444177421875 0.038534267578125 0.84119093359375 0.03813806640625 0.83864291015625 0.049996486328125 0.83935197265625 0.064970439453125 0.84752267578125 0.063342955078125 0.855695587890625 0.05338512890625
2 0.611438966796875 0.570601693359375 0.616557625 0.56911628125 0.6203836640625 0.561781587890625 0.620804271484375 0.55240275390625 0.615435638671875 0.5447525703125 0.607342505859375 0.549611744140625 0.606792970703125 0.558484986328125 0.610091287109375 0.56704706640625 0.611438966796875 0.570601693359375
5 0.761121697265625 0.793596337890625 0.768990779296875 0.787506240234375 0.776623875 0.770401576171875 0.7810194453125 0.74962032421875 0.775046443359375 0.740686921875 0.76630291015625 0.74180001953125 0.76043846875 0.7520133046875 0.755711640625 0.775488154296875 0.755809353515625 0.78971443359375 0.761121697265625 0.793596337890625
7 0.803835732421875 0.754061814453125 0.799251478515625 0.73381798046875 0.7896726328125 0.72170756640625 0.779519505859375 0.72428758984375 0.77443046875 0.735690349609375 0.775199654296875 0.74945241015625 0.77963069921875 0.760930755859375 0.788791943359375 0.766428953125 0.796362693359375 0.767358525390625 0.8047964453125 0.778781673828125 0.833307021484375 0.819457578125 0.854114484375 0.860281927734375 0.86430319921875 0.88996058203125 0.871019845703125 0.915714619140625 0.872430546875 0.931414677734375 0.872702314453125 0.964249953125 0.869803306640625 0.992869236328125 0.8780173203125 0.9960644609375 0.881090482421875 0.93849132421875 0.8803456171875 0.904504623046875 0.862544978515625 0.854209453125 0.82704478125 0.78534009765625 0.803835732421875 0.754061814453125
7 0.958315650390625 0.792710521484375 0.950720986328125 0.812006572265625 0.94482148828125 0.837523171875 0.932903708984375 0.864488419921875 0.9280446328125 0.889040365234375 0.92874084375 0.915914416015625 0.934216427734375 0.943921037109375 0.944723029296875 0.96643782421875 0.9475160625 0.95375496875 0.939475517578125 0.933633421875 0.936053939453125 0.90642473828125 0.940202591796875 0.8801455625 0.9482605390625 0.85708065625 0.958562984375 0.845771357421875 0.96279193359375 0.829342984375 0.967817802734375 0.78841056640625 0.958315650390625 0.792710521484375
6 0.94183788671875 1 0.9430878046875 0.989820236328125 0.93353711328125 0.987006623046875 0.919822681640625 0.976029357421875 0.906160890625 0.94209666015625 0.897406716796875 0.890725587890625 0.88893116015625 0.85961634765625 0.88289551953125 0.86871527734375 0.883680400390625 0.878327951171875 0.890407408203125 0.905172865234375 0.896299958984375 0.9397925546875 0.90534306640625 0.968783876953125 0.92016741796875 0.99575264453125 0.9321613125 1 0.94183788671875 1
1 0.451748673828125 0.920301580078125 0.467571966796875 0.929689748046875 0.4695969609375 0.924561267578125 0.468214091796875 0.92066928515625 0.448459884765625 0.905422279296875 0.445352294921875 0.90421325 0.440720568359375 0.904057810546875 0.437091990234375 0.90898939453125 0.4377161640625 0.915269681640625 0.443980931640625 0.91727962890625 0.451748673828125 0.920301580078125