5 0.758277603515625 0.367343517578125 0.750694791015625 0.38082407421875 0.748798958984375 0.407785185546875 0.758277603515625 0.42632037109375 0.789556771484375 0.433061111328125 0.785765103515625 0.39767407421875 0.785765103515625 0.369028703125 0.758277603515625 0.367343517578125
5 0.545959896484375 0.525738888671875 0.5345859375 0.515628703125 0.526055208984375 0.5223694453125 0.525107291015625 0.54764537109375 0.5288984375 0.57797592578125 0.538377083984375 0.588086111328125 0.5469078125 0.581346296875 0.549751041015625 0.561125 0.545959896484375 0.525738888671875
7 0.7245359375 0.0656481484375 0.730902603515625 0.092812962890625 0.7219890625 0.125637037109375 0.725172396484375 0.15619722265625 0.751276041015625 0.170912037109375 0.760189583984375 0.155065740234375 0.757643228515625 0.129032408203125 0.754459375 0.104131482421875 0.751276041015625 0.09174907421875 0.7436359375 0.031760185546875 0.7328125 0.012518517578125 0.723899478515625 0.015913888671875 0.7245359375 0.0656481484375
7 0.420205208984375 0.761746296875 0.429755728515625 0.803625 0.434211978515625 0.8568231484375 0.4437625 0.809284259765625 0.431028646484375 0.752690740234375 0.414475521484375 0.71307592578125 0.3845515625 0.711943517578125 0.355264583984375 0.731185185546875 0.3266140625 0.784383333984375 0.327251041015625 0.834185185546875 0.324704166015625 0.863613888671875 0.330434375 0.89757037109375 0.346351041015625 0.91002037109375 0.354627603515625 0.899833333984375 0.353991146484375 0.862482408203125 0.3508078125 0.842108333984375 0.347624478515625 0.814943517578125 0.3533546875 0.7798555546875 0.367361458984375 0.744767591796875 0.3966484375 0.735712962890625 0.420205208984375 0.761746296875
7 0.180179166015625 0.86135 0.204372396484375 0.8409768515625 0.224746353515625 0.835317591796875 0.241936458984375 0.86135 0.254669791015625 0.905492591796875 0.258490103515625 0.872668517578125 0.254033333984375 0.845503703125 0.238116146484375 0.818338888671875 0.221563021484375 0.810416666015625 0.161078646484375 0.8489 0.187819271484375 0.8251305546875 0.206919271484375 0.7957018515625 0.2037359375 0.764010185546875 0.188455728515625 0.761746296875 0.176358853515625 0.768537037109375 0.165535416015625 0.801361111328125 0.1553484375 0.826262037109375 0.137521875 0.86135 0.1483453125 0.872668517578125 0.162988541015625 0.8704055546875 0.180179166015625 0.86135
7 0.428482291015625 0.456141666015625 0.423388541015625 0.4165268515625 0.435485416015625 0.364461111328125 0.4628625 0.32597777734375 0.480689583984375 0.323713888671875 0.494696353515625 0.34182407421875 0.526530208984375 0.395021296875 0.5220734375 0.359933333984375 0.506793228515625 0.32597777734375 0.482599478515625 0.30447222265625 0.460952603515625 0.30899907421875 0.4303921875 0.33842777734375 0.4208421875 0.366725 0.411928646484375 0.409735185546875 0.411291666015625 0.4584055546875 0.4061984375 0.47312037109375 0.404925 0.492362037109375 0.4061984375 0.510471296875 0.412565103515625 0.516131482421875 0.427208853515625 0.510471296875 0.428482291015625 0.456141666015625
7 0.3654515625 0.348614814453125 0.3654515625 0.3746481484375 0.368634896484375 0.4006805546875 0.373091666015625 0.438032408203125 0.382641666015625 0.468592591796875 0.415111978515625 0.493493517578125 0.439305728515625 0.501416666015625 0.475595833984375 0.4606694453125 0.4832359375 0.4165268515625 0.462226041015625 0.453878703125 0.4437625 0.47312037109375 0.423388541015625 0.481043517578125 0.402378646484375 0.46519722265625 0.3870984375 0.43350462890625 0.383915103515625 0.4006805546875 0.383278125 0.38370277734375 0.3870984375 0.37012037109375 0.3870984375 0.3429555546875 0.386461458984375 0.327109259765625 0.377547916015625 0.319186111328125 0.367361458984375 0.327109259765625 0.3654515625 0.348614814453125
7 0.060483853515625 0.710812037109375 0.070670833984375 0.71760277734375 0.0929546875 0.74137222265625 0.127971875 0.757218517578125 0.1725390625 0.73684537109375 0.199279166015625 0.69157037109375 0.208192708984375 0.631581482421875 0.2062828125 0.616867591796875 0.185908853515625 0.682515740234375 0.163625521484375 0.723262962890625 0.1337015625 0.7379768515625 0.115238021484375 0.7379768515625 0.103141146484375 0.726658333984375 0.0904078125 0.694965740234375 0.084677603515625 0.668933333984375 0.077674478515625 0.65535092578125 0.062394271484375 0.649691666015625 0.055390625 0.6666694453125 0.053480728515625 0.690438888671875 0.060483853515625 0.710812037109375
7 0.588494271484375 0.76792962890625 0.590286458984375 0.81147777734375 0.613586978515625 0.85502592578125 0.640472916015625 0.8773305546875 0.657798958984375 0.8773305546875 0.635693228515625 0.851838888671875 0.609405208984375 0.827410185546875 0.5992484375 0.798732408203125 0.5992484375 0.761557408203125 0.619561978515625 0.724382408203125 0.6446546875 0.713760185546875 0.664968228515625 0.729692591796875 0.679307291015625 0.74350092578125 0.690061458984375 0.748811111328125 0.699620833984375 0.7392518515625 0.702010416015625 0.7254444453125 0.695438541015625 0.7126981484375 0.684684375 0.705263888671875 0.672735416015625 0.69995277734375 0.6733328125 0.701014814453125 0.638680208984375 0.680834259765625 0.614782291015625 0.7020768515625 0.597455728515625 0.729692591796875 0.588494271484375 0.76792962890625
7 0.685879166015625 0.692517591796875 0.704997916015625 0.68402037109375 0.697828646484375 0.67339907421875 0.677515103515625 0.66702592578125 0.643459896484375 0.68402037109375 0.6219515625 0.733941666015625 0.616574478515625 0.78067592578125 0.6219515625 0.833782408203125 0.632705728515625 0.856087962890625 0.6607859375 0.8773305546875 0.681099478515625 0.894325 0.702608333984375 0.89220092578125 0.69125625 0.85927407421875 0.6781125 0.845466666015625 0.664370833984375 0.8529018515625 0.6410703125 0.835907408203125 0.6285234375 0.79129722265625 0.636290625 0.738189814453125 0.648836978515625 0.7020768515625 0.685879166015625 0.692517591796875
7 0.124463021484375 0.296565740234375 0.137748958984375 0.256962962890625 0.152597396484375 0.243066666015625 0.1658828125 0.237509259765625 0.164305728515625 0.223787037109375 0.145784896484375 0.2270805546875 0.118929166015625 0.2682444453125 0.106890625 0.309409259765625 0.1041125 0.38350462890625 0.101334375 0.408203703125 0.102260416015625 0.446075 0.116782291015625 0.463168517578125 0.123291146484375 0.452890740234375 0.124072396484375 0.4320481484375 0.121728125 0.407035185546875 0.116257291015625 0.3910555546875 0.124463021484375 0.296565740234375
6 0.662340103515625 0.85660462890625 0.655786978515625 0.8665944453125 0.645302083984375 0.86992407421875 0.632944791015625 0.86492962890625 0.631259896484375 0.876584259765625 0.642868228515625 0.881578703125 0.653914583984375 0.878582408203125 0.665522916015625 0.867260185546875 0.670952603515625 0.8499444453125 0.6726375 0.829964814453125 0.670016146484375 0.81065092578125 0.662714583984375 0.794333333984375 0.651667708984375 0.782012962890625 0.637438541015625 0.7750194453125 0.621149478515625 0.777017591796875 0.607294271484375 0.78167962890625 0.597745833984375 0.786341666015625 0.596622396484375 0.78134722265625 0.605047396484375 0.77735092578125 0.611600521484375 0.771689814453125 0.610477083984375 0.7597018515625 0.607107291015625 0.761366666015625 0.6001796875 0.763032408203125 0.594936978515625 0.766362037109375 0.588196875 0.774021296875 0.588009896484375 0.78767407421875 0.592128646484375 0.794666666015625 0.5979328125 0.798662962890625 0.605234896484375 0.79832962890625 0.6121625 0.79400092578125 0.6237703125 0.7886731484375 0.632195833984375 0.787340740234375 0.638 0.788006482421875 0.644553125 0.791337037109375 0.650993228515625 0.796542591796875 0.659156771484375 0.804989814453125 0.663276041015625 0.81497962890625 0.666646353515625 0.82829907421875 0.667769271484375 0.842618517578125 0.662340103515625 0.85660462890625
7 0.454833853515625 0.542916666015625 0.442238021484375 0.549066666015625 0.43260625 0.561365740234375 0.430630208984375 0.570590740234375 0.403216146484375 0.595188888671875 0.355055208984375 0.658881482421875 0.3380140625 0.669862962890625 0.339002083984375 0.6795268515625 0.356290103515625 0.66942407421875 0.3762953125 0.653610185546875 0.395065625 0.6285731484375 0.407167708984375 0.6149555546875 0.4182359375 0.604012962890625 0.428036458984375 0.593068517578125 0.439401041015625 0.591143517578125 0.454553125 0.582481482421875 0.463211978515625 0.5699694453125 0.461996353515625 0.5538981484375 0.454833853515625 0.542916666015625
7 0.237711978515625 0.63909907421875 0.253518228515625 0.62767777734375 0.267843228515625 0.610107408203125 0.275499478515625 0.59385462890625 0.28513125 0.56662037109375 0.289577083984375 0.53982592578125 0.2890828125 0.51215277734375 0.286860416015625 0.482282408203125 0.284143228515625 0.46602962890625 0.279451041015625 0.4664694453125 0.2846375 0.51215277734375 0.282414583984375 0.546414814453125 0.275993228515625 0.57584537109375 0.2658671875 0.59605092578125 0.2510484375 0.614939814453125 0.2349953125 0.62679907421875 0.222152083984375 0.628117591796875 0.205852083984375 0.625921296875 0.196713541015625 0.619332408203125 0.1856 0.613621296875 0.177449478515625 0.615817591796875 0.168805208984375 0.628117591796875 0.1673234375 0.641734259765625 0.172016146484375 0.6483231484375 0.177696353515625 0.650958333984375 0.185628646484375 0.65002222265625 0.194738021484375 0.6470055546875 0.199924478515625 0.639537962890625 0.210297396484375 0.6430518515625 0.223386978515625 0.644809259765625 0.237711978515625 0.63909907421875
7 0.2695890625 0.604413888671875 0.2737875 0.587282408203125 0.275022396484375 0.57102962890625 0.274528125 0.5591694453125 0.275516146484375 0.54862777734375 0.282678646484375 0.528421296875 0.289346875 0.514364814453125 0.302189583984375 0.50689722265625 0.31923125 0.505140740234375 0.334790625 0.50689722265625 0.3461515625 0.51304722265625 0.354548958984375 0.524028703125 0.358994271484375 0.539842591796875 0.366156771484375 0.535010185546875 0.359735416015625 0.517878703125 0.349609375 0.50250462890625 0.3303453125 0.49064537109375 0.306882291015625 0.4924018515625 0.286136458984375 0.5007481484375 0.2737875 0.52315 0.267613021484375 0.5525805546875 0.261685416015625 0.5653194453125 0.257261458984375 0.577565740234375 0.2547703125 0.591235185546875 0.2547703125 0.605731482421875 0.258721875 0.6140768515625 0.266378125 0.612759259765625 0.2695890625 0.604413888671875
7 0.193106771484375 0.61262962890625 0.18998125 0.6598805546875 0.180290625 0.688231482421875 0.159971875 0.719917591796875 0.126836458984375 0.7365944453125 0.102141146484375 0.7277 0.092763021484375 0.72325277734375 0.087761458984375 0.7349268515625 0.099640625 0.753271296875 0.131525521484375 0.759386111328125 0.166848958984375 0.74159722265625 0.192794271484375 0.702684259765625 0.204047916015625 0.660437037109375 0.207173958984375 0.61262962890625 0.199671353515625 0.577608333984375 0.201605728515625 0.562137962890625 0.200322396484375 0.540075 0.187916146484375 0.52409907421875 0.176365103515625 0.53322777734375 0.181070833984375 0.556812037109375 0.189043228515625 0.58594722265625 0.193106771484375 0.61262962890625
7 0.2249921875 0.5915055546875 0.202797396484375 0.6281944453125 0.173100521484375 0.668775 0.142153646484375 0.702128703125 0.121522396484375 0.722696296875 0.118396353515625 0.7349268515625 0.136527083984375 0.73992962890625 0.1552828125 0.7188055546875 0.192481771484375 0.668775 0.2153015625 0.6315305546875 0.228743228515625 0.60317962890625 0.234682291015625 0.6004 0.247811458984375 0.589837962890625 0.254376041015625 0.567046296875 0.249999478515625 0.55537222265625 0.243435416015625 0.554261111328125 0.23124375 0.570937962890625 0.2249921875 0.5915055546875
7 0.317497916015625 0.650303703125 0.306175 0.67227037109375 0.285330208984375 0.686457408203125 0.255992708984375 0.69515277734375 0.224854166015625 0.70979722265625 0.223825 0.716203703125 0.223825 0.724441666015625 0.269632291015625 0.706593517578125 0.3043734375 0.69057592578125 0.3182703125 0.6708981484375 0.331909375 0.6379481484375 0.338343228515625 0.603625 0.341945833984375 0.570217591796875 0.345291146484375 0.5285731484375 0.348121875 0.507978703125 0.346063541015625 0.487843517578125 0.343490103515625 0.47502962890625 0.332166666015625 0.487385185546875 0.331652083984375 0.506606482421875 0.333903646484375 0.52452407421875 0.337570833984375 0.530861111328125 0.334225521484375 0.551912037109375 0.3311375 0.58257407421875 0.325218228515625 0.622846296875 0.317497916015625 0.650303703125
7 0.386560416015625 0.602942591796875 0.385432291015625 0.629359259765625 0.382423958984375 0.62534722265625 0.379603125 0.618325 0.376594791015625 0.590236111328125 0.374902083984375 0.565825 0.375466146484375 0.549775 0.375090103515625 0.539408333984375 0.3758421875 0.531717591796875 0.373961978515625 0.520013888671875 0.370577083984375 0.51700462890625 0.367944791015625 0.526033333984375 0.367380728515625 0.54542777734375 0.367756771484375 0.569837962890625 0.370201041015625 0.59357962890625 0.3735859375 0.621334259765625 0.376030208984375 0.63604722265625 0.379227083984375 0.642066666015625 0.384680208984375 0.646078703125 0.393330208984375 0.644407408203125 0.395210416015625 0.614312037109375 0.3942703125 0.59859537109375 0.4002875 0.5876 0.407244791015625 0.572512962890625 0.4095015625 0.555793517578125 0.404800521484375 0.551446296875 0.396902603515625 0.5578 0.391449478515625 0.5781981484375 0.386560416015625 0.602942591796875
7 0.38505625 0.58254537109375 0.409689583984375 0.583882408203125 0.414578125 0.575187962890625 0.407620833984375 0.572178703125 0.3931421875 0.570841666015625 0.345004166015625 0.557131482421875 0.3173625 0.545093517578125 0.279378646484375 0.514663888671875 0.264147396484375 0.498278703125 0.253053125 0.488581482421875 0.245155728515625 0.484234259765625 0.23895 0.48490277734375 0.2344375 0.4946 0.238761978515625 0.507307408203125 0.2515015625 0.520741666015625 0.262643228515625 0.52235462890625 0.27599375 0.530713888671875 0.309088541015625 0.553118517578125 0.344440103515625 0.570841666015625 0.38505625 0.58254537109375
7 0.412133853515625 0.506637962890625 0.407244791015625 0.5032944453125 0.397842708984375 0.518341666015625 0.390697396484375 0.536733333984375 0.388441146484375 0.544758333984375 0.378663021484375 0.557131482421875 0.369825 0.5664944453125 0.364747916015625 0.5952518515625 0.367756771484375 0.60494907421875 0.373773958984375 0.602608333984375 0.3822359375 0.596588888671875 0.3812953125 0.593913888671875 0.389005208984375 0.57017222265625 0.398407291015625 0.551112037109375 0.4040484375 0.5400768515625 0.4085609375 0.52770462890625 0.412509896484375 0.512991666015625 0.412133853515625 0.506637962890625
7 0.303447396484375 0.444837962890625 0.302319271484375 0.426781482421875 0.308524478515625 0.3899981484375 0.310028646484375 0.359568517578125 0.301003125 0.316766666015625 0.288028125 0.290684259765625 0.268284375 0.276639814453125 0.246847916015625 0.281321296875 0.225411458984375 0.3124194453125 0.219582291015625 0.352212037109375 0.220146353515625 0.36324722265625 0.221086458984375 0.367928703125 0.224659375 0.361240740234375 0.2301125 0.326463888671875 0.2427109375 0.30105 0.2568140625 0.289012037109375 0.266027603515625 0.289012037109375 0.276369791015625 0.292021296875 0.285959896484375 0.302053703125 0.296866146484375 0.32847037109375 0.303071353515625 0.354218517578125 0.303259375 0.375953703125 0.299875 0.401367591796875 0.2972421875 0.418421296875 0.295361978515625 0.4221 0.290848958984375 0.431462962890625 0.290990103515625 0.43215462890625 0.2869 0.451860185546875 0.285583853515625 0.4649018515625 0.291601041015625 0.4729268515625 0.2972421875 0.4729268515625 0.301379166015625 0.466238888671875 0.303447396484375 0.444837962890625
7 0.2202640625 0.4053805546875 0.230794271484375 0.415746296875 0.254863021484375 0.4328 0.265769271484375 0.43179722265625 0.280624478515625 0.424775 0.303001041015625 0.407386111328125 0.317667708984375 0.377960185546875 0.323684896484375 0.345189814453125 0.323684896484375 0.3177694453125 0.322556771484375 0.306735185546875 0.316915625 0.308406482421875 0.316539583984375 0.349871296875 0.310522396484375 0.376956482421875 0.2977359375 0.3990268515625 0.279119791015625 0.414743517578125 0.263324478515625 0.420093517578125 0.259188021484375 0.41507777734375 0.253170833984375 0.417084259765625 0.244896875 0.41507777734375 0.234742708984375 0.405714814453125 0.227033333984375 0.39467962890625 0.219888021484375 0.382428703125 0.213494271484375 0.372610185546875 0.203528646484375 0.36592222265625 0.19581875 0.377960185546875 0.1984515625 0.391336111328125 0.205784896484375 0.398358333984375 0.2202640625 0.4053805546875
3 0.263136458984375 0.422434259765625 0.257871353515625 0.4187555546875 0.254675 0.419089814453125 0.2520421875 0.423437037109375 0.2529828125 0.430793517578125 0.2552390625 0.432465740234375 0.259752083984375 0.43112777734375 0.262760416015625 0.42912222265625 0.263136458984375 0.422434259765625
7 0.271410416015625 0.335158333984375 0.255803125 0.3278018515625 0.2454609375 0.32312037109375 0.222144271484375 0.305731482421875 0.203528646484375 0.293359259765625 0.172502083984375 0.282993517578125 0.148997396484375 0.282993517578125 0.140347396484375 0.291018517578125 0.142791666015625 0.296034259765625 0.1538859375 0.292690740234375 0.164980728515625 0.290684259765625 0.18265625 0.293359259765625 0.2138703125 0.311416666015625 0.243392708984375 0.33682962890625 0.251854166015625 0.34652777734375 0.254298958984375 0.34920277734375 0.2542046875 0.349835185546875 0.2606921875 0.358565740234375 0.26990625 0.366256482421875 0.276111458984375 0.368262962890625 0.2836328125 0.357896296875 0.281564583984375 0.34284907421875 0.271410416015625 0.335158333984375
7 0.100647916015625 0.353728703125 0.098015103515625 0.338681482421875 0.098955208984375 0.325639814453125 0.101211978515625 0.31159537109375 0.1074171875 0.2928694453125 0.120955728515625 0.2708 0.132238021484375 0.264446296875 0.143896875 0.260768517578125 0.152734375 0.262440740234375 0.164580728515625 0.268793517578125 0.1739828125 0.282503703125 0.184325 0.30925462890625 0.186393228515625 0.338681482421875 0.184325 0.365432408203125 0.187333333984375 0.386164814453125 0.192974478515625 0.38917407421875 0.1946671875 0.3650981484375 0.194855208984375 0.32162777734375 0.185265103515625 0.286516666015625 0.176615625 0.265115740234375 0.159503646484375 0.2514055546875 0.1401359375 0.249064814453125 0.121331771484375 0.25742407421875 0.100647916015625 0.277487962890625 0.088613021484375 0.304238888671875 0.086544791015625 0.3426944453125 0.085040625 0.368107408203125 0.0867328125 0.390512037109375 0.094066146484375 0.400543517578125 0.0933140625 0.40154722265625 0.100647916015625 0.39820277734375 0.104784375 0.38649907421875 0.104784375 0.37312407421875 0.100647916015625 0.353728703125
7 0.225129166015625 0.244742591796875 0.224753125 0.22969537109375 0.21704375 0.224678703125 0.2067015625 0.226685185546875 0.2023765625 0.227688888671875 0.189402083984375 0.222003703125 0.18 0.224010185546875 0.1762390625 0.23537962890625 0.175863021484375 0.2514305546875 0.180376041015625 0.251764814453125 0.1809875 0.251637962890625 0.191658333984375 0.2541055546875 0.196735416015625 0.2531018515625 0.200684375 0.251096296875 0.210650521484375 0.24942407421875 0.2198640625 0.2487555546875 0.225129166015625 0.244742591796875
7 0.0795875 0.153388888671875 0.059843228515625 0.132657408203125 0.051569791015625 0.105571296875 0.0517578125 0.082832408203125 0.054390103515625 0.067785185546875 0.05119375 0.060428703125 0.045552603515625 0.064017591796875 0.043859896484375 0.101803703125 0.055518228515625 0.138587037109375 0.079775521484375 0.162662962890625 0.1096734375 0.1817231484375 0.146905208984375 0.1961018515625 0.170973958984375 0.193092591796875 0.181880208984375 0.197439814453125 0.186205208984375 0.19677037109375 0.197299478515625 0.1880768515625 0.200496353515625 0.18005092578125 0.200684375 0.171356482421875 0.193727083984375 0.165337962890625 0.184513021484375 0.167010185546875 0.1707859375 0.1778 0.164392708984375 0.180140740234375 0.143332291015625 0.18214722265625 0.110425521484375 0.170443517578125 0.0795875 0.153388888671875
7 0.304434896484375 0.141963888671875 0.318725521484375 0.170387037109375 0.323802603515625 0.2091768515625 0.3245546875 0.233339814453125 0.318349478515625 0.261762962890625 0.310828125 0.280488888671875 0.301426041015625 0.293196296875 0.304246875 0.296539814453125 0.312708333984375 0.29087407421875 0.3211703125 0.275158333984375 0.328127603515625 0.254091666015625 0.332264583984375 0.225333333984375 0.330195833984375 0.195907408203125 0.3228625 0.16012777734375 0.3157171875 0.14307407421875 0.300673958984375 0.120082408203125 0.2792375 0.1080444453125 0.2482109375 0.101356482421875 0.230911458984375 0.094334259765625 0.221321353515625 0.085640740234375 0.2109796875 0.085640740234375 0.209098958984375 0.093665740234375 0.2077828125 0.10470092578125 0.2089109375 0.111053703125 0.2089578125 0.110817591796875 0.220005208984375 0.1112 0.2284671875 0.111534259765625 0.2327921875 0.107856482421875 0.2634421875 0.115212962890625 0.2884515625 0.12624722265625 0.304434896484375 0.141963888671875
7 0.3059390625 0.072264814453125 0.2993578125 0.0833 0.293528646484375 0.101356482421875 0.280177603515625 0.125767591796875 0.266451041015625 0.150846296875 0.249339583984375 0.1712444453125 0.227527083984375 0.19264537109375 0.210603125 0.2053518515625 0.1968765625 0.212709259765625 0.178448958984375 0.22207222265625 0.172431771484375 0.227756482421875 0.172619791015625 0.235781482421875 0.187286458984375 0.232437962890625 0.221133333984375 0.21070277734375 0.238621353515625 0.19632407421875 0.2623140625 0.169906482421875 0.2835625 0.141817591796875 0.298041146484375 0.11874537109375 0.301096875 0.114043517578125 0.306503125 0.107710185546875 0.314024478515625 0.098012962890625 0.317597396484375 0.094668517578125 0.320982291015625 0.080289814453125 0.314588541015625 0.0709268515625 0.3059390625 0.072264814453125
7 0.288639583984375 0.311408333984375 0.285630728515625 0.34752222265625 0.289391666015625 0.356885185546875 0.295972916015625 0.311353703125 0.297101041015625 0.284268517578125 0.292964583984375 0.25852037109375 0.29014375 0.226753703125 0.286946875 0.19565462890625 0.2884515625 0.185957408203125 0.287134896484375 0.162884259765625 0.286194791015625 0.148171296875 0.277357291015625 0.147837037109375 0.2700234375 0.152184259765625 0.2709640625 0.1765944453125 0.275711978515625 0.195109259765625 0.280365625 0.201059259765625 0.28149375 0.206409259765625 0.28581875 0.245867591796875 0.288075521484375 0.281312962890625 0.288639583984375 0.311408333984375
7 0.325494791015625 0.33247407421875 0.332828646484375 0.323112037109375 0.332828646484375 0.31007037109375 0.323802603515625 0.279975 0.317033333984375 0.259912037109375 0.315905208984375 0.248208333984375 0.313272396484375 0.229482408203125 0.310076041015625 0.2147694453125 0.302930208984375 0.211759259765625 0.2950328125 0.216775 0.297477083984375 0.23617037109375 0.3048109375 0.254896296875 0.310076041015625 0.26392407421875 0.316657291015625 0.283987962890625 0.32060625 0.30204537109375 0.323802603515625 0.319433333984375 0.325494791015625 0.33247407421875
7 0.140764583984375 0.140703703125 0.1256203125 0.114808333984375 0.095526041015625 0.0954731484375 0.071644271484375 0.088912962890625 0.038055208984375 0.096853703125 0.0004609375 0.115153703125 0 0.132762037109375 0.023759896484375 0.123439814453125 0.0480296875 0.115153703125 0.067833853515625 0.10997407421875 0.091521353515625 0.114462962890625 0.110548958984375 0.1230944453125 0.124333853515625 0.13725092578125 0.13481875 0.1624555546875 0.140764583984375 0.19767407421875 0.1448421875 0.216663888671875 0.150278646484375 0.223914814453125 0.158044791015625 0.220462037109375 0.161539583984375 0.209758333984375 0.154744271484375 0.174885185546875 0.140764583984375 0.140703703125
7 0.224130728515625 0.062916666015625 0.2225671875 0.052491666015625 0.210842708984375 0.052838888671875 0.195210416015625 0.052838888671875 0.157496875 0.04484722265625 0.116657291015625 0.036507408203125 0.1041515625 0.02330277734375 0.094185416015625 0.014962962890625 0.089691146484375 0.0160055546875 0.087151041015625 0.02782037109375 0.089300521484375 0.04137222265625 0.099168228515625 0.0491555546875 0.1178296875 0.049016666015625 0.127209375 0.05075462890625 0.154566146484375 0.05492407421875 0.195601041015625 0.065696296875 0.224130728515625 0.062916666015625
1 0.2243390625 0.052790740234375 0.221629166015625 0.0588944453125 0.223074478515625 0.0669268515625 0.227410416015625 0.072709259765625 0.2321078125 0.07560092578125 0.241321353515625 0.0736731484375 0.252883853515625 0.067890740234375 0.2541484375 0.057287962890625 0.244934896484375 0.048613888671875 0.237708333984375 0.047328703125 0.2243390625 0.052790740234375
7 0.29973125 0.353965740234375 0.30224375 0.347711111328125 0.285913021484375 0.31509537109375 0.262296353515625 0.271311111328125 0.23390625 0.217696296875 0.22636875 0.1971444453125 0.218580208984375 0.181506482421875 0.210791666015625 0.1792731484375 0.205264583984375 0.18954907421875 0.209535416015625 0.204292591796875 0.216821875 0.217696296875 0.224233333984375 0.22622962890625 0.229886458984375 0.226185185546875 0.2374234375 0.2418231484375 0.249985416015625 0.26550277734375 0.27435625 0.311968517578125 0.29973125 0.353965740234375
2 0.306515103515625 0.889462037109375 0.3082734375 0.8773981484375 0.302997396484375 0.865782408203125 0.2962140625 0.866228703125 0.286666666015625 0.879632408203125 0.2899328125 0.882760185546875 0.2924453125 0.89124907421875 0.295460416015625 0.895716666015625 0.303248958984375 0.897057408203125 0.306515103515625 0.889462037109375
4 0.150114583984375 0.864628703125 0.15415625 0.8638305546875 0.1642609375 0.859837962890625 0.183571875 0.846262962890625 0.192553646484375 0.8386768515625 0.2060265625 0.82869537109375 0.2215203125 0.8255018515625 0.229828646484375 0.8274981484375 0.235217708984375 0.834684259765625 0.253855208984375 0.8802 0.253181771484375 0.874610185546875 0.242852603515625 0.846262962890625 0.236340625 0.830292591796875 0.230053125 0.8255018515625 0.223990625 0.821509259765625 0.2129875 0.822706482421875 0.197942708984375 0.829893517578125 0.170997396484375 0.85065462890625 0.154605208984375 0.857841666015625 0.151236978515625 0.858639814453125 0.1510125 0.855446296875 0.152135416015625 0.8522518515625 0.158197916015625 0.845863888671875 0.170997396484375 0.82669907421875 0.175488021484375 0.812725 0.1734671875 0.808732408203125 0.162464583984375 0.833487037109375 0.150114583984375 0.848259259765625 0.147644271484375 0.85464722265625 0.146521353515625 0.860636111328125 0.1471953125 0.862632408203125 0.150114583984375 0.864628703125
4 0.3766828125 0.608560185546875 0.3751109375 0.5881981484375 0.373090103515625 0.562246296875 0.3735390625 0.541485185546875 0.373988021484375 0.5307055546875 0.370844791015625 0.537093517578125 0.370844791015625 0.575566666015625 0.3751109375 0.613496296875 0.379152603515625 0.633459259765625 0.383868228515625 0.6394481484375 0.388583853515625 0.6370518515625 0.3906046875 0.626671296875 0.390829166015625 0.603913888671875 0.395198427734375 0.584492697265625 0.393075 0.583806482421875 0.3890328125 0.600575 0.387236458984375 0.620937037109375 0.3867875 0.632515740234375 0.385440103515625 0.634911111328125 0.3829703125 0.633713888671875 0.380949478515625 0.629721296875 0.3766828125 0.608560185546875
1 0.407894791015625 0.5055518515625 0.4000359375 0.51952592578125 0.386416146484375 0.549421296875 0.386113541015625 0.5498694453125 0.390380208984375 0.567437037109375 0.397341146484375 0.5498694453125 0.410589583984375 0.513537037109375 0.407894791015625 0.5055518515625
1 0.218775521484375 0.245434259765625 0.221431771484375 0.239984259765625 0.219592708984375 0.232718517578125 0.216527603515625 0.229085185546875 0.20815 0.231628703125 0.202633333984375 0.233081482421875 0.202633333984375 0.24325462890625 0.205085416015625 0.243981482421875 0.2110109375 0.243617591796875 0.214280208984375 0.24797777734375 0.218775521484375 0.245434259765625
1 0.3305453125 0.3162805546875 0.325641146484375 0.291938888671875 0.317672396484375 0.265416666015625 0.313994271484375 0.25742407421875 0.3111015625 0.259867591796875 0.319919791015625 0.287215740234375 0.324415103515625 0.31192037109375 0.326458333984375 0.324637037109375 0.32870625 0.3257268515625 0.3305453125 0.323910185546875 0.3305453125 0.3162805546875
1 0.741418890625 0.125165091796875 0.7400546875 0.086357408203125 0.736636978515625 0.06010462890625 0.730074478515625 0.025753703125 0.7278875 0.026483333984375 0.730211458984375 0.041311111328125 0.734722916015625 0.063431482421875 0.7373203125 0.087496296875 0.739234375 0.117638888671875 0.739222083984375 0.117911109375 0.741418890625 0.125165091796875
1 0.748120833984375 0.133196296875 0.742378646484375 0.128334259765625 0.741418890625 0.125165091796875 0.741421875 0.12525 0.74119491796875 0.13170643359375 0.7406015625 0.131084259765625 0.738893990234375 0.12517754296875 0.737730728515625 0.150940740234375 0.739371353515625 0.1543444453125 0.7449765625 0.15410092578125 0.748257291015625 0.151184259765625 0.749897916015625 0.14535 0.750308333984375 0.1392731484375 0.748120833984375 0.133196296875