5 0.337927603515625 0.736731482421875 0.3289296875 0.7331768515625 0.318431771484375 0.734065740234375 0.3144328125 0.745618517578125 0.3144328125 0.761614814453125 0.320431771484375 0.77227962890625 0.327930208984375 0.783832408203125 0.335428125 0.795386111328125 0.345426041015625 0.79627407421875 0.352924478515625 0.7785 0.352924478515625 0.759837962890625 0.346426041015625 0.750062037109375 0.337927603515625 0.736731482421875
5 0.044990625 0.516334259765625 0.049989583984375 0.510112962890625 0.055988021484375 0.49145092578125 0.056988021484375 0.4736768515625 0.054488541015625 0.458568517578125 0.046490103515625 0.45057037109375 0.031993228515625 0.4674555546875 0.02949375 0.4834518515625 0.02899375 0.509225 0.037991666015625 0.514556482421875 0.044990625 0.516334259765625
5 0.377919271484375 0.3377055546875 0.368921353515625 0.343037962890625 0.362422396484375 0.3537018515625 0.3584234375 0.37147592578125 0.3594234375 0.390138888671875 0.369421353515625 0.395471296875 0.378919271484375 0.395471296875 0.382918228515625 0.382140740234375 0.386417708984375 0.37147592578125 0.3889171875 0.362588888671875 0.3889171875 0.349258333984375 0.384917708984375 0.34214907421875 0.377919271484375 0.3377055546875
5 0.378419271484375 0.471010185546875 0.389916666015625 0.472787962890625 0.390416666015625 0.4523481484375 0.3889171875 0.437239814453125 0.3879171875 0.42302037109375 0.378919271484375 0.4185768515625 0.365921875 0.4168 0.356423958984375 0.417688888671875 0.351925 0.431907408203125 0.362422396484375 0.456791666015625 0.378419271484375 0.471010185546875
5 0.341927083984375 0.190181482421875 0.350925 0.194625 0.3589234375 0.19640277734375 0.369920833984375 0.191959259765625 0.371420833984375 0.1804055546875 0.371420833984375 0.1652981484375 0.3594234375 0.152856482421875 0.354424478515625 0.14752407421875 0.341927083984375 0.14752407421875 0.334428646484375 0.156411111328125 0.3289296875 0.1652981484375 0.333428646484375 0.183961111328125 0.341927083984375 0.190181482421875
5 0.584375 0.323486111328125 0.573877603515625 0.333262037109375 0.569878125 0.344814814453125 0.566379166015625 0.357257408203125 0.567878646484375 0.367921296875 0.571378125 0.37769722265625 0.587874478515625 0.3812518515625 0.5933734375 0.375031482421875 0.597372396484375 0.3652555546875 0.601371353515625 0.35547962890625 0.601871353515625 0.339483333984375 0.598372396484375 0.333262037109375 0.5933734375 0.324375 0.584375 0.323486111328125
5 0.663358333984375 0.376808333984375 0.659359375 0.393693517578125 0.663358333984375 0.417688888671875 0.67285625 0.425687037109375 0.6793546875 0.417688888671875 0.6808546875 0.404358333984375 0.6793546875 0.390138888671875 0.675855728515625 0.375031482421875 0.670356771484375 0.3652555546875 0.663358333984375 0.376808333984375
7 0.171963021484375 0.663858333984375 0.159466146484375 0.6620805546875 0.14596875 0.681632408203125 0.137470833984375 0.696739814453125 0.132971353515625 0.71007037109375 0.1244734375 0.7331768515625 0.128472396484375 0.743840740234375 0.144969271484375 0.758060185546875 0.150467708984375 0.751839814453125 0.158966146484375 0.73762037109375 0.164964583984375 0.71540277734375 0.172463021484375 0.6958518515625 0.1754625 0.67452222265625 0.171963021484375 0.663858333984375
7 0.947797396484375 0.8225444453125 0.946797916015625 0.813657408203125 0.9432984375 0.807436111328125 0.9363 0.807436111328125 0.922303125 0.810991666015625 0.90780625 0.815435185546875 0.894308853515625 0.8216555546875 0.8778125 0.82432222265625 0.8708140625 0.836763888671875 0.867814583984375 0.852760185546875 0.883311458984375 0.8652018515625 0.892809375 0.8652018515625 0.8988078125 0.860758333984375 0.903307291015625 0.848316666015625 0.917304166015625 0.842984259765625 0.9293015625 0.83765277734375 0.939799478515625 0.83232037109375 0.947797396484375 0.833209259765625 0.947797396484375 0.8225444453125
7 0.729844271484375 0.704737962890625 0.740341666015625 0.678965740234375 0.751339583984375 0.654082408203125 0.764336978515625 0.644306482421875 0.7823328125 0.64252962890625 0.794830208984375 0.64519537109375 0.806327603515625 0.64519537109375 0.804828125 0.631864814453125 0.798829166015625 0.626533333984375 0.776833853515625 0.623866666015625 0.757338021484375 0.62919907421875 0.740341666015625 0.643418517578125 0.73184375 0.654971296875 0.714847396484375 0.68785277734375 0.70335 0.726067591796875 0.696351041015625 0.75095092578125 0.6958515625 0.7705018515625 0.696351041015625 0.79627407421875 0.697851041015625 0.8202694453125 0.697851041015625 0.83004537109375 0.699850521484375 0.849596296875 0.70185 0.866481482421875 0.7103484375 0.87270277734375 0.716346875 0.871813888671875 0.721845833984375 0.865592591796875 0.722845833984375 0.855817591796875 0.722845833984375 0.8469305546875 0.719346353515625 0.830933333984375 0.715347396484375 0.8202694453125 0.7108484375 0.782943517578125 0.711347916015625 0.7607268515625 0.718846353515625 0.73939722265625 0.7233453125 0.724289814453125 0.729844271484375 0.704737962890625
7 0.975791666015625 0.848707408203125 0.980790625 0.836265740234375 0.978791146484375 0.8202694453125 0.970292708984375 0.79982962890625 0.963794271484375 0.779388888671875 0.951796875 0.759837962890625 0.941798958984375 0.7491731484375 0.917804166015625 0.741175 0.893809375 0.74295277734375 0.867314583984375 0.7545055546875 0.846319271484375 0.771390740234375 0.822824478515625 0.7820555546875 0.792330728515625 0.813159259765625 0.8413203125 0.803384259765625 0.893809375 0.76517037109375 0.9298015625 0.763392591796875 0.953796353515625 0.803384259765625 0.952296875 0.816714814453125 0.955295833984375 0.824712962890625 0.959794791015625 0.83715462890625 0.963794271484375 0.848707408203125 0.970792708984375 0.858483333984375 0.975791666015625 0.848707408203125
7 0.668857291015625 0.441683333984375 0.669357291015625 0.422132408203125 0.6658578125 0.375031482421875 0.662858333984375 0.357257408203125 0.657359375 0.3385944453125 0.647361978515625 0.30660092578125 0.6368640625 0.291493517578125 0.628365625 0.286161111328125 0.629865625 0.29860277734375 0.648861458984375 0.343037962890625 0.657359375 0.3812518515625 0.653860416015625 0.432796296875 0.642363021484375 0.471010185546875 0.633864583984375 0.50122592578125 0.604870833984375 0.529664814453125 0.588374478515625 0.537662962890625 0.574377083984375 0.549215740234375 0.565879166015625 0.563435185546875 0.570378125 0.582987037109375 0.587874478515625 0.589207408203125 0.604370833984375 0.576765740234375 0.612369271484375 0.553659259765625 0.618367708984375 0.543884259765625 0.6448625 0.523443517578125 0.657859375 0.4958944453125 0.664358333984375 0.471010185546875 0.668857291015625 0.441683333984375
7 0.516389583984375 0.1377481484375 0.517389583984375 0.156411111328125 0.530886458984375 0.169741666015625 0.5483828125 0.19107037109375 0.574377083984375 0.2088444453125 0.602871353515625 0.216842591796875 0.628365625 0.20617777734375 0.656359896484375 0.17685092578125 0.67385625 0.12975 0.677355208984375 0.1022 0.6663578125 0.12797222265625 0.657859375 0.14752407421875 0.649861458984375 0.16352037109375 0.6363640625 0.182183333984375 0.625366666015625 0.189292591796875 0.610869791015625 0.194625 0.594372916015625 0.195513888671875 0.573877603515625 0.1866268515625 0.5493828125 0.164409259765625 0.547383333984375 0.151967591796875 0.542384375 0.142191666015625 0.535885416015625 0.132415740234375 0.530386978515625 0.127084259765625 0.521888541015625 0.124417591796875 0.516389583984375 0.1377481484375
7 0.408658333984375 0.627590740234375 0.41815625 0.608038888671875 0.4251546875 0.582266666015625 0.434652603515625 0.539609259765625 0.432653125 0.520946296875 0.4266546875 0.515614814453125 0.41965625 0.5129481484375 0.416656771484375 0.52272407421875 0.416656771484375 0.53872037109375 0.413657291015625 0.56627037109375 0.406658853515625 0.580489814453125 0.398160416015625 0.596486111328125 0.388163021484375 0.598263888671875 0.378165103515625 0.608038888671875 0.370666666015625 0.62847962890625 0.379164583984375 0.647141666015625 0.3971609375 0.645364814453125 0.408658333984375 0.627590740234375
6 0.577640625 0.095646296875 0.5807171875 0.11440277734375 0.600496875 0.112058333984375 0.620715625 0.123781482421875 0.642253646484375 0.15582407421875 0.6492859375 0.20037222265625 0.648846875 0.250389814453125 0.6418140625 0.288685185546875 0.621155208984375 0.327762037109375 0.629946353515625 0.34182962890625 0.640055728515625 0.324636111328125 0.654171353515625 0.290156482421875 0.659395833984375 0.2542981484375 0.662472396484375 0.201935185546875 0.6545609375 0.148790740234375 0.626869271484375 0.104243517578125 0.605771353515625 0.088612037109375 0.577640625 0.095646296875
7 0.467969271484375 0.44417037109375 0.4528609375 0.453732408203125 0.444154166015625 0.471489814453125 0.415730208984375 0.4960768515625 0.403951041015625 0.5243055546875 0.3980609375 0.578943517578125 0.4026703125 0.608083333984375 0.420339583984375 0.670006482421875 0.4618234375 0.715993517578125 0.470273958984375 0.702788888671875 0.448763541015625 0.681388888671875 0.423924478515625 0.638589814453125 0.412401041015625 0.593513888671875 0.411120833984375 0.550258333984375 0.4162421875 0.5147444453125 0.428021875 0.494710185546875 0.443330728515625 0.485506482421875 0.447227083984375 0.48287222265625 0.456702083984375 0.48560462890625 0.4707859375 0.476042591796875 0.4777 0.465114814453125 0.4756515625 0.44872407421875 0.467969271484375 0.44417037109375
1 0.416245833984375 0.504136111328125 0.414646353515625 0.5129518515625 0.404730208984375 0.517787037109375 0.396572916015625 0.524896296875 0.396892708984375 0.541675 0.403450521484375 0.5422444453125 0.415126041015625 0.530584259765625 0.421683853515625 0.52205277734375 0.4293609375 0.517217591796875 0.434505208984375 0.50922407421875 0.439757291015625 0.494182408203125 0.440877083984375 0.480816666015625 0.4381578125 0.469440740234375 0.430320833984375 0.468018517578125 0.420244271484375 0.481953703125 0.416245833984375 0.504136111328125
6 0.841942708984375 0.639338888671875 0.848411458984375 0.605275 0.868066666015625 0.590234259765625 0.865827603515625 0.57475092578125 0.8556265625 0.57917407421875 0.837713021484375 0.59819722265625 0.8290046875 0.65615 0.8120859375 0.709236111328125 0.787952083984375 0.741087962890625 0.7685453125 0.752589814453125 0.747645833984375 0.72604722265625 0.739435416015625 0.735337037109375 0.742234896484375 0.746861111328125 0.752870833984375 0.760111111328125 0.762573958984375 0.770286111328125 0.77924375 0.770286111328125 0.809348958984375 0.741087962890625 0.8342296875 0.686232408203125 0.841942708984375 0.639338888671875
7 0.159294271484375 0.12920092578125 0.172804166015625 0.1330444453125 0.18955625 0.103258333984375 0.218736978515625 0.063864814453125 0.2765578125 0.00909722265625 0.287365625 0.00044907421875 0.266913541015625 0 0.244134896484375 0.01390092578125 0.203065625 0.0542555546875 0.181990625 0.0763555546875 0.165238541015625 0.08212037109375 0.153890625 0.103258333984375 0.159294271484375 0.12920092578125
6 0.146681771484375 0.000232408203125 0.136186978515625 0.02540277734375 0.128620833984375 0.063590740234375 0.131305728515625 0.098307408203125 0.135942708984375 0.121740740234375 0.139847916015625 0.138665740234375 0.150586978515625 0.16600462890625 0.156200521484375 0.179457408203125 0.164743228515625 0.198117591796875 0.169136458984375 0.1959481484375 0.167495833984375 0.184540740234375 0.155956771484375 0.155589814453125 0.14619375 0.125212962890625 0.136919271484375 0.080081482421875 0.139847916015625 0.040157408203125 0.155468228515625 0.001534259765625 0.146681771484375 0.000232408203125
7 0.818674478515625 0.177234259765625 0.809794271484375 0.177891666015625 0.794994271484375 0.18644722265625 0.782784375 0.195660185546875 0.760214583984375 0.195660185546875 0.743194791015625 0.179865740234375 0.728764583984375 0.1515694453125 0.725064583984375 0.114718517578125 0.731724478515625 0.0930018515625 0.745044791015625 0.0719444453125 0.757624478515625 0.06997037109375 0.776494271484375 0.0851055546875 0.7813046875 0.075234259765625 0.770944271484375 0.0647055546875 0.758364583984375 0.056808333984375 0.739494791015625 0.058782408203125 0.722844791015625 0.083788888671875 0.719514583984375 0.127221296875 0.724324478515625 0.163414814453125 0.735424478515625 0.185788888671875 0.7535546875 0.208162962890625 0.7739046875 0.212111111328125 0.782747396484375 0.2131481484375 0.793884375 0.208162962890625 0.807574478515625 0.21145277734375 0.821634375 0.209478703125 0.825334375 0.196317591796875 0.824224478515625 0.181182408203125 0.818674478515625 0.177234259765625
7 0.859374478515625 0.117984259765625 0.853084375 0.0785 0.8416140625 0.0436231484375 0.822744271484375 0.0258555546875 0.806464583984375 0.024538888671875 0.787964583984375 0.0311194453125 0.777234375 0.0515194453125 0.773164583984375 0.08047407421875 0.780564583984375 0.081790740234375 0.783524478515625 0.059416666015625 0.802024478515625 0.038358333984375 0.817194271484375 0.037042591796875 0.831994271484375 0.048887037109375 0.847904166015625 0.0850805546875 0.851234375 0.144964814453125 0.844574478515625 0.1949768515625 0.841984375 0.219325 0.840134375 0.243015740234375 0.84611875 0.25097592578125 0.8545640625 0.2456481484375 0.8601140625 0.23380277734375 0.8601140625 0.212087037109375 0.857154166015625 0.193661111328125 0.859374478515625 0.117984259765625
7 0.767383853515625 0.136153703125 0.767383853515625 0.099657408203125 0.758535416015625 0.06442037109375 0.7429625 0.03107037109375 0.711108853515625 0.021631482421875 0.690580728515625 0.036733333984375 0.677485416015625 0.06190277734375 0.667929166015625 0.096512037109375 0.65801875 0.126715740234375 0.649170833984375 0.144334259765625 0.643861458984375 0.16447037109375 0.652002083984375 0.175796296875 0.663328125 0.16195277734375 0.672530208984375 0.126715740234375 0.684917708984375 0.0845555546875 0.699075 0.0574981484375 0.7093390625 0.044913888671875 0.7203109375 0.0474305546875 0.733052603515625 0.060015740234375 0.741193228515625 0.07637592578125 0.747563541015625 0.095882408203125 0.751456771484375 0.114760185546875 0.753934375 0.138671296875 0.749333333984375 0.1575481484375 0.744024478515625 0.168875 0.729513021484375 0.17265 0.725694271484375 0.184786111328125 0.728097396484375 0.205371296875 0.734468228515625 0.215438888671875 0.748271875 0.211663888671875 0.755704166015625 0.184606482421875 0.763136978515625 0.163212037109375 0.767383853515625 0.136153703125
7 0.839578125 0.120389814453125 0.844114583984375 0.154261111328125 0.843207291015625 0.176035185546875 0.8205265625 0.205068517578125 0.805557291015625 0.21474537109375 0.801021353515625 0.234907408203125 0.809640103515625 0.24055277734375 0.823702083984375 0.229262037109375 0.8423 0.2091 0.852733333984375 0.188938888671875 0.856361978515625 0.15345462890625 0.857269271484375 0.122809259765625 0.841846353515625 0.095388888671875 0.825063021484375 0.070388888671875 0.790588541015625 0.07119537109375 0.7738046875 0.076840740234375 0.761103646484375 0.087325 0.749763541015625 0.095388888671875 0.742505728515625 0.095388888671875 0.7298046875 0.10909907421875 0.732072396484375 0.133292591796875 0.737969271484375 0.142163888671875 0.740793228515625 0.13615092578125 0.754753125 0.13087407421875 0.766546875 0.112325 0.783330728515625 0.099421296875 0.805104166015625 0.09297037109375 0.824609375 0.0937768515625 0.839578125 0.120389814453125
7 0.305717708984375 0.07307777734375 0.283960416015625 0.086153703125 0.26771875 0.104132408203125 0.264654166015625 0.127014814453125 0.274766666015625 0.1313731484375 0.274530208984375 0.133032408203125 0.291927603515625 0.1204768515625 0.3146046875 0.107946296875 0.3348296875 0.0916018515625 0.335136458984375 0.0708981484375 0.325942708984375 0.06272592578125 0.305717708984375 0.07307777734375
7 0.522642708984375 0.1131481484375 0.528658333984375 0.060485185546875 0.520791666015625 0.051434259765625 0.516164583984375 0.085171296875 0.5022828125 0.134542591796875 0.47220625 0.153468517578125 0.448607291015625 0.146062962890625 0.431023958984375 0.130428703125 0.4162171875 0.097513888671875 0.4065 0.068713888671875 0.391692708984375 0.03662222265625 0.382901041015625 0.038268517578125 0.379661978515625 0.070359259765625 0.3903046875 0.091753703125 0.401409896484375 0.0934 0.41991875 0.14112592578125 0.460175521484375 0.174862962890625 0.503671353515625 0.16169722265625 0.522642708984375 0.1131481484375
1 0.942091146484375 0.81495092578125 0.937231771484375 0.81687037109375 0.924814583984375 0.82167037109375 0.914016666015625 0.82582962890625 0.910057291015625 0.82742962890625 0.9042984375 0.83095 0.904780728515625 0.835161111328125 0.922294791015625 0.83062962890625 0.931113021484375 0.82615 0.939031771484375 0.8226305546875 0.942990625 0.82007037109375 0.942270833984375 0.817510185546875 0.942091146484375 0.81495092578125
1 0.425547396484375 0.520962037109375 0.424340625 0.520157408203125 0.4204203125 0.520962037109375 0.418459896484375 0.524983333984375 0.418761458984375 0.5362444453125 0.419213541015625 0.542411111328125 0.419666146484375 0.549382408203125 0.416046875 0.56815092578125 0.411070833984375 0.58665092578125 0.408658333984375 0.596571296875 0.4020234375 0.607832408203125 0.402753125 0.61222037109375 0.408808853515625 0.603811111328125 0.413483853515625 0.591209259765625 0.42011875 0.562788888671875 0.4237375 0.54080277734375 0.425547396484375 0.53329537109375 0.425547396484375 0.520962037109375
1 0.4204359375 0.517808333984375 0.4252359375 0.51484722265625 0.427488541015625 0.511189814453125 0.429741666015625 0.508403703125 0.433659896484375 0.502307408203125 0.437676041015625 0.49290277734375 0.4391453125 0.48210462890625 0.438067708984375 0.47687962890625 0.4359125 0.473918517578125 0.432092708984375 0.47165462890625 0.4283703125 0.472525 0.4261171875 0.475312037109375 0.423864583984375 0.478621296875 0.422199478515625 0.4833231484375 0.421709375 0.48802592578125 0.422433705078125 0.492017724609375 0.42389479296875 0.49149844921875 0.423864583984375 0.490638888671875 0.424158333984375 0.486806482421875 0.4252359375 0.4826268515625 0.426803125 0.47879537109375 0.426901041015625 0.47757592578125 0.428468228515625 0.476182408203125 0.4312109375 0.474092591796875 0.432680208984375 0.474614814453125 0.4359125 0.475486111328125 0.4365984375 0.47775 0.4365984375 0.481581482421875 0.435520833984375 0.489767591796875 0.4343453125 0.496734259765625 0.432190625 0.49969537109375 0.42940346484375 0.50295720703125 0.429545833984375 0.5042231484375 0.429447916015625 0.507706482421875 0.426411458984375 0.511887037109375 0.426365806640625 0.511912400390625 0.426313541015625 0.512061111328125 0.42611716796875 0.512050537109375 0.4232765625 0.513628703125 0.420828125 0.51380277734375 0.420437818359375 0.5134173125 0.41886875 0.51449907421875 0.416143228515625 0.51465092578125 0.412011978515625 0.5198981484375 0.406428646484375 0.520943517578125 0.400943228515625 0.5235555546875 0.398592708984375 0.52982592578125 0.399473958984375 0.5364444453125 0.404078125 0.537488888671875 0.406722916015625 0.535921296875 0.4119140625 0.5287805546875 0.4204359375 0.517808333984375
1 0.42286371484375 0.511744830078125 0.421219791015625 0.510667591796875 0.4192609375 0.50822962890625 0.421807291015625 0.501611111328125 0.422199478515625 0.49882407421875 0.4232765625 0.495166666015625 0.42355148828125 0.494575072265625 0.4226890625 0.493425 0.422433705078125 0.492017724609375 0.421905208984375 0.4922055546875 0.420240103515625 0.496212037109375 0.418672916015625 0.501611111328125 0.418672916015625 0.506836111328125 0.418672916015625 0.50962222265625 0.419064583984375 0.512061111328125 0.420437818359375 0.5134173125 0.42286371484375 0.511744830078125
1 0.159979166015625 0.686732408203125 0.161470833984375 0.681958333984375 0.164155728515625 0.677891666015625 0.165746875 0.6789518515625 0.165746875 0.682488888671875 0.1626640625 0.69079907421875 0.157890625 0.697341666015625 0.149139583984375 0.7100731484375 0.141780208984375 0.720682408203125 0.138896353515625 0.723511111328125 0.135614583984375 0.731468517578125 0.135117708984375 0.7374805546875 0.1360125 0.740662962890625 0.138399478515625 0.74455277734375 0.141283333984375 0.74455277734375 0.1441671875 0.74402222265625 0.147946353515625 0.74154722265625 0.147846875 0.7396018515625 0.1447640625 0.7392481484375 0.1413828125 0.739425 0.1390953125 0.739425 0.1380015625 0.735181482421875 0.137802603515625 0.7327055546875 0.138101041015625 0.730584259765625 0.142675521484375 0.72457222265625 0.145559375 0.720328703125 0.1492390625 0.71520092578125 0.151526041015625 0.710957408203125 0.155006771484375 0.706536111328125 0.1581890625 0.701762037109375 0.1615703125 0.696811111328125 0.163061978515625 0.692037037109375 0.1674375 0.6837268515625 0.168233333984375 0.67877592578125 0.1677359375 0.674885185546875 0.164653125 0.67400092578125 0.160775 0.67842222265625 0.158586978515625 0.683903703125 0.156697396484375 0.687793517578125 0.154409896484375 0.695042591796875 0.153151041015625 0.700325 0.153813541015625 0.70087777734375 0.1543109375 0.70070092578125 0.156796875 0.696457408203125 0.157990103515625 0.693628703125 0.159979166015625 0.686732408203125
1 0.302846875 0.08247037109375 0.2916171875 0.085542591796875 0.277580208984375 0.090917591796875 0.27218125 0.096293517578125 0.269805728515625 0.1032055546875 0.2702375 0.104741666015625 0.2773640625 0.100517591796875 0.284490625 0.0936055546875 0.290753646484375 0.0913018515625 0.298959896484375 0.0866944453125 0.30889375 0.08362222265625 0.313644791015625 0.08362222265625 0.315588541015625 0.083237962890625 0.303063021484375 0.09207037109375 0.291185416015625 0.09744537109375 0.291401041015625 0.1032055546875 0.314940625 0.092453703125 0.325954166015625 0.084006482421875 0.32725 0.08055092578125 0.3220671875 0.0786305546875 0.314508333984375 0.0793981484375 0.302846875 0.08247037109375