7 0.138818228515625 0.188659259765625 0.132884896484375 0.167561111328125 0.1220078125 0.167561111328125 0.1150859375 0.1763518515625 0.116569271484375 0.195692591796875 0.124974478515625 0.21767037109375 0.1343328125 0.234858333984375 0.1516734375 0.249318517578125 0.162550521484375 0.2440444453125 0.159584375 0.224703703125 0.1447515625 0.213275 0.138818228515625 0.188659259765625
2 0.216638541015625 0.461534259765625 0.222571353515625 0.479116666015625 0.228998958984375 0.487028703125 0.236983333984375 0.490514814453125 0.2492703125 0.473841666015625 0.2512484375 0.451863888671875 0.2477875 0.4334018515625 0.231471353515625 0.429886111328125 0.220099478515625 0.436039814453125 0.216638541015625 0.461534259765625
2 0.585480728515625 0.2672481484375 0.592897396484375 0.2839518515625 0.609051041015625 0.284861111328125 0.618113021484375 0.2716444453125 0.615641146484375 0.243512037109375 0.606246875 0.230325 0.596358333984375 0.230325 0.585975521484375 0.244391666015625 0.585480728515625 0.2672481484375
7 0.4203421875 0.254940740234375 0.4089703125 0.227687962890625 0.378316146484375 0.199556482421875 0.376338541015625 0.212742591796875 0.393148958984375 0.229446296875 0.405015103515625 0.244391666015625 0.4158921875 0.282193517578125 0.414409375 0.318237037109375 0.403531771484375 0.3472481484375 0.387709896484375 0.3692268515625 0.3723828125 0.384171296875 0.34370625 0.389446296875 0.3254125 0.382412962890625 0.315523958984375 0.387687962890625 0.312557291015625 0.403512037109375 0.315029166015625 0.418457408203125 0.3288734375 0.4210944453125 0.346178125 0.41142407421875 0.374855208984375 0.402633333984375 0.404026041015625 0.377138888671875 0.414903646484375 0.349006482421875 0.425286458984375 0.306809259765625 0.4203421875 0.254940740234375
6 0.552354166015625 0.318237037109375 0.563231771484375 0.312083333984375 0.551365625 0.2839518515625 0.525655208984375 0.24615 0.488078646484375 0.222412962890625 0.4613796875 0.221534259765625 0.439625 0.23120462890625 0.4178703125 0.243512037109375 0.404026041015625 0.25757777734375 0.387215625 0.243512037109375 0.386721353515625 0.260215740234375 0.3951265625 0.269886111328125 0.410947916015625 0.270764814453125 0.428747396484375 0.259336111328125 0.437755208984375 0.2512444453125 0.451491146484375 0.24615 0.468796353515625 0.242633333984375 0.489561978515625 0.24615 0.509833333984375 0.258457408203125 0.5320828125 0.281314814453125 0.552354166015625 0.318237037109375
5 0.554331771484375 0.519413888671875 0.544443228515625 0.5123805546875 0.5365328125 0.5229305546875 0.539499478515625 0.536996296875 0.542960416015625 0.554578703125 0.551365625 0.567765740234375 0.564220833984375 0.56424907421875 0.569659375 0.549303703125 0.5661984375 0.530842591796875 0.554331771484375 0.519413888671875
2 0.450996875 0.718689814453125 0.461113541015625 0.733738888671875 0.474234896484375 0.72572222265625 0.483134375 0.71077777734375 0.478190103515625 0.69934907421875 0.460390625 0.692315740234375 0.451985416015625 0.707261111328125 0.450996875 0.718689814453125
7 0.2756265625 0.7266018515625 0.277109896484375 0.71077777734375 0.268209896484375 0.695832408203125 0.254366146484375 0.689678703125 0.231622396484375 0.671216666015625 0.196518228515625 0.62550277734375 0.170313541015625 0.578909259765625 0.157458333984375 0.529678703125 0.149547396484375 0.467261111328125 0.139164583984375 0.47605277734375 0.1455921875 0.50242592578125 0.149053125 0.542865740234375 0.152019791015625 0.56572222265625 0.156919791015625 0.580487962890625 0.184157291015625 0.631656482421875 0.207890103515625 0.66330462890625 0.2439828125 0.702865740234375 0.249421875 0.723963888671875 0.265738021484375 0.73627222265625 0.2756265625 0.7266018515625
7 0.7032859375 0.712536111328125 0.713669271484375 0.677371296875 0.727513021484375 0.65715092578125 0.72256875 0.644843517578125 0.706747396484375 0.66330462890625 0.697847396484375 0.692315740234375 0.688453646484375 0.717810185546875 0.654338021484375 0.766162037109375 0.623683333984375 0.7951731484375 0.5945125 0.815392591796875 0.580668228515625 0.820667591796875 0.568802083984375 0.825942591796875 0.561880208984375 0.843525 0.561880208984375 0.8584694453125 0.580668228515625 0.8584694453125 0.592040103515625 0.850557408203125 0.595006771484375 0.836491666015625 0.617255728515625 0.82330462890625 0.648899478515625 0.7890194453125 0.680047916015625 0.74857962890625 0.7032859375 0.712536111328125
6 0.647910416015625 0.854953703125 0.641977083984375 0.851437037109375 0.628133333984375 0.872535185546875 0.604401041015625 0.9077 0.595006771484375 0.932315740234375 0.5811625 0.963963888671875 0.574240625 0.990337962890625 0.574240625 0.99907407421875 0.583140625 0.99907407421875 0.582911458984375 0.99575 0.591051041015625 0.975392591796875 0.6004453125 0.948139814453125 0.610333853515625 0.921766666015625 0.6276390625 0.894513888671875 0.639999478515625 0.874293517578125 0.647910416015625 0.854953703125
5 0.80019375 0.366588888671875 0.798216146484375 0.38505092578125 0.802592708984375 0.40152962890625 0.8219484375 0.4158194453125 0.834309375 0.397358333984375 0.827881771484375 0.378017591796875 0.818982291015625 0.359556482421875 0.809588021484375 0.3525231484375 0.80019375 0.366588888671875
5 0.939622396484375 0.276182408203125 0.938633333984375 0.292006482421875 0.9416 0.30079722265625 0.9494171875 0.308589814453125 0.962366146484375 0.303434259765625 0.9722546875 0.292006482421875 0.975715625 0.27002777734375 0.968298958984375 0.256841666015625 0.951488541015625 0.26299537109375 0.939622396484375 0.276182408203125
2 0.875346875 0.49142407421875 0.87781875 0.509006482421875 0.887128125 0.5251194453125 0.903034896484375 0.52307222265625 0.9109453125 0.50285277734375 0.906495833984375 0.4756 0.8946296875 0.467687962890625 0.8812796875 0.472962962890625 0.875346875 0.49142407421875
7 0.8743578125 0.068709259765625 0.883752083984375 0.052006482421875 0.87781875 0.032665740234375 0.867930208984375 0.030028703125 0.857053125 0.0396981484375 0.843703646484375 0.065193517578125 0.809588021484375 0.10827037109375 0.758167708984375 0.175962037109375 0.718613541015625 0.218160185546875 0.704769271484375 0.229588888671875 0.711383333984375 0.24630092578125 0.738884896484375 0.219038888671875 0.7853609375 0.164533333984375 0.823431771484375 0.11530277734375 0.8516140625 0.08365462890625 0.859525 0.08277592578125 0.8743578125 0.068709259765625
7 0.88226875 0.150467591796875 0.8718859375 0.17244537109375 0.857053125 0.18827037109375 0.847658853515625 0.209368517578125 0.843208853515625 0.24365462890625 0.848647916015625 0.259478703125 0.859525 0.251566666015625 0.852108853515625 0.23222592578125 0.859525 0.202336111328125 0.87781875 0.190907408203125 0.8926515625 0.15750092578125 0.895618228515625 0.128489814453125 0.887213021484375 0.105632408203125 0.873369271484375 0.074862962890625 0.866941666015625 0.06695092578125 0.858536458984375 0.068709259765625 0.853097396484375 0.096841666015625 0.847164583984375 0.128489814453125 0.838264583984375 0.143435185546875 0.832331771484375 0.16892962890625 0.833815103515625 0.186512037109375 0.845416146484375 0.189943517578125 0.85013125 0.167171296875 0.856558333984375 0.1364018515625 0.866446875 0.091566666015625 0.875346875 0.106512037109375 0.884741146484375 0.129368517578125 0.88226875 0.150467591796875
7 0.9707703125 0.844171296875 0.964199478515625 0.834575 0.955516666015625 0.8483444453125 0.955281771484375 0.87922222265625 0.9583328125 0.899668517578125 0.9559859375 0.9343018515625 0.944721353515625 0.963093517578125 0.9329875 0.97644537109375 0.9184375 0.98270462890625 0.905295833984375 0.979783333984375 0.895439583984375 0.971021296875 0.886991146484375 0.96017222265625 0.879011978515625 0.939309259765625 0.871267708984375 0.86420092578125 0.865635416015625 0.866287037109375 0.867982291015625 0.905510185546875 0.8733796875 0.94515092578125 0.889807291015625 0.979783333984375 0.9074078125 0.9897981484375 0.9266515625 0.99105 0.935290625 0.985087037109375 0.952700521484375 0.968517591796875 0.963730208984375 0.940560185546875 0.967954166015625 0.9117694453125 0.966546353515625 0.89799907421875 0.972178646484375 0.865035185546875 0.9707703125 0.844171296875
2 0.246242708984375 0.94442407421875 0.253889583984375 0.949458333984375 0.267278646484375 0.94442407421875 0.269191146484375 0.92572222265625 0.262976041015625 0.911271296875 0.249589583984375 0.909571296875 0.243373958984375 0.92827222265625 0.246242708984375 0.94442407421875
7 0.773513541015625 0.92957592578125 0.780554166015625 0.928741666015625 0.779145833984375 0.914971296875 0.7760953125 0.899532408203125 0.776799478515625 0.866985185546875 0.786890625 0.9362518515625 0.790176041015625 0.950856482421875 0.793696353515625 0.957115740234375 0.8002671875 0.963791666015625 0.8073078125 0.960453703125 0.8070734375 0.95002222265625 0.803305208984375 0.929237962890625 0.793696353515625 0.911215740234375 0.777503125 0.85112962890625 0.773279166015625 0.851546296875 0.765534375 0.9191444453125 0.7667078125 0.92707222265625 0.773513541015625 0.92957592578125
6 0 0.84347222265625 0.000409896484375 0.8820768515625 0.003277603515625 0.87042222265625 0.007784896484375 0.8391018515625 0.012701041015625 0.8121518515625 0.018846875 0.7837444453125 0.022125 0.764806482421875 0.014340103515625 0.75897962890625 0.011471875 0.772818517578125 0.007375 0.789571296875 0.004506771484375 0.808509259765625 0.000819271484375 0.829632408203125 0 0.84347222265625
1 0.157309375 0.236692591796875 0.1545 0.2322518515625 0.147632291015625 0.226146296875 0.1440421875 0.222261111328125 0.142013541015625 0.221983333984375 0.14295 0.225313888671875 0.143886458984375 0.228366666015625 0.149505208984375 0.231696296875 0.154968228515625 0.2350268515625 0.1560609375 0.239467591796875 0.152470833984375 0.238912037109375 0.148256771484375 0.23447222265625 0.140608333984375 0.227534259765625 0.136550521484375 0.217265740234375 0.134833333984375 0.22059537109375 0.139671875 0.231141666015625 0.144666666015625 0.2350268515625 0.152158853515625 0.243075 0.1560609375 0.243907408203125 0.157933853515625 0.24057777734375 0.157309375 0.236692591796875
4 0.8651 0.07592222265625 0.866841666015625 0.07592222265625 0.873634375 0.089237962890625 0.883910416015625 0.114631482421875 0.891051041015625 0.132283333984375 0.891225521484375 0.1384768515625 0.891225521484375 0.145289814453125 0.8732859375 0.184 0.865622916015625 0.18895462890625 0.856217708984375 0.198864814453125 0.848728646484375 0.21744537109375 0.848380208984375 0.2313805546875 0.848728646484375 0.2416 0.8516890625 0.251510185546875 0.853605208984375 0.250581482421875 0.849947396484375 0.229832408203125 0.8523859375 0.21682592578125 0.860397396484375 0.197006482421875 0.864752083984375 0.193290740234375 0.870325 0.190503703125 0.8758984375 0.185858333984375 0.878859375 0.178115740234375 0.893141146484375 0.14467037109375 0.893141146484375 0.132593517578125 0.891051041015625 0.1257805546875 0.8758984375 0.08737962890625 0.868931771484375 0.074063888671875 0.864403646484375 0.072825 0.861616666015625 0.0734444453125 0.8602234375 0.081783333984375 0.855172396484375 0.111512962890625 0.848788541015625 0.1353231484375 0.848902603515625 0.137238888671875 0.851341146484375 0.139096296875 0.860049478515625 0.10627037109375 0.863184375 0.076231482421875 0.8651 0.07592222265625
4 0.783026041015625 0.877032408203125 0.779911978515625 0.863188888671875 0.776463541015625 0.855871296875 0.775129166015625 0.854684259765625 0.773460416015625 0.856068517578125 0.772126041015625 0.8661555546875 0.7712359375 0.87980092578125 0.76945625 0.89799537109375 0.76945625 0.909862037109375 0.769122916015625 0.9221231484375 0.772126041015625 0.930034259765625 0.7772421875 0.929637962890625 0.778243228515625 0.926078703125 0.778020833984375 0.91975 0.776797396484375 0.91539907421875 0.777019791015625 0.91302592578125 0.776797396484375 0.90907037109375 0.774461458984375 0.90907037109375 0.774461458984375 0.914608333984375 0.775573958984375 0.92152962890625 0.775573958984375 0.925089814453125 0.7742390625 0.925089814453125 0.772236978515625 0.9246944453125 0.771569791015625 0.9221231484375 0.771458333984375 0.91520092578125 0.770791146484375 0.900763888671875 0.7736828125 0.88632777734375 0.7747953125 0.8661555546875 0.775796353515625 0.861211111328125 0.777353646484375 0.8645731484375 0.780690103515625 0.88217407421875 0.782803646484375 0.9065 0.785028125 0.9157944453125 0.788050521484375 0.921863888671875 0.790589583984375 0.918562962890625 0.788809896484375 0.9126305546875 0.785472916015625 0.900962037109375 0.782915103515625 0.8841518515625 0.783026041015625 0.877032408203125