5 0.922791666015625 0.57159537109375 0.916077603515625 0.6020981484375 0.922045833984375 0.619338888671875 0.948901041015625 0.611381482421875 0.9541234375 0.5742481484375 0.9459171875 0.5517018515625 0.932489583984375 0.5517018515625 0.922791666015625 0.57159537109375
7 0.692280208984375 0.973436111328125 0.691534375 0.950890740234375 0.6848203125 0.929671296875 0.656472396484375 0.915083333984375 0.644536458984375 0.915083333984375 0.629616666015625 0.919062037109375 0.637822916015625 0.953542591796875 0.6490125 0.9628268515625 0.673630208984375 0.974762037109375 0.692280208984375 0.973436111328125
7 0.161134375 0.232086111328125 0.167847916015625 0.19362592578125 0.1648640625 0.168428703125 0.157404166015625 0.1671018515625 0.132786458984375 0.21484537109375 0.1253265625 0.24800092578125 0.133532291015625 0.263914814453125 0.1491984375 0.27319907421875 0.161134375 0.232086111328125
7 0.550541666015625 0.87529722265625 0.555017708984375 0.920387962890625 0.5662078125 0.862034259765625 0.5714296875 0.79970277734375 0.561731771484375 0.745328703125 0.543081771484375 0.709521296875 0.519209896484375 0.696258333984375 0.481910416015625 0.682996296875 0.4632609375 0.671061111328125 0.441627083984375 0.66045092578125 0.432675 0.682996296875 0.435658853515625 0.7121731484375 0.452816666015625 0.71880462890625 0.464752603515625 0.721456482421875 0.476688541015625 0.706868517578125 0.500560416015625 0.7121731484375 0.537859896484375 0.734718517578125 0.549795833984375 0.758590740234375 0.555763541015625 0.807660185546875 0.550541666015625 0.87529722265625
7 0.208877603515625 0.929671296875 0.232003125 0.896515740234375 0.26631875 0.864687037109375 0.289444791015625 0.7943981484375 0.298396875 0.724109259765625 0.297650521484375 0.6843231484375 0.300634375 0.641884259765625 0.3073484375 0.608728703125 0.305110416015625 0.583531482421875 0.2969046875 0.57557407421875 0.288698958984375 0.57955277734375 0.282730728515625 0.5981194453125 0.280492708984375 0.623317591796875 0.282730728515625 0.643210185546875 0.281984896484375 0.732066666015625 0.268556771484375 0.801028703125 0.237971353515625 0.858056482421875 0.190973958984375 0.937628703125 0.208877603515625 0.929671296875
7 0.198433853515625 0.503958333984375 0.198433853515625 0.5278305546875 0.19545 0.563637962890625 0.203655728515625 0.595466666015625 0.219321353515625 0.6339268515625 0.246177083984375 0.668408333984375 0.2969046875 0.65382037109375 0.319284375 0.62862222265625 0.305856771484375 0.627296296875 0.279746875 0.640558333984375 0.242447396484375 0.62862222265625 0.224543228515625 0.583531482421875 0.215591666015625 0.5238518515625 0.2230515625 0.4999805546875 0.22678125 0.46947777734375 0.218575521484375 0.449584259765625 0.208877603515625 0.457541666015625 0.1991796875 0.480087037109375 0.198433853515625 0.503958333984375
7 0.1357703125 0.65779907421875 0.144722396484375 0.644537037109375 0.140246353515625 0.60475092578125 0.128310416015625 0.563637962890625 0.102201041015625 0.498653703125 0.084296875 0.4416268515625 0.076836978515625 0.392557408203125 0.076836978515625 0.367359259765625 0.0753453125 0.346139814453125 0.073107291015625 0.32889907421875 0.059679166015625 0.320942591796875 0.052965625 0.3355305546875 0.053711458984375 0.35675 0.0581875 0.3779694453125 0.064901041015625 0.391231482421875 0.071615103515625 0.446931482421875 0.095486978515625 0.514568517578125 0.1201046875 0.57557407421875 0.131294271484375 0.6339268515625 0.1357703125 0.65779907421875
7 0.185005728515625 0.863361111328125 0.182767708984375 0.810312962890625 0.158896353515625 0.690953703125 0.150690103515625 0.60475092578125 0.14770625 0.5769 0.136516666015625 0.560986111328125 0.134278646484375 0.580878703125 0.142484375 0.659125 0.14770625 0.71482592578125 0.15815 0.786440740234375 0.16635625 0.834184259765625 0.1648640625 0.85275092578125 0.152928125 0.835510185546875 0.133532291015625 0.815617591796875 0.117866666015625 0.832858333984375 0.119358853515625 0.860708333984375 0.1387546875 0.87397037109375 0.162626041015625 0.87397037109375 0.185005728515625 0.863361111328125
7 0.762403125 0.71747777734375 0.756435416015625 0.701563888671875 0.7534515625 0.673712962890625 0.7534515625 0.651167591796875 0.749721353515625 0.6339268515625 0.747483333984375 0.65647222265625 0.748975521484375 0.698911111328125 0.75718125 0.74002407421875 0.791496875 0.7625694453125 0.817606771484375 0.751959259765625 0.834764583984375 0.725435185546875 0.850430208984375 0.68167037109375 0.8616203125 0.645862962890625 0.857144271484375 0.620664814453125 0.8481921875 0.614034259765625 0.839240625 0.618012962890625 0.83401875 0.62862222265625 0.833272396484375 0.652493517578125 0.833272396484375 0.667082408203125 0.822828646484375 0.697585185546875 0.8116390625 0.724109259765625 0.789258853515625 0.732066666015625 0.773593228515625 0.732066666015625 0.762403125 0.71747777734375
7 0.666916666015625 0.728087962890625 0.693026041015625 0.733392591796875 0.739277603515625 0.7440018515625 0.781798958984375 0.74267592578125 0.7929890625 0.754612037109375 0.798956771484375 0.773178703125 0.812384896484375 0.786440740234375 0.812384896484375 0.7665481484375 0.801194791015625 0.73869722265625 0.772101041015625 0.728087962890625 0.725103646484375 0.71880462890625 0.652742708984375 0.701563888671875 0.637822916015625 0.701563888671875 0.622156771484375 0.71482592578125 0.618427083984375 0.74665462890625 0.623648958984375 0.74665462890625 0.647520833984375 0.73604537109375 0.666916666015625 0.728087962890625
7 0.680344271484375 0.787766666015625 0.681836458984375 0.729413888671875 0.6848203125 0.682996296875 0.67810625 0.63260092578125 0.6557265625 0.57955277734375 0.635584896484375 0.562312037109375 0.596793228515625 0.562312037109375 0.573667708984375 0.564963888671875 0.607983333984375 0.5742481484375 0.6400609375 0.584857408203125 0.662440625 0.6299481484375 0.670646353515625 0.6803444453125 0.6743765625 0.729413888671875 0.661694271484375 0.7665481484375 0.6505046875 0.781136111328125 0.6505046875 0.810312962890625 0.653488541015625 0.838162962890625 0.663186458984375 0.840815740234375 0.675122396484375 0.8302055546875 0.680344271484375 0.787766666015625
7 0.801194791015625 0.242696296875 0.817606771484375 0.177712037109375 0.821336458984375 0.1352731484375 0.810892708984375 0.172406482421875 0.801941146484375 0.208214814453125 0.781053125 0.24800092578125 0.7586734375 0.26922037109375 0.733309896484375 0.266567591796875 0.710930208984375 0.232086111328125 0.701978125 0.196278703125 0.697502083984375 0.16445 0.6848203125 0.13659907421875 0.67810625 0.148535185546875 0.675122396484375 0.1671018515625 0.684074478515625 0.19495277734375 0.687804166015625 0.205562037109375 0.693772396484375 0.212193517578125 0.712421875 0.263914814453125 0.722865625 0.286461111328125 0.755689583984375 0.2957444453125 0.788513021484375 0.2811555546875 0.801194791015625 0.242696296875
7 0.629616666015625 0.344813888671875 0.641552603515625 0.364707408203125 0.6848203125 0.347466666015625 0.707945833984375 0.298396296875 0.707945833984375 0.240043517578125 0.691534375 0.179037962890625 0.6691546875 0.147209259765625 0.647520833984375 0.125989814453125 0.636330728515625 0.10477037109375 0.6266328125 0.1034444453125 0.613951041015625 0.123337037109375 0.619172916015625 0.148535185546875 0.6370765625 0.157818517578125 0.652742708984375 0.16179722265625 0.672884375 0.181690740234375 0.6900421875 0.22015 0.687804166015625 0.278503703125 0.676614583984375 0.318289814453125 0.629616666015625 0.344813888671875
2 0.584733853515625 0.3127018515625 0.5551 0.248485185546875 0.5236140625 0.210613888671875 0.5097234375 0.236959259765625 0.511575521484375 0.281416666015625 0.529170833984375 0.335753703125 0.543865625 0.390946296875 0.558804166015625 0.413143517578125 0.591216146484375 0.42302222265625 0.604180728515625 0.404910185546875 0.595846353515625 0.36209907421875 0.584733853515625 0.3127018515625
7 0.765316666015625 0.796707408203125 0.751561978515625 0.77725092578125 0.739683333984375 0.750568517578125 0.7371828125 0.722217591796875 0.736244791015625 0.693866666015625 0.741558853515625 0.672742591796875 0.7521875 0.64995092578125 0.756876041015625 0.64995092578125 0.7671921875 0.648839814453125 0.779695833984375 0.6527305546875 0.790011458984375 0.67552222265625 0.7931375 0.693866666015625 0.806266666015625 0.705540740234375 0.81251875 0.703316666015625 0.814081771484375 0.6877518515625 0.802828125 0.669407408203125 0.789073958984375 0.63827777734375 0.770630728515625 0.627715740234375 0.754688021484375 0.63049537109375 0.739370833984375 0.643836111328125 0.729992708984375 0.672187037109375 0.7268671875 0.700537962890625 0.7278046875 0.722217591796875 0.728430208984375 0.745564814453125 0.73249375 0.773915740234375 0.744059896484375 0.79559537109375 0.753125 0.80337777734375 0.756485416015625 0.81219722265625 0.760002083984375 0.822278703125 0.769380208984375 0.83617592578125 0.7781328125 0.8389555546875 0.7775078125 0.821166666015625 0.768755208984375 0.80115462890625 0.765316666015625 0.796707408203125
7 0.680602603515625 0.513839814453125 0.683103125 0.543858333984375 0.683103125 0.586106482421875 0.684353646484375 0.621683333984375 0.691543228515625 0.659484259765625 0.699045833984375 0.671713888671875 0.7184265625 0.688946296875 0.726554166015625 0.686167591796875 0.729680208984375 0.67504907421875 0.724053646484375 0.6722694453125 0.714675521484375 0.67282592578125 0.706547916015625 0.6611518515625 0.701233853515625 0.64947777734375 0.696232291015625 0.636692591796875 0.69310625 0.621683333984375 0.689667708984375 0.593888888671875 0.691230728515625 0.549417591796875 0.690918228515625 0.51272777734375 0.6871671875 0.480486111328125 0.6777890625 0.4299 0.669036458984375 0.390987037109375 0.6668484375 0.36430462890625 0.659971353515625 0.342068517578125 0.649968228515625 0.34040092578125 0.644028646484375 0.346515740234375 0.643090625 0.363192591796875 0.6465296875 0.38320462890625 0.655282291015625 0.399568517578125 0.658720833984375 0.404328703125 0.663409896484375 0.41822592578125 0.6715375 0.447132408203125 0.6768515625 0.47715092578125 0.680602603515625 0.513839814453125
7 0.705297916015625 0.6166805546875 0.695919791015625 0.657261111328125 0.685916666015625 0.701732408203125 0.688730208984375 0.70784722265625 0.694044271484375 0.688946296875 0.700608853515625 0.662263888671875 0.709361458984375 0.627242591796875 0.714675521484375 0.6038944453125 0.719989583984375 0.556087962890625 0.719364583984375 0.522734259765625 0.7174890625 0.488825 0.710299478515625 0.435459259765625 0.705922916015625 0.411 0.699983333984375 0.37597777734375 0.693731771484375 0.372087037109375 0.689980208984375 0.387096296875 0.69310625 0.405440740234375 0.6974828125 0.42489722265625 0.703422396484375 0.439906482421875 0.709673958984375 0.484933333984375 0.713738021484375 0.530516666015625 0.7128 0.5755444453125 0.705297916015625 0.6166805546875
7 0.794388021484375 0.513284259765625 0.791886978515625 0.522734259765625 0.766566666015625 0.560535185546875 0.741558853515625 0.58110277734375 0.714050521484375 0.615012962890625 0.701859375 0.642807408203125 0.693731771484375 0.671713888671875 0.69185625 0.690058333984375 0.695919791015625 0.6945055546875 0.705922916015625 0.663931482421875 0.726241666015625 0.6166805546875 0.7481234375 0.591109259765625 0.764378646484375 0.5755444453125 0.783759896484375 0.551085185546875 0.803453125 0.527737037109375 0.8178328125 0.52162222265625 0.825647916015625 0.508281482421875 0.824397396484375 0.488268517578125 0.818770833984375 0.482710185546875 0.810955728515625 0.48604537109375 0.794388021484375 0.513284259765625
7 0.774694271484375 0.529961111328125 0.762190625 0.525513888671875 0.7484359375 0.518287037109375 0.729680208984375 0.513284259765625 0.7118625 0.527181482421875 0.6981078125 0.546637962890625 0.688730208984375 0.581659259765625 0.6868546875 0.61334537109375 0.686229166015625 0.641139814453125 0.69185625 0.662263888671875 0.698733333984375 0.673937962890625 0.7077984375 0.683943517578125 0.713738021484375 0.688946296875 0.723428646484375 0.690058333984375 0.725929166015625 0.676716666015625 0.711549478515625 0.670046296875 0.6971703125 0.645587037109375 0.691543228515625 0.620015740234375 0.695294791015625 0.592221296875 0.702171875 0.572209259765625 0.709986458984375 0.551085185546875 0.721865625 0.5388555546875 0.733744271484375 0.529961111328125 0.742496875 0.532740740234375 0.750311978515625 0.537743517578125 0.754141146484375 0.54475277734375 0.762190625 0.553308333984375 0.7675046875 0.56164722265625 0.7775078125 0.5594231484375 0.785009896484375 0.5499731484375 0.780633853515625 0.536631482421875 0.774694271484375 0.529961111328125
7 0.649336978515625 0.37562962890625 0.643500521484375 0.401056482421875 0.644376041015625 0.41402962890625 0.642625 0.4462018515625 0.642333333984375 0.488234259765625 0.650504166015625 0.534937037109375 0.6688875 0.590461111328125 0.686104166015625 0.61485 0.7071140625 0.630417591796875 0.733376041015625 0.640796296875 0.741546875 0.641314814453125 0.738336978515625 0.628861111328125 0.702153125 0.612775 0.6761828125 0.5806018515625 0.657798958984375 0.53389907421875 0.650504166015625 0.490828703125 0.651379166015625 0.44464537109375 0.653130208984375 0.428039814453125 0.658674478515625 0.41402962890625 0.661008853515625 0.400018517578125 0.665969791015625 0.387564814453125 0.6607171875 0.373035185546875 0.65575625 0.37199722265625 0.649336978515625 0.37562962890625
7 0.6808515625 0.258392591796875 0.678225521484375 0.269289814453125 0.669471353515625 0.309246296875 0.664802603515625 0.34972222265625 0.6583828125 0.392792591796875 0.65575625 0.433787037109375 0.658674478515625 0.481008333984375 0.663927083984375 0.517332408203125 0.668595833984375 0.55735277734375 0.67355625 0.573957408203125 0.676474478515625 0.5640981484375 0.6747234375 0.5256981484375 0.668304166015625 0.4888555546875 0.663927083984375 0.45772037109375 0.663634896484375 0.43385 0.668011978515625 0.391817591796875 0.677058333984375 0.336293517578125 0.684644791015625 0.296337037109375 0.689605728515625 0.2749981484375 0.698359896484375 0.265138888671875 0.70828125 0.249571296875 0.706530208984375 0.23452222265625 0.697484375 0.227257408203125 0.691940103515625 0.232965740234375 0.6808515625 0.258392591796875
7 0.4033015625 0.1072305546875 0.414293228515625 0.12447777734375 0.417526041015625 0.1509231484375 0.415909896484375 0.193465740234375 0.417202603515625 0.219912037109375 0.421082291015625 0.220487037109375 0.424638541015625 0.191166666015625 0.428517708984375 0.1491981484375 0.420758853515625 0.11067962890625 0.4104140625 0.093432408203125 0.3932796875 0.082509259765625 0.373558853515625 0.094582408203125 0.355778125 0.11297962890625 0.343816666015625 0.141725 0.331531771484375 0.181967591796875 0.326358853515625 0.191166666015625 0.319893228515625 0.206113888671875 0.316013541015625 0.222211111328125 0.313750521484375 0.247507408203125 0.319569791015625 0.252681482421875 0.330561978515625 0.246561111328125 0.3389671875 0.206113888671875 0.344786458984375 0.1733444453125 0.359980728515625 0.1296518515625 0.380994791015625 0.1037805546875 0.39295625 0.101481482421875 0.4033015625 0.1072305546875
7 0.363536978515625 0.11125462890625 0.363536978515625 0.12505277734375 0.361273958984375 0.1526481484375 0.364506771484375 0.183117591796875 0.371619271484375 0.208413888671875 0.388430208984375 0.2555555546875 0.413 0.28717592578125 0.444682291015625 0.30614722265625 0.469575521484375 0.3003981484375 0.476688021484375 0.29924907421875 0.478304166015625 0.2814268515625 0.4602 0.28257592578125 0.440802603515625 0.28372592578125 0.414616666015625 0.27165277734375 0.398128646484375 0.250381482421875 0.381641146484375 0.207838888671875 0.373882291015625 0.180243517578125 0.370972916015625 0.1520731484375 0.374528646484375 0.12332777734375 0.375175521484375 0.12217777734375 0.386490625 0.10952962890625 0.3926328125 0.089983333984375 0.386490625 0.070436111328125 0.3790546875 0.068712037109375 0.3725890625 0.083659259765625 0.363536978515625 0.11125462890625
7 0.442095833984375 0.353289814453125 0.414293228515625 0.381460185546875 0.4168796875 0.393533333984375 0.427871353515625 0.383185185546875 0.448238541015625 0.360188888671875 0.466342708984375 0.329718517578125 0.478627603515625 0.291775 0.489295833984375 0.249806482421875 0.496731771484375 0.187142591796875 0.498671353515625 0.1744944453125 0.498994791015625 0.1514981484375 0.498671353515625 0.13885 0.492528646484375 0.1308018515625 0.485740103515625 0.1290768515625 0.482183853515625 0.14115 0.4841234375 0.15609722265625 0.484527603515625 0.17687407421875 0.485093228515625 0.211287962890625 0.479597396484375 0.253256482421875 0.468605728515625 0.29407407421875 0.455673958984375 0.329718517578125 0.442095833984375 0.353289814453125
7 0.469575521484375 0.26302962890625 0.449531771484375 0.230260185546875 0.428517708984375 0.192316666015625 0.414616666015625 0.15782222265625 0.407827603515625 0.12505277734375 0.403947916015625 0.092282408203125 0.403625 0.070436111328125 0.406534375 0.038241666015625 0.405564583984375 0.00432222265625 0.399098958984375 0.00317222265625 0.394895833984375 0.0204194453125 0.394895833984375 0.049164814453125 0.394895833984375 0.081359259765625 0.401684896484375 0.14229907421875 0.421082291015625 0.203239814453125 0.437569791015625 0.238308333984375 0.4602 0.270503703125 0.466342708984375 0.28894722265625 0.4770109375 0.3021231484375 0.485093228515625 0.3049981484375 0.4909125 0.2935 0.486386458984375 0.27682777734375 0.479920833984375 0.268203703125 0.469575521484375 0.26302962890625
7 0.395542708984375 0.178518517578125 0.380347916015625 0.198065740234375 0.361273958984375 0.199214814453125 0.35286875 0.191166666015625 0.3425234375 0.180243517578125 0.3257125 0.139425 0.319569791015625 0.12447777734375 0.315690625 0.1308018515625 0.320863021484375 0.1503481484375 0.344139583984375 0.199214814453125 0.360304166015625 0.217037037109375 0.387783853515625 0.211287962890625 0.408797396484375 0.177368517578125 0.41655625 0.12275277734375 0.411060416015625 0.084234259765625 0.394572916015625 0.041116666015625 0.3897234375 0.0198444453125 0.384227603515625 0.00202222265625 0.374205728515625 0.0002981484375 0.367739583984375 0.010071296875 0.374528646484375 0.026168517578125 0.381317708984375 0.048014814453125 0.387460416015625 0.048014814453125 0.3997453125 0.079635185546875 0.404917708984375 0.11067962890625 0.405888021484375 0.1509231484375 0.395542708984375 0.178518517578125
7 0.58175625 0.16472037109375 0.575290625 0.201514814453125 0.557186458984375 0.237159259765625 0.540698958984375 0.253256482421875 0.532616666015625 0.268778703125 0.536495833984375 0.27625277734375 0.543608333984375 0.270503703125 0.559449478515625 0.252681482421875 0.579169791015625 0.219912037109375 0.5885453125 0.181967591796875 0.590808333984375 0.13310092578125 0.581109896484375 0.101481482421875 0.577230208984375 0.082509259765625 0.5749671875 0.053188888671875 0.569794791015625 0.041116666015625 0.5620359375 0.038816666015625 0.555893228515625 0.055488888671875 0.556863021484375 0.068137037109375 0.560742708984375 0.079060185546875 0.569794791015625 0.1043555546875 0.579816666015625 0.13195092578125 0.58175625 0.16472037109375
7 0.533909896484375 0.14344907421875 0.550397396484375 0.16702037109375 0.557509896484375 0.186567591796875 0.555893228515625 0.216462037109375 0.545871353515625 0.229110185546875 0.532940103515625 0.233709259765625 0.5242109375 0.244057408203125 0.530353646484375 0.249806482421875 0.549751041015625 0.242908333984375 0.560742708984375 0.226236111328125 0.564298958984375 0.198639814453125 0.565915103515625 0.16874537109375 0.549427603515625 0.14459907421875 0.52744375 0.12505277734375 0.505783853515625 0.115278703125 0.486709896484375 0.117578703125 0.4669890625 0.13540092578125 0.457936978515625 0.14632407421875 0.448238541015625 0.1503481484375 0.44015625 0.161271296875 0.437893228515625 0.1721944453125 0.441772916015625 0.190591666015625 0.449208333984375 0.193465740234375 0.458260416015625 0.188291666015625 0.466665625 0.16529537109375 0.472161978515625 0.14689907421875 0.484769791015625 0.138275 0.4970546875 0.13252592578125 0.520331771484375 0.1377 0.533909896484375 0.14344907421875
7 0.610241666015625 0.422510185546875 0.584209375 0.40605092578125 0.550656771484375 0.39422037109375 0.530119791015625 0.376731482421875 0.51131875 0.353584259765625 0.4991703125 0.308834259765625 0.493674478515625 0.2666555546875 0.498591666015625 0.239908333984375 0.493674478515625 0.238364814453125 0.486443228515625 0.267684259765625 0.490203646484375 0.3083194453125 0.498013541015625 0.343811111328125 0.514789583984375 0.375187962890625 0.535036978515625 0.399363888671875 0.568590103515625 0.41582407421875 0.599539583984375 0.43022592578125 0.613713021484375 0.44102777734375 0.621811978515625 0.457487962890625 0.633670833984375 0.460060185546875 0.641769791015625 0.457487962890625 0.643505208984375 0.444113888671875 0.6351171875 0.4317694453125 0.620365625 0.425082408203125 0.610241666015625 0.422510185546875
1 0.635138021484375 0.930935185546875 0.6364 0.9402305546875 0.639824478515625 0.9476018515625 0.6482953125 0.950806482421875 0.653521875 0.950486111328125 0.6540625 0.950486111328125 0.662353125 0.950486111328125 0.661992708984375 0.9402305546875 0.654603125 0.932217591796875 0.643609375 0.927410185546875 0.639283853515625 0.925807408203125 0.635138021484375 0.930935185546875
4 0.175073958984375 0.85102222265625 0.172209375 0.82694722265625 0.1641375 0.770925 0.155284375 0.7167555546875 0.148774478515625 0.66490092578125 0.148774478515625 0.6352694453125 0.143827083984375 0.60795277734375 0.145129166015625 0.657492591796875 0.153721875 0.720459259765625 0.1670015625 0.807963888671875 0.172730208984375 0.849633333984375 0.171428646484375 0.8598194453125 0.166741666015625 0.859356482421875 0.152940625 0.85287407421875 0.150857291015625 0.85657777734375 0.167261978515625 0.863986111328125 0.174553125 0.861208333984375 0.175073958984375 0.85657777734375 0.175073958984375 0.85102222265625
1 0.159138021484375 0.182103703125 0.154406771484375 0.179889814453125 0.149426041015625 0.183431482421875 0.143697916015625 0.186088888671875 0.145690103515625 0.1914018515625 0.153659375 0.189187962890625 0.149634896484375 0.204931482421875 0.153410416015625 0.207342591796875 0.153659375 0.202914814453125 0.156896875 0.204243517578125 0.162375521484375 0.1896305546875 0.159138021484375 0.182103703125