7 0.111184375 0.538242591796875 0.0806 0.502637962890625 0.072258853515625 0.475934259765625 0.062249478515625 0.457143517578125 0.046122916015625 0.45417592578125 0.041674478515625 0.472967591796875 0.046122916015625 0.496703703125 0.057800521484375 0.509561111328125 0.070590625 0.5145055546875 0.087272916015625 0.537253703125 0.10789375 0.5588731484375 0.129534896484375 0.576813888671875 0.164011458984375 0.60549537109375 0.168460416015625 0.583737037109375 0.143436978515625 0.561978703125 0.111184375 0.538242591796875
7 0.286348958984375 0.506593517578125 0.2768953125 0.473956482421875 0.270778646484375 0.446263888671875 0.259101041015625 0.444286111328125 0.255969791015625 0.4600018515625 0.2624375 0.49472592578125 0.266330208984375 0.518462037109375 0.271890625 0.54022037109375 0.2869046875 0.550110185546875 0.293577603515625 0.535275 0.286348958984375 0.506593517578125
6 0.130646875 0.43637407421875 0.151778125 0.47 0.159006771484375 0.455164814453125 0.1356515625 0.407692591796875 0.111740103515625 0.370110185546875 0.089497396484375 0.36022037109375 0.066141666015625 0.3592305546875 0.038894271484375 0.37802222265625 0.011646353515625 0.4007694453125 0.000524478515625 0.423516666015625 0.002224478515625 0.446406482421875 0.017207291015625 0.426484259765625 0.037226041015625 0.41164907421875 0.066141666015625 0.389890740234375 0.088384896484375 0.38494537109375 0.107847916015625 0.401758333984375 0.130646875 0.43637407421875
5 0.315816146484375 0.6907694453125 0.324301041015625 0.702309259765625 0.331463541015625 0.701310185546875 0.344266146484375 0.680116666015625 0.350255728515625 0.662362037109375 0.343267708984375 0.64549537109375 0.326796875 0.65792407421875 0.31431875 0.673014814453125 0.315816146484375 0.6907694453125
5 0.23595625 0.85499722265625 0.228968228515625 0.8461194453125 0.2210171875 0.86437962890625 0.221980728515625 0.886066666015625 0.223478125 0.902933333984375 0.232961458984375 0.91447407421875 0.242444791015625 0.90559722265625 0.244441146484375 0.88517962890625 0.23595625 0.85499722265625
7 0.167576041015625 0.9455444453125 0.150106771484375 0.949982408203125 0.135632291015625 0.9615231484375 0.131140103515625 0.981940740234375 0.1371296875 0.994368517578125 0.156122396484375 0.989732408203125 0.1710703125 0.9757268515625 0.185544791015625 0.965961111328125 0.205509375 0.95264537109375 0.2030140625 0.934891666015625 0.18604375 0.936666666015625 0.167576041015625 0.9455444453125
7 0.126647916015625 0.754685185546875 0.126647916015625 0.73337962890625 0.120658853515625 0.72450277734375 0.109678125 0.73160462890625 0.1041875 0.754685185546875 0.100194271484375 0.781316666015625 0.086219271484375 0.821263888671875 0.079730208984375 0.8745268515625 0.080728646484375 0.910035185546875 0.0837234375 0.9455444453125 0.093206771484375 0.9704 0.105684896484375 0.994368517578125 0.122655208984375 0.994368517578125 0.142120833984375 0.98992962890625 0.138128125 0.9757268515625 0.1281453125 0.9775018515625 0.1156671875 0.978389814453125 0.1031890625 0.969512037109375 0.095702603515625 0.95264537109375 0.090211978515625 0.92157592578125 0.0892140625 0.897607408203125 0.0907109375 0.859435185546875 0.100194271484375 0.8221518515625 0.109178646484375 0.7937444453125 0.119660416015625 0.775989814453125 0.126647916015625 0.754685185546875
7 0.343766666015625 0.238132408203125 0.3462625 0.189308333984375 0.352252083984375 0.14314722265625 0.365229166015625 0.09964907421875 0.379703646484375 0.0801194453125 0.4041609375 0.062364814453125 0.415141666015625 0.042835185546875 0.415640625 0.01975462890625 0.406157291015625 0.01975462890625 0.4041609375 0.036621296875 0.3916828125 0.0437231484375 0.360736978515625 0.07212962890625 0.3462625 0.114739814453125 0.3327859375 0.20439907421875 0.333784375 0.280743517578125 0.327794791015625 0.315363888671875 0.334583853515625 0.33967222265625 0.344765103515625 0.34022037109375 0.3507546875 0.324241666015625 0.351253646484375 0.301160185546875 0.3462625 0.284293517578125 0.343766666015625 0.238132408203125
5 0.404659896484375 0.171553703125 0.407155728515625 0.185757408203125 0.412645833984375 0.194634259765625 0.418822396484375 0.193242591796875 0.438101041015625 0.17510462890625 0.438600521484375 0.15912592578125 0.435605728515625 0.147585185546875 0.4236265625 0.147585185546875 0.409152083984375 0.156462962890625 0.404659896484375 0.171553703125
7 0.255921353515625 0 0.261910416015625 0.04290092578125 0.256919271484375 0.0686444453125 0.242444791015625 0.08817407421875 0.2224796875 0.09350092578125 0.199020833984375 0.080185185546875 0.1835484375 0.052665740234375 0.180054166015625 0.03402407421875 0.177059375 0.010943517578125 0.165080728515625 0 0.1541 0.001178703125 0.151105208984375 0.013606482421875 0.154598958984375 0.02869722265625 0.162584896484375 0.04112592578125 0.171569271484375 0.05177777734375 0.175063021484375 0.0686444453125 0.18604375 0.090837962890625 0.201516666015625 0.105040740234375 0.219984375 0.112142591796875 0.239948958984375 0.110367591796875 0.257917708984375 0.094388888671875 0.270395833984375 0.0686444453125 0.270894791015625 0.026034259765625 0.269896353515625 0 0.255921353515625 0
7 0.548915103515625 0 0.535938021484375 0.004762037109375 0.523459896484375 0.010087962890625 0.505990625 0.006537962890625 0.4820328125 0 0.473733333984375 0.00687777734375 0.491516146484375 0.018965740234375 0.514475521484375 0.0287305546875 0.534440625 0.027842591796875 0.546419791015625 0.024291666015625 0.5638890625 0.02695462890625 0.57536875 0.018965740234375 0.579361978515625 0.00209907421875 0.565386458984375 0 0.548915103515625 0
5 0.566384896484375 0.0127518515625 0.566384896484375 0.029618517578125 0.577940103515625 0.03682962890625 0.589344271484375 0.042046296875 0.597330208984375 0.0305055546875 0.59683125 0.015414814453125 0.583854166015625 0.00387407421875 0.574370833984375 0 0.566384896484375 0.0127518515625
2 0.068225 0.75110092578125 0.070011978515625 0.76897777734375 0.077708333984375 0.78039537109375 0.085694271484375 0.7732944453125 0.090186458984375 0.7528768515625 0.0866921875 0.736010185546875 0.076709896484375 0.7404481484375 0.068225 0.75110092578125
2 0.245913021484375 0.649013888671875 0.2540890625 0.65582777734375 0.265378646484375 0.644575 0.269371875 0.6214944453125 0.257891666015625 0.609953703125 0.245413541015625 0.618831482421875 0.241420833984375 0.63392222265625 0.245913021484375 0.649013888671875
2 0.010825521484375 0.977468517578125 0.01946875 0.9797481484375 0.025799478515625 0.967703703125 0.024302083984375 0.94817407421875 0.015317708984375 0.93929722265625 0.004336978515625 0.94817407421875 0.006333333984375 0.966816666015625 0.010825521484375 0.977468517578125
2 0.492522916015625 0.329567591796875 0.5030609375 0.329688888671875 0.507995833984375 0.31447592578125 0.505999478515625 0.29849722265625 0.492522916015625 0.29672222265625 0.484536978515625 0.306487037109375 0.487032291015625 0.325128703125 0.492522916015625 0.329567591796875
2 0.493077083984375 0.534912037109375 0.504502083984375 0.5239444453125 0.507496875 0.5035268515625 0.496516146484375 0.49820092578125 0.487531771484375 0.507965740234375 0.487032291015625 0.5239444453125 0.493077083984375 0.534912037109375
5 0.861418228515625 0.160934259765625 0.874894271484375 0.15649537109375 0.884378125 0.131639814453125 0.88238125 0.109446296875 0.870402603515625 0.103232408203125 0.857425 0.1289768515625 0.852933333984375 0.150281482421875 0.861418228515625 0.160934259765625
7 0.8219875 0.483931482421875 0.774071353515625 0.472390740234375 0.774570833984375 0.49192037109375 0.797530208984375 0.496359259765625 0.821488541015625 0.507012037109375 0.8424515625 0.52920462890625 0.851934896484375 0.568264814453125 0.8514359375 0.611762962890625 0.842950521484375 0.6561481484375 0.837460416015625 0.677453703125 0.825980208984375 0.691657408203125 0.819491666015625 0.71207407421875 0.819491666015625 0.730716666015625 0.829474478515625 0.737818517578125 0.839391666015625 0.7356981484375 0.845446353515625 0.711187037109375 0.8459453125 0.688993517578125 0.861418228515625 0.625078703125 0.864413021484375 0.543408333984375 0.844946875 0.505236111328125 0.8219875 0.483931482421875
6 0.9118296875 0.7182555546875 0.8903671875 0.71470462890625 0.887871875 0.732459259765625 0.898852603515625 0.731571296875 0.905840103515625 0.736010185546875 0.898852603515625 0.77862037109375 0.8788875 0.82922037109375 0.870402603515625 0.880707408203125 0.873896353515625 0.927756482421875 0.879386458984375 0.9570518515625 0.888869791015625 0.985458333984375 0.898852603515625 0.99907407421875 0.908030728515625 0.987512962890625 0.891365625 0.957938888671875 0.881383333984375 0.894911111328125 0.888370833984375 0.840760185546875 0.90384375 0.797262037109375 0.917819271484375 0.7404481484375 0.9118296875 0.7182555546875
6 0.74013125 0.88869722265625 0.754605728515625 0.89047222265625 0.7675828125 0.894911111328125 0.782556771484375 0.905563888671875 0.799027603515625 0.9286444453125 0.807013541015625 0.951725 0.812504166015625 0.9810194453125 0.814500521484375 0.99907407421875 0.824416146484375 0.998606482421875 0.819991146484375 0.9730305546875 0.811006771484375 0.925981482421875 0.7925390625 0.894911111328125 0.770078646484375 0.8718305546875 0.739631771484375 0.867391666015625 0.74013125 0.88869722265625
2 0.9402796875 0.9268694453125 0.9492640625 0.917991666015625 0.951260416015625 0.900237962890625 0.942276041015625 0.891360185546875 0.9332921875 0.8922481484375 0.931794791015625 0.909114814453125 0.9402796875 0.9268694453125
6 0.328194271484375 0.73809907421875 0.316783333984375 0.735962962890625 0.310477083984375 0.746107408203125 0.311678125 0.765328703125 0.31468125 0.7818805546875 0.318898958984375 0.789713888671875 0.3357015625 0.7818805546875 0.3387046875 0.77547407421875 0.336602603515625 0.76372777734375 0.3357015625 0.749311111328125 0.328194271484375 0.73809907421875
4 0.155219271484375 0.5860981484375 0.160685416015625 0.5887981484375 0.1608375 0.587718517578125 0.159470833984375 0.5847481484375 0.155674478515625 0.5833981484375 0.144133853515625 0.574218517578125 0.121811978515625 0.556128703125 0.112397396484375 0.5482981484375 0.091745833984375 0.525888888671875 0.074738541015625 0.504288888671875 0.059705208984375 0.479178703125 0.051505208984375 0.462438888671875 0.048624478515625 0.46760092578125 0.068208853515625 0.502668517578125 0.076560416015625 0.51319907421875 0.0925046875 0.533988888671875 0.113611978515625 0.556668517578125 0.1442859375 0.580428703125 0.155219271484375 0.5860981484375
1 0.273233853515625 0.48555 0.2722203125 0.478541666015625 0.271656771484375 0.4699305546875 0.269855208984375 0.462521296875 0.2667015625 0.454911111328125 0.263097396484375 0.454110185546875 0.262308853515625 0.459517591796875 0.262759375 0.46812777734375 0.2638859375 0.473335185546875 0.266251041015625 0.479142591796875 0.2668140625 0.48474907421875 0.267940103515625 0.490356482421875 0.269066666015625 0.493160185546875 0.270400521484375 0.493465740234375 0.271769791015625 0.497164814453125 0.273346353515625 0.495963888671875 0.274022396484375 0.493761111328125 0.273571875 0.4897555546875 0.273233853515625 0.48555
1 0.202252603515625 0.946968517578125 0.201577603515625 0.943766666015625 0.198426041015625 0.940164814453125 0.196175 0.940564814453125 0.189872396484375 0.944567591796875 0.182219271484375 0.9489694453125 0.174115625 0.952171296875 0.16395 0.959568517578125 0.167813021484375 0.96657962890625 0.174115625 0.96297777734375 0.182444271484375 0.95617407421875 0.196175 0.95017037109375 0.202252603515625 0.946968517578125
1 0.3287828125 0.748088888671875 0.32333125 0.744453703125 0.318969791015625 0.746635185546875 0.3161078125 0.752208333984375 0.315153646484375 0.7587518515625 0.3155625 0.7667481484375 0.316925521484375 0.774261111328125 0.320469271484375 0.7815305546875 0.325511978515625 0.7834694453125 0.330009375 0.782985185546875 0.331644791015625 0.780561111328125 0.3365515625 0.778864814453125 0.335052083984375 0.774018517578125 0.328646875 0.7783805546875 0.324148958984375 0.777653703125 0.321014583984375 0.776441666015625 0.318152083984375 0.77062592578125 0.318425 0.760689814453125 0.319515103515625 0.75317777734375 0.322377083984375 0.749058333984375 0.325103125 0.749785185546875 0.327692708984375 0.752208333984375 0.329055728515625 0.7587518515625 0.3305546875 0.767960185546875 0.3318734375 0.775440740234375 0.3340984375 0.772806482421875 0.333689583984375 0.770140740234375 0.3323265625 0.7621444453125 0.330827083984375 0.753662962890625 0.3287828125 0.748088888671875