7 0.860149240234375 0.865643619140625 0.874995837890625 0.87120866796875 0.892448015625 0.873301419921875 0.9130499921875 0.868828806640625 0.925187587890625 0.867769349609375 0.9403486484375 0.875716267578125 0.95251212890625 0.873915595703125 0.961364537109375 0.85939069140625 0.957818173828125 0.841465263671875 0.948517431640625 0.832981802734375 0.93312302734375 0.831702099609375 0.920571515625 0.844614515625 0.90403380859375 0.852196607421875 0.882753205078125 0.8521946640625 0.858891923828125 0.8424606171875 0.84341740234375 0.831536130859375 0.8257243828125 0.8005080859375 0.817122115234375 0.77202292578125 0.813391642578125 0.74741570703125 0.81364733203125 0.728139740234375 0.80664020703125 0.725669615234375 0.808784072265625 0.75986433984375 0.81137078515625 0.793331484375 0.829170294921875 0.833264041015625 0.846731462890625 0.85612880859375 0.860149240234375 0.865643619140625
6 0.875099294921875 1 0.877184869140625 0.9877579140625 0.882280953125 0.949366080078125 0.88885709375 0.89248408203125 0.899684171875 0.857259 0.9124142734375 0.82729335546875 0.90238313671875 0.815817765625 0.8884032734375 0.845739767578125 0.88179521484375 0.879627943359375 0.875006583984375 0.91870186328125 0.8684304140625 0.975584787109375 0.86555955859375 1 0.875099294921875 1
7 0.754341689453125 0.84919374609375 0.772238630859375 0.862428255859375 0.79497648828125 0.856546916015625 0.80867480859375 0.84664116796875 0.82494526953125 0.810864982421875 0.83392453515625 0.7807683515625 0.836810138671875 0.757875484375 0.845766017578125 0.740387572265625 0.849953634765625 0.716056859375 0.84708537890625 0.70260597265625 0.837735921875 0.707471533203125 0.831800484375 0.72209830078125 0.827351169921875 0.741969015625 0.826236251953125 0.761957095703125 0.815098759765625 0.806071201171875 0.7942177421875 0.84242757421875 0.77520483984375 0.849181111328125 0.752252025390625 0.8253859453125 0.7460955625 0.78660208984375 0.74538303515625 0.747266224609375 0.737855505859375 0.747744548828125 0.738645619140625 0.784858623046875 0.741597533203125 0.819821830078125 0.754341689453125 0.84919374609375
6 0.615314740234375 0.122555609375 0.62493193359375 0.145885083984375 0.63723025390625 0.164116138671875 0.638201490234375 0.1960435546875 0.649454005859375 0.196436501953125 0.6490802734375 0.159337896484375 0.636336669921875 0.12996507421875 0.623463158203125 0.10429737890625 0.610797140625 0.072702763671875 0.600969955078125 0.043432708984375 0.597055896484375 0.012143716796875 0.5961215859375 0.0030518671875 0.585702416015625 0.002688021484375 0.5875569453125 0.007575166015625 0.59094235546875 0.04382465625 0.6012143359375 0.0842355390625 0.615314740234375 0.122555609375
2 0.543097173828125 0.14673609375 0.550104330078125 0.14920529296875 0.559922458984375 0.14287278515625 0.562862783203125 0.130366857421875 0.55999452734375 0.11691596875 0.550095794921875 0.11360275 0.542464763671875 0.117045009765625 0.54022891796875 0.133285205078125 0.543097173828125 0.14673609375
5 0.482900134765625 0.35305630078125 0.48959298046875 0.363048744140625 0.49842639453125 0.362499283203125 0.50295582421875 0.3522733515625 0.50446179296875 0.333041044921875 0.50674986328125 0.315320287109375 0.49961036328125 0.3046868671875 0.4919281171875 0.3096106484375 0.484457841796875 0.332342490234375 0.482900134765625 0.35305630078125
5 0.344681802734375 0.29630909375 0.358707431640625 0.301908474609375 0.364401162109375 0.305157310546875 0.369244056640625 0.2979089453125 0.372808287109375 0.2794906328125 0.3653812109375 0.2651384296875 0.347771328125 0.2556226875 0.3411318671875 0.2665170546875 0.33756815625 0.284935384765625 0.344681802734375 0.29630909375
5 0.1684883125 0.3814109453125 0.174157005859375 0.37336313671875 0.176608380859375 0.35202550390625 0.17069327734375 0.342176958984375 0.159777056640625 0.332153771484375 0.15026937109375 0.329596326171875 0.144150349609375 0.3375413203125 0.1429055859375 0.3612326796875 0.15410938671875 0.37497465234375 0.1684883125 0.3814109453125
5 0.125761353515625 0.33838247265625 0.135724203125 0.3386358828125 0.14405118359375 0.332531103515625 0.146757861328125 0.31959731640625 0.148178884765625 0.303110939453125 0.125152294921875 0.29608359765625 0.109942 0.3014856875 0.10765441796875 0.319207388671875 0.112554564453125 0.334212541015625 0.125761353515625 0.33838247265625
6 0.0244771015625 0.5790183671875 0.04269538671875 0.555008994140625 0.05862870703125 0.51848540234375 0.07422655078125 0.475435943359375 0.082290689453125 0.42210248046875 0.084725349609375 0.376589353515625 0.081850083984375 0.345923103515625 0.070423025390625 0.3179646796875 0.054565771484375 0.303882322265625 0.052175134765625 0.31582468359375 0.062508779296875 0.334725541015625 0.07240156640625 0.35010330859375 0.072258078125 0.410728751953125 0.06278792578125 0.47203003515625 0.04300408203125 0.52194777734375 0.01160682421875 0.573464890625 0.017134890625 0.584681318359375 0.0244771015625 0.5790183671875
6 0.07636726171875 0.672450111328125 0.081877326171875 0.684167140625 0.086293029296875 0.678809650390625 0.08843452734375 0.657839205078125 0.090627005859375 0.62734992578125 0.09659367578125 0.56141614453125 0.106588162109375 0.4850999375 0.1182770859375 0.432895517578125 0.118636212890625 0.39031637109375 0.118362765625 0.349719134765625 0.109300705078125 0.350906375 0.10982332421875 0.40053076953125 0.106786046875 0.430990546875 0.09237098046875 0.48861238671875 0.085837177734375 0.538491595703125 0.07892819921875 0.63946846875 0.07636726171875 0.672450111328125
2 0.122304404296875 0.391351501953125 0.12482840234375 0.382514759765625 0.124403564453125 0.37047408203125 0.11841914453125 0.364252177734375 0.110994267578125 0.366999357421875 0.109291123046875 0.383475880859375 0.11374520703125 0.39315203515625 0.122304404296875 0.391351501953125
7 0.707757078125 0.689254794921875 0.713272150390625 0.699440509765625 0.7203304921875 0.711233841796875 0.730894439453125 0.71564501953125 0.738961740234375 0.707843109375 0.7401343828125 0.6928730625 0.730925849609375 0.677540498046875 0.7203396328125 0.6644695625 0.703690154296875 0.64829994921875 0.678214748046875 0.60584148828125 0.65679340234375 0.5589051171875 0.639790625 0.50635008203125 0.6223586953125 0.438191865234375 0.6197746484375 0.40057413671875 0.614483369140625 0.4032763046875 0.613398587890625 0.443652857421875 0.6284546328125 0.49613991015625 0.65355632421875 0.586505251953125 0.67858610546875 0.63241230078125 0.698625095703125 0.6631340703125 0.70878633984375 0.679077109375 0.707757078125 0.689254794921875
7 0.52385222265625 0.64550162109375 0.535777865234375 0.683970884765625 0.543126009765625 0.6981359609375 0.557848888671875 0.71366108984375 0.575858513671875 0.737383697265625 0.581655291015625 0.729503423828125 0.559750650390625 0.696406765625 0.535389564453125 0.6499458671875 0.50582482421875 0.5478778203125 0.498415255859375 0.508937173828125 0.48776394140625 0.47912043359375 0.480768099609375 0.474834783203125 0.478765677734375 0.494971609375 0.4921579453125 0.539317859375 0.50618075 0.593500439453125 0.52385222265625 0.64550162109375
7 0.556310626953125 0.77942524609375 0.57984501171875 0.780940099609375 0.598054748046875 0.774531890625 0.615708970703125 0.752631896484375 0.627984572265625 0.70802758203125 0.62689744921875 0.655451130859375 0.620139072265625 0.625770333984375 0.612416216796875 0.63300614453125 0.61767819140625 0.677645681640625 0.614098287109375 0.71504816015625 0.6057935546875 0.748244291015625 0.592050330078125 0.760465625 0.576136755859375 0.769725146484375 0.558760263671875 0.76507699609375 0.53612860546875 0.743501796875 0.527486521484375 0.72126071875 0.52026446484375 0.704843115234375 0.5083403359375 0.6928798671875 0.499825369140625 0.69489133203125 0.494903337890625 0.714927130859375 0.506525943359375 0.73553975390625 0.5205775 0.742381537109375 0.5407574453125 0.769066876953125 0.556310626953125 0.77942524609375
5 0.575577517578125 0.70701650390625 0.577856234375 0.698771564453125 0.573697333984375 0.687656685546875 0.566336947265625 0.6845127109375 0.5605200390625 0.692969484375 0.5533879453125 0.7111955703125 0.556593611328125 0.72169995703125 0.56460308203125 0.72486659765625 0.5713928359375 0.716443796875 0.575577517578125 0.70701650390625
7 0.40648855859375 0.703450248046875 0.411636607421875 0.692910529296875 0.416546134765625 0.682097505859375 0.414329658203125 0.662980728515625 0.405893416015625 0.6568279296875 0.3978714609375 0.66240599609375 0.390729140625 0.689983716796875 0.38641321875 0.70740759765625 0.370967451171875 0.74860938671875 0.34330590234375 0.78572217578125 0.290627818359375 0.843198380859375 0.29358753125 0.852821423828125 0.332718572265625 0.8175739375 0.357142544921875 0.79059970703125 0.3766283828125 0.763453029296875 0.388810498046875 0.733121740234375 0.395260669921875 0.71357475390625 0.40648855859375 0.703450248046875
7 0.37057438671875 0.93681680078125 0.377379462890625 0.917598142578125 0.379924982421875 0.893206380859375 0.3912044609375 0.853323880859375 0.416252634765625 0.749481087890625 0.4292975234375 0.6708486328125 0.42352572265625 0.623780564453125 0.409193052734375 0.585933232421875 0.402714791015625 0.594494767578125 0.414947462890625 0.668883662109375 0.409510271484375 0.730206263671875 0.39111659375 0.8086510078125 0.3754184921875 0.868883365234375 0.36197926953125 0.911619078125 0.35419585546875 0.94576546484375 0.361783634765625 0.952620560546875 0.37057438671875 0.93681680078125
6 0.85925526171875 0.095476587890625 0.8696643671875 0.091084408203125 0.864369193359375 0.063946041015625 0.853021033203125 0.0166554453125 0.85139385546875 0.013510630859375 0.84190458203125 0.011634798828125 0.84407631640625 0.024063533203125 0.848742892578125 0.039668306640625 0.850914626953125 0.052097041015625 0.8530324921875 0.066068353515625 0.85599647265625 0.086642662109375 0.85925526171875 0.095476587890625
7 0.63555187109375 0.244235072265625 0.642865669921875 0.2137615703125 0.6330076171875 0.182853330078125 0.6206882265625 0.19261081640625 0.61845615234375 0.2416201796875 0.6105306796875 0.27468594921875 0.613274017578125 0.330351712890625 0.6246347890625 0.39280198046875 0.636318087890625 0.446001390625 0.645981828125 0.4824590078125 0.649949533203125 0.488154650390625 0.659212505859375 0.476438380859375 0.642976912109375 0.419374966796875 0.63213981640625 0.371761271484375 0.6236744453125 0.31589569140625 0.6263009375 0.28542434765625 0.63555187109375 0.244235072265625
7 0.63705548828125 0.544200833984375 0.6388161015625 0.5683427265625 0.651365275390625 0.5669288984375 0.653991802734375 0.536456630859375 0.6522598203125 0.496570962890625 0.65199459375 0.47433334375 0.652078376953125 0.41228365234375 0.661686744140625 0.345935044921875 0.66901713671875 0.270244763671875 0.658115412109375 0.22448179296875 0.620139044921875 0.208337341796875 0.60713815234375 0.222701626953125 0.62157716796875 0.24172916796875 0.645347431640625 0.262009056640625 0.652836888671875 0.315988501953125 0.653137587890625 0.352119154296875 0.6422271328125 0.411013150390625 0.63927759375 0.4507353359375 0.64107733203125 0.503589603515625 0.6366641953125 0.540482134765625 0.63705548828125 0.544200833984375
7 0.618398619140625 0.38858084375 0.6283958515625 0.394490751953125 0.629643107421875 0.38900964453125 0.629010263671875 0.407131931640625 0.635739802734375 0.4461600078125 0.64829274609375 0.49978169140625 0.673715052734375 0.54759619140625 0.69261515234375 0.600813212890625 0.69754432421875 0.64102918359375 0.704492083984375 0.673808291015625 0.707583466796875 0.6457240703125 0.70408473046875 0.614943400390625 0.6937293515625 0.568906736328125 0.672371482421875 0.525614615234375 0.660920591796875 0.490802111328125 0.649009779296875 0.459101376953125 0.642236583984375 0.42132346484375 0.63761781640625 0.392380751953125 0.6365588984375 0.372321392578125 0.629833677734375 0.353316775390625 0.618983455078125 0.3516861875 0.61417753515625 0.368411986328125 0.618398619140625 0.38858084375
7 0.67335883203125 0.52756137109375 0.685674498046875 0.517462806640625 0.691405634765625 0.494404328125 0.68261984375 0.494097521484375 0.663490609375 0.4978099609375 0.65789690234375 0.527021427734375 0.6454339609375 0.58164660546875 0.625617337890625 0.6554110625 0.589025025390625 0.74610962890625 0.587274828125 0.77608162109375 0.59658384765625 0.76139014453125 0.620446958984375 0.71279427734375 0.646783140625 0.623614626953125 0.667367408203125 0.547999908203125 0.67335883203125 0.52756137109375
7 0.54764539453125 0.742162169921875 0.558868810546875 0.743179482421875 0.559923376953125 0.74321630859375 0.573979912109375 0.743707173828125 0.6063778671875 0.752972193359375 0.63102275 0.76259277734375 0.6573594609375 0.774148583984375 0.669222265625 0.78707694921875 0.6777696640625 0.804269052734375 0.682037083984375 0.83319949609375 0.69431506640625 0.834253634765625 0.697165646484375 0.81308003515625 0.690612861328125 0.77906395703125 0.65671513671875 0.74221683203125 0.5899219375 0.730499015625 0.5584432578125 0.704997853515625 0.54034409765625 0.69935998828125 0.53567078515625 0.722347005859375 0.54764539453125 0.742162169921875
7 0.348017115234375 0.592607841796875 0.36261578125 0.576156380859375 0.36368253125 0.5585625234375 0.354078953125 0.54857312890625 0.343490443359375 0.553834578125 0.32829915234375 0.561348802734375 0.318081658203125 0.5819084453125 0.310147865234375 0.588871912109375 0.29368819921875 0.60680006640625 0.286863576171875 0.64678532421875 0.2838526875 0.69414428125 0.288550615234375 0.740967314453125 0.315354884765625 0.763623978515625 0.33136508984375 0.758551857421875 0.35409735546875 0.7553228671875 0.367988798828125 0.74615486328125 0.370385248046875 0.729344923828125 0.354686576171875 0.738449818359375 0.33077010546875 0.749682171875 0.31060606640625 0.744151013671875 0.296705998046875 0.714704451171875 0.301465123046875 0.65614412890625 0.3056384140625 0.627328703125 0.316364333984375 0.605178427734375 0.33536597265625 0.5921660546875 0.348017115234375 0.592607841796875
7 0.2249602578125 0.97340723046875 0.235790125 0.950727853515625 0.24377406640625 0.92571810546875 0.260057498046875 0.890585357421875 0.2790351328125 0.874141353515625 0.29830054296875 0.86142540625 0.33863955078125 0.868040951171875 0.346971302734375 0.880976642578125 0.343206341796875 0.857043630859375 0.326989626953125 0.842345572265625 0.29231701171875 0.841134779296875 0.273155392578125 0.85087846484375 0.25509389453125 0.87702423828125 0.23424077734375 0.911253439453125 0.2226014296875 0.933160576171875 0.206366447265625 0.95490723046875 0.21234998046875 0.975197859375 0.2249602578125 0.97340723046875
7 0.1151976875 0.966598349609375 0.12669323828125 0.948823896484375 0.133077578125 0.945653109375 0.136966943359375 0.942070923828125 0.20771833984375 0.928177943359375 0.234767818359375 0.9320974921875 0.261689962890625 0.951632296875 0.27895255859375 0.972316794921875 0.28824944921875 0.9815672578125 0.278633560546875 0.945530087890625 0.239881771484375 0.91740034765625 0.194244275390625 0.9187825390625 0.1263364296875 0.923105037109375 0.111585423828125 0.9263088515625 0.09746284375 0.935484533203125 0.097597859375 0.95557092578125 0.1151976875 0.966598349609375
7 0.213217982421875 0.770688755859375 0.218487595703125 0.751534140625 0.221927765625 0.724878705078125 0.21686040234375 0.714288923828125 0.207748015625 0.711738798828125 0.2003117578125 0.73304873828125 0.1972630625 0.76046274609375 0.194502662109375 0.791604822265625 0.18996764453125 0.825659892578125 0.19191139453125 0.877792818359375 0.19991069921875 0.92418636328125 0.213598078125 0.951440833984375 0.241796677734375 0.95837547265625 0.279728408203125 0.938130455078125 0.300768408203125 0.922502443359375 0.2912615859375 0.90729473046875 0.2511632109375 0.929695072265625 0.235211220703125 0.931369005859375 0.214713568359375 0.919497341796875 0.20324473046875 0.888601412109375 0.2017708203125 0.834997875 0.2050813125 0.812055916015625 0.208129974609375 0.784642833984375 0.213217982421875 0.770688755859375
7 0.26447683203125 0.919747169921875 0.26071651171875 0.898666056640625 0.2603198125 0.895057421875 0.25350378125 0.886637564453125 0.249790166015625 0.861219330078125 0.226899568359375 0.774141486328125 0.21375746484375 0.73128728515625 0.184421697265625 0.661091091796875 0.172221193359375 0.627194650390625 0.16279745703125 0.633560384765625 0.17912613671875 0.68098876953125 0.20616027734375 0.73325297265625 0.22215169140625 0.790339361328125 0.236365623046875 0.83843694140625 0.2453329609375 0.893046126953125 0.2437481171875 0.926461171875 0.25093263671875 0.948281681640625 0.262548931640625 0.939018478515625 0.26447683203125 0.919747169921875
7 0.2685756171875 0.80237334375 0.281266115234375 0.81025437109375 0.288577966796875 0.816459626953125 0.29884002734375 0.822023935546875 0.305918375 0.83491585546875 0.310933841796875 0.846991767578125 0.326706666015625 0.862417369140625 0.32722547265625 0.84756068359375 0.325707900390625 0.831144017578125 0.308471251953125 0.809716451171875 0.286927234375 0.791857400390625 0.2827471953125 0.779810662109375 0.273450794921875 0.770561142578125 0.263896861328125 0.780640337890625 0.260949583984375 0.79318123046875 0.2685756171875 0.80237334375
7 0.353992513671875 0.871552048828125 0.363812490234375 0.89576043359375 0.37300667578125 0.901967494140625 0.3808108984375 0.8940581875 0.381355654296875 0.878458435546875 0.3683226171875 0.856433693359375 0.361742462890625 0.853228021484375 0.352759755859375 0.846964416015625 0.33463340625 0.81509295703125 0.31924922265625 0.788523203125 0.300575189453125 0.76035155078125 0.291275923828125 0.73920023828125 0.28354079296875 0.709179591796875 0.275390615234375 0.691044291015625 0.276833826171875 0.72158919140625 0.284099087890625 0.753081375 0.298515205078125 0.77143641015625 0.320456033203125 0.813853900390625 0.3334890703125 0.835878646484375 0.34610465234375 0.8578888125 0.353992513671875 0.871552048828125
7 0.3018012265625 0.745703009765625 0.2987326796875 0.725780076171875 0.29303744140625 0.7092175234375 0.2824381484375 0.71331029296875 0.28105793359375 0.728881794921875 0.289182162109375 0.747760158203125 0.302059572265625 0.774241447265625 0.311882982421875 0.804335943359375 0.313009572265625 0.819994986328125 0.317010412109375 0.84914218359375 0.31990872265625 0.8499873671875 0.32180777734375 0.819558255859375 0.320440037109375 0.774883306640625 0.324272232421875 0.74898553125 0.33163067578125 0.729903861328125 0.34233083203125 0.71093888671875 0.358620056640625 0.69960787890625 0.3747282265625 0.693476494140625 0.387548435546875 0.697643119140625 0.40998215625 0.7259460625 0.42938492578125 0.745218283203125 0.433666349609375 0.742392833984375 0.42883248828125 0.72511638671875 0.41519987109375 0.708277580078125 0.396891427734375 0.681605708984375 0.3862119140625 0.67602682421875 0.362844310546875 0.674466837890625 0.35104351171875 0.67702970703125 0.33919374609375 0.6929786484375 0.329510623046875 0.706772263671875 0.3179750390625 0.725708064453125 0.312079927734375 0.750790755859375 0.31116958203125 0.76489072265625 0.3018012265625 0.745703009765625
4 0.65540158984375 0.5730327421875 0.6678228125 0.525124087890625 0.6642074609375 0.525381404296875 0.65167951171875 0.570973810546875 0.644540255859375 0.6028663046875 0.63361482421875 0.64732505859375 0.625207060546875 0.677188712890625 0.61011404296875 0.713169078125 0.597595931640625 0.73931757421875 0.59103742578125 0.754564642578125 0.591776837890625 0.75895516015625 0.6059125546875 0.731226041015625 0.621437791015625 0.695658232421875 0.6296236171875 0.672135140625 0.65540158984375 0.5730327421875
8 0.523085796875 0.72889048828125 0.521257744140625 0.728826650390625 0.51923257421875 0.73440751953125 0.52141016015625 0.738251599609375 0.523900025390625 0.74142098046875 0.525740033203125 0.74114243359375 0.52720659765625 0.737768412109375 0.526026759765625 0.73293169921875 0.5246555625 0.730828859375 0.523085796875 0.72889048828125
4 0.31066574609375 0.7677378359375 0.304307126953125 0.758128587890625 0.303218279296875 0.76087930078125 0.309558396484375 0.772883806640625 0.315304115234375 0.7905228515625 0.31795530078125 0.80569776953125 0.319860310546875 0.8156610625 0.32111822265625 0.8175903984375 0.323475765625 0.814609748046875 0.32312601953125 0.805642080078125 0.32306251953125 0.7808960859375 0.325803923828125 0.7593119453125 0.330565205078125 0.740625986328125 0.341092330078125 0.72001971484375 0.35311883203125 0.705829861328125 0.36643634765625 0.696397224609375 0.376719509765625 0.694164 0.3850510078125 0.694690271484375 0.39451641796875 0.69690621875 0.40498373046875 0.70457712109375 0.41712518359375 0.725031830078125 0.42138021875 0.736020357421875 0.42618034375 0.7427864453125 0.4315509375 0.748393958984375 0.432038505859375 0.7458186640625 0.43208781640625 0.7444065625 0.430052013671875 0.74197940625 0.423763140625 0.7361035703125 0.417381193359375 0.721506208984375 0.407779734375 0.704203177734375 0.39687347265625 0.693924625 0.3817655 0.69009873828125 0.36672525390625 0.6919295859375 0.352844990234375 0.7022848125 0.3415627265625 0.714145515625 0.328165142578125 0.737242943359375 0.32224578515625 0.75494621875 0.319469060546875 0.769930662109375 0.3195886953125 0.785487833984375 0.31937690625 0.79914894921875 0.317628794921875 0.788483294921875 0.31066574609375 0.7677378359375
1 0.299136064453125 0.80859182421875 0.285917505859375 0.799461052734375 0.284379498046875 0.801985765625 0.298700853515625 0.812891291015625 0.302416771484375 0.816828001953125 0.306606328125 0.82357276953125 0.30984180859375 0.829014927734375 0.315458517578125 0.843931146484375 0.321224724609375 0.850477111328125 0.3231938203125 0.85130744921875 0.32444986328125 0.848052078125 0.32356512890625 0.836600337890625 0.32128222265625 0.8283999296875 0.309268849609375 0.816813423828125 0.299136064453125 0.80859182421875