7 0.820459064453125 0.10929287109375 0.832505833984375 0.03506026171875 0.822307486328125 0.0311217421875 0.80716355078125 0.107895455078125 0.79079314453125 0.203064890625 0.782624931640625 0.23366388671875 0.784952552734375 0.26536604296875 0.800085828125 0.269473177734375 0.807162302734375 0.242534744140625 0.80688782421875 0.204756509765625 0.814134482421875 0.1627356484375 0.820459064453125 0.10929287109375
7 0.845420017578125 0.753607548828125 0.85885096875 0.71456238671875 0.870717009765625 0.67447665234375 0.875033744140625 0.63340566015625 0.8703322734375 0.563704615234375 0.86287744921875 0.500005125 0.848620533203125 0.501023224609375 0.8500786953125 0.547734310546875 0.863746078125 0.619636458984375 0.858160615234375 0.659315353515625 0.843792189453125 0.7219789453125 0.81538223046875 0.7768748359375 0.7977183984375 0.79011767578125 0.783683763671875 0.802484142578125 0.77826838671875 0.82708153125 0.789379484375 0.835799046875 0.809535671875 0.819042853515625 0.820986943359375 0.79759735546875 0.833968650390625 0.775053966796875 0.845420017578125 0.753607548828125
6 0.72078160546875 1 0.72216154296875 0.977215142578125 0.7283160390625 0.93885387109375 0.74269084765625 0.896324392578125 0.75846442578125 0.8533916953125 0.7710487109375 0.8149977109375 0.76203646875 0.806500794921875 0.743378291015625 0.8561306953125 0.7249354921875 0.89697479296875 0.716249923828125 0.952685984375 0.71174748828125 1 0.72078160546875 1
6 0.9104367421875 1 0.91108452734375 0.956805798828125 0.909626880859375 0.910094765625 0.903309931640625 0.849032365234375 0.90062875390625 0.80722586328125 0.887686376953125 0.8159318203125 0.892296322265625 0.87304042578125 0.899882001953125 0.935494923828125 0.901170076171875 0.997287513671875 0.901079359375 1 0.9104367421875 1
5 0.686743892578125 0.739457751953125 0.692795033203125 0.713510162109375 0.690950857421875 0.69597317578125 0.68152035546875 0.692397462890625 0.666216759765625 0.720504552734375 0.664427306640625 0.740988046875 0.669819353515625 0.751890095703125 0.67913584375 0.749639568359375 0.686743892578125 0.739457751953125
7 0.49328315625 0.862060935546875 0.480561865234375 0.848897048828125 0.467690142578125 0.826227400390625 0.460875158203125 0.787397697265625 0.4649275546875 0.75229473046875 0.4767930078125 0.715428421875 0.49647430859375 0.68713624609375 0.510299955078125 0.67308593359375 0.52877548046875 0.66662993359375 0.53847517578125 0.667649412109375 0.550800275390625 0.664422837890625 0.560563642578125 0.6544675546875 0.562558005859375 0.642403453125 0.558018736328125 0.630298771484375 0.549105166015625 0.628715783203125 0.540305087890625 0.632958984375 0.5286347578125 0.64723583203125 0.5035619296875 0.664626013671875 0.481094275390625 0.684873607421875 0.45587326171875 0.73131764453125 0.451481099609375 0.75927930859375 0.449516849609375 0.795247880859375 0.45392476171875 0.818966341796875 0.467045255859375 0.8461850625 0.47771472265625 0.86216378515625 0.489549505859375 0.87051326171875 0.49328315625 0.862060935546875
7 0.45305898828125 0.933713703125 0.463008611328125 0.932968154296875 0.47270480859375 0.9236519453125 0.4732391796875 0.90820373046875 0.465198001953125 0.89831551171875 0.455857783203125 0.897333814453125 0.44241184375 0.9043184453125 0.428763978515625 0.913219318359375 0.42901530859375 0.92810305078125 0.439121326171875 0.935625625 0.4452283125 0.93626749609375 0.45305898828125 0.933713703125
2 0.704449888671875 1 0.707128298828125 0.994752775390625 0.705865701171875 0.979116625 0.6954915234375 0.974150390625 0.686470228515625 0.987414330078125 0.68489118359375 1 0.704449888671875 1
2 0.88853217578125 0.11544958203125 0.9008751640625 0.11622830078125 0.908736888671875 0.109821458984375 0.910865587890625 0.0964792109375 0.903476197265625 0.08730562890625 0.89123859375 0.08278874609375 0.88704495703125 0.098497556640625 0.88853217578125 0.11544958203125
2 0.843967013671875 0.32520792578125 0.851018837890625 0.331364880859375 0.857124564453125 0.327883103515625 0.8609384921875 0.319239974609375 0.86071037109375 0.307588412109375 0.852894427734375 0.29901519921875 0.845733255859375 0.301492259765625 0.84200970703125 0.312728484375 0.843967013671875 0.32520792578125
7 0.450519755859375 0 0.44411503125 0.030626970703125 0.435240939453125 0.083956333984375 0.43988037890625 0.12966296875 0.4582615625 0.179397517578125 0.481239302734375 0.2095897421875 0.500325638671875 0.218055255859375 0.503216296875 0.231844060546875 0.507315419921875 0.2413998828125 0.52007005078125 0.24790857421875 0.52729839453125 0.244792443359375 0.531180009765625 0.235510296875 0.528705771484375 0.22103812890625 0.519452951171875 0.21231389453125 0.50876273828125 0.203438583984375 0.497243994140625 0.198998185546875 0.475796912109375 0.181886689453125 0.457375267578125 0.146359072265625 0.446293 0.103205927734375 0.445179103515625 0.058515974609375 0.45268996875 0.025067841796875 0.45845248828125 0 0.450519755859375 0
7 0.37405462890625 0.255401671875 0.393101212890625 0.23262521484375 0.405060451171875 0.208688615234375 0.415958501953125 0.167199564453125 0.417160873046875 0.13502677734375 0.4064178515625 0.099014880859375 0.3942004765625 0.08739453125 0.38128777734375 0.078931759765625 0.36348384765625 0.07899795703125 0.334143828125 0.09206377734375 0.3379877734375 0.1073260390625 0.3507152734375 0.100265896484375 0.363735599609375 0.0938826640625 0.378665875 0.09351350390625 0.395237318359375 0.101715623046875 0.404493638671875 0.120775546875 0.408455193359375 0.152198818359375 0.40401958984375 0.184031779296875 0.39444080859375 0.209510841796875 0.36638659765625 0.241444982421875 0.35170467578125 0.246362240234375 0.34079622265625 0.256843302734375 0.335907876953125 0.275708826171875 0.339661021484375 0.288377017578125 0.355645482421875 0.28488892578125 0.366933125 0.267342125 0.37405462890625 0.255401671875
7 0.271211220703125 0.330967416015625 0.2776490234375 0.34966313671875 0.283960919921875 0.3587243984375 0.29516414453125 0.3592557734375 0.300593150390625 0.345615201171875 0.29625240625 0.32125766796875 0.28129551953125 0.30805805078125 0.26579797265625 0.289633478515625 0.23275869140625 0.2480474921875 0.188334388671875 0.200743828125 0.163919771484375 0.17040058203125 0.1334549921875 0.17688779296875 0.132067939453125 0.193537720703125 0.1513966640625 0.1858800625 0.170865689453125 0.19761552734375 0.185194939453125 0.213333708984375 0.210643515625 0.24766148828125 0.244713869140625 0.28289545703125 0.2633804609375 0.312634560546875 0.271211220703125 0.330967416015625
6 0.184891728515625 0.319888509765625 0.19212466796875 0.279871638671875 0.199936572265625 0.256225333984375 0.206262310546875 0.237510884765625 0.20760190625 0.21439651171875 0.20434546484375 0.210824515625 0.19122441015625 0.252726052734375 0.177163181640625 0.303572759765625 0.150085126953125 0.371138390625 0.107257537109375 0.47451689453125 0.092360361328125 0.50912616015625 0.101640408203125 0.53141830859375 0.11057070703125 0.515562138671875 0.13237782421875 0.46359116015625 0.16366932421875 0.37321227734375 0.184891728515625 0.319888509765625
7 0.26788616015625 0 0.2643588125 0.01304937109375 0.24365334375 0.0683658671875 0.229410931640625 0.11402540625 0.211985634765625 0.17614612109375 0.203447291015625 0.22628104296875 0.21020894921875 0.237974107421875 0.2281211640625 0.153940728515625 0.25032419921875 0.077464857421875 0.2762340546875 0.00719191796875 0.280504603515625 0 0.26788616015625 0
2 0.377648037109375 0.54056350390625 0.3827878671875 0.532962830078125 0.384248462890625 0.524193388671875 0.377455830078125 0.5176381953125 0.370503880859375 0.523884626953125 0.368803927734375 0.53311769921875 0.370881958984375 0.54112507421875 0.37553528125 0.54372386328125 0.377648037109375 0.54056350390625
5 0.179526029296875 0.727331880859375 0.18557545703125 0.72474448828125 0.188870880859375 0.710904806640625 0.189545892578125 0.6869683125 0.186129248046875 0.675697580078125 0.177860201171875 0.67264614453125 0.170030708984375 0.680006951171875 0.169638857421875 0.701244369140625 0.17322860546875 0.71962771484375 0.179526029296875 0.727331880859375
7 0.044973927734375 0.82159857421875 0.05731182421875 0.79801552734375 0.073915646484375 0.771389498046875 0.103373296875 0.736292134765625 0.140303236328125 0.703072234375 0.15109048046875 0.69383904296875 0.15867630078125 0.694636345703125 0.168839568359375 0.691339896484375 0.17573911328125 0.681152509765625 0.179584373046875 0.667916197265625 0.17719083203125 0.65566090625 0.167878306640625 0.65086305078125 0.155820716796875 0.6605083046875 0.146800083984375 0.67920205859375 0.117149798828125 0.70445778125 0.067067236328125 0.763576212890625 0.038408875 0.808578048828125 0.030037755859375 0.84152611328125 0.020081015625 0.89831496484375 0.0288032734375 0.897049384765625 0.032416505859375 0.868511478515625 0.040067638671875 0.83657890234375 0.044973927734375 0.82159857421875
6 0 0.864889810546875 0.014925384765625 0.83937260546875 0.02845464453125 0.80696575390625 0.04104803125 0.78232212109375 0.043975177734375 0.773132376953125 0.040141044921875 0.7629089296875 0.024884658203125 0.791314255859375 0.004798876953125 0.8393994296875 0 0.8462706796875 0 0.864889810546875
1 0.434937744140625 0.925971546875 0.452467365234375 0.92038346484375 0.460715810546875 0.919186328125 0.46727215234375 0.91863716015625 0.4692930859375 0.91265824609375 0.466866873046875 0.907036806640625 0.462318890625 0.906146349609375 0.4590189765625 0.9066253359375 0.43634123828125 0.91703783203125 0.434118306640625 0.920518986328125 0.434937744140625 0.925971546875