7 0.314225 0 0.3092125 0.004871296875 0.284152083984375 0.005557408203125 0.234030728515625 0.03639722265625 0.207813541015625 0.09259537109375 0.186222916015625 0.15427592578125 0.175427603515625 0.201564814453125 0.186630728515625 0.204111111328125 0.193933853515625 0.17390462890625 0.208584896484375 0.1259305546875 0.2243921875 0.08549537109375 0.256007291015625 0.042318517578125 0.291863021484375 0.02312962890625 0.312296875 0.02312962890625 0.333116666015625 0.028612037109375 0.342755208984375 0.019017591796875 0.343911978515625 0.00325462890625 0.334658853515625 0 0.323478125 0 0.314225 0
7 0.2367296875 0.1405694453125 0.238271875 0.17757777734375 0.231717708984375 0.241314814453125 0.224006771484375 0.268728703125 0.210897916015625 0.287917591796875 0.1812109375 0.310534259765625 0.167716666015625 0.334521296875 0.170415625 0.34480092578125 0.185066666015625 0.32972407421875 0.200488541015625 0.313961111328125 0.226705728515625 0.296141666015625 0.238271875 0.265987037109375 0.242513021484375 0.235146296875 0.2459828125 0.18717222265625 0.2459828125 0.157017591796875 0.2463984375 0.14065 0.250609375 0.130975 0.2490671875 0.097392591796875 0.2428984375 0.080259259765625 0.234416666015625 0.085741666015625 0.235572916015625 0.104246296875 0.2367296875 0.1405694453125
1 0.230175521484375 0.13577222265625 0.227091146484375 0.15222037109375 0.220922396484375 0.170038888671875 0.22711875 0.180066666015625 0.230946353515625 0.176207408203125 0.237501041015625 0.1672981484375 0.240585416015625 0.143311111328125 0.237501041015625 0.130975 0.230175521484375 0.13577222265625
7 0.0828828125 0.47069907421875 0.101774478515625 0.46384537109375 0.119123958984375 0.4460268515625 0.145341146484375 0.40285 0.160763021484375 0.3809194453125 0.168859896484375 0.37269537109375 0.166931771484375 0.3610444453125 0.146497916015625 0.376807408203125 0.130690625 0.403535185546875 0.117581771484375 0.425466666015625 0.101774478515625 0.44739722265625 0.080569271484375 0.45767777734375 0.0593640625 0.448768517578125 0.038158853515625 0.4261518515625 0.028134896484375 0.395311111328125 0.025821353515625 0.37817777734375 0.017339583984375 0.35282037109375 0.007701041015625 0.34322592578125 0.002303125 0.348708333984375 0.001917708984375 0.365841666015625 0.004616666015625 0.377492591796875 0.009243228515625 0.39119907421875 0.015038541015625 0.399482408203125 0.021580728515625 0.41450092578125 0.0285203125 0.436432408203125 0.045098958984375 0.458362962890625 0.06090625 0.468643517578125 0.0828828125 0.47069907421875
7 0.245197916015625 0.562556482421875 0.25098125 0.546108333984375 0.2525234375 0.52897407421875 0.246740103515625 0.521435185546875 0.233631771484375 0.527603703125 0.219752083984375 0.54884907421875 0.216667708984375 0.561185185546875 0.198546875 0.58174537109375 0.183125 0.58859907421875 0.160763021484375 0.5899694453125 0.137244791015625 0.58174537109375 0.120280728515625 0.5440518515625 0.120666146484375 0.5111555546875 0.1260640625 0.4857981484375 0.132618228515625 0.44125092578125 0.124521875 0.44125092578125 0.1198953125 0.474832408203125 0.112184375 0.504987037109375 0.109870833984375 0.5310305546875 0.1137265625 0.56187037109375 0.1214375 0.579689814453125 0.1333890625 0.596137962890625 0.143798958984375 0.602991666015625 0.158064583984375 0.611215740234375 0.169760416015625 0.611133333984375 0.1846671875 0.607103703125 0.20163125 0.60025 0.219366146484375 0.582431482421875 0.220908333984375 0.57557777734375 0.232860416015625 0.574206482421875 0.245197916015625 0.562556482421875
7 0.215125521484375 0.52554722265625 0.2309328125 0.51047037109375 0.236330208984375 0.494707408203125 0.225920833984375 0.4789444453125 0.216667708984375 0.480314814453125 0.205486458984375 0.49744907421875 0.203944271484375 0.514582408203125 0.182353646484375 0.552961111328125 0.158064583984375 0.60504722265625 0.138786978515625 0.653021296875 0.1137265625 0.72087037109375 0.0932921875 0.783921296875 0.102280728515625 0.786796296875 0.1106421875 0.76062037109375 0.127991666015625 0.712646296875 0.159220833984375 0.631090740234375 0.188522396484375 0.566668517578125 0.202016666015625 0.5371981484375 0.215125521484375 0.52554722265625
7 0.289921353515625 0.27332037109375 0.279511978515625 0.271264814453125 0.2771984375 0.306216666015625 0.267174478515625 0.37132407421875 0.235173958984375 0.456992591796875 0.218209896484375 0.4919444453125 0.201245833984375 0.520728703125 0.188908333984375 0.52347037109375 0.175799478515625 0.547457408203125 0.174257291015625 0.559793517578125 0.177727083984375 0.5714444453125 0.1846671875 0.576241666015625 0.194342708984375 0.571716666015625 0.202788021484375 0.55225462890625 0.205872396484375 0.53375092578125 0.2340171875 0.4857768515625 0.271801041015625 0.402164814453125 0.281825 0.345281482421875 0.289921353515625 0.27332037109375
7 0.435369791015625 0.420565740234375 0.428038541015625 0.411366666015625 0.41380625 0.41519907421875 0.40604375 0.432064814453125 0.403024478515625 0.4466305546875 0.4090625 0.461962962890625 0.40776875 0.478062037109375 0.40431875 0.498760185546875 0.41364375 0.50577777734375 0.425019271484375 0.500293517578125 0.429332291015625 0.484962037109375 0.430626041015625 0.46042962890625 0.432782291015625 0.443563888671875 0.435369791015625 0.420565740234375
5 0.429332291015625 0.6177555546875 0.428469791015625 0.63615462890625 0.431488541015625 0.656086111328125 0.436827603515625 0.66922962890625 0.4427015625 0.669886111328125 0.4500328125 0.6576194453125 0.451758333984375 0.63155462890625 0.4500328125 0.610856482421875 0.438388541015625 0.603956482421875 0.429332291015625 0.6177555546875
5 0.423294271484375 0.772636111328125 0.429332291015625 0.781835185546875 0.438819791015625 0.79180092578125 0.449767708984375 0.790960185546875 0.452620833984375 0.778768517578125 0.4457203125 0.756537037109375 0.437526041015625 0.745037962890625 0.427175521484375 0.74120462890625 0.421569271484375 0.75347037109375 0.423294271484375 0.772636111328125
7 0.428901041015625 0.85619722265625 0.430194791015625 0.8102 0.422000521484375 0.7849018515625 0.423725521484375 0.7672694453125 0.422000521484375 0.74120462890625 0.418119271484375 0.7297055546875 0.4073375 0.72817222265625 0.401730728515625 0.735837962890625 0.40475 0.756537037109375 0.4082 0.7764694453125 0.415531771484375 0.791035185546875 0.420275521484375 0.837031482421875 0.4151 0.87919537109375 0.40776875 0.915993517578125 0.398280728515625 0.940525 0.392674478515625 0.957390740234375 0.3762859375 0.971956482421875 0.365072916015625 0.975788888671875 0.351703646484375 0.968889814453125 0.343078125 0.95892407421875 0.3440921875 0.976911111328125 0.350409896484375 0.984988888671875 0.360329166015625 0.988821296875 0.3805984375 0.987288888671875 0.400868228515625 0.9658231484375 0.419413021484375 0.914460185546875 0.428901041015625 0.85619722265625
7 0.5181734375 0.89682777734375 0.524211458984375 0.884562037109375 0.5173109375 0.870762962890625 0.5099796875 0.866162962890625 0.497472396484375 0.877662037109375 0.488847396484375 0.902961111328125 0.466421353515625 0.933625 0.455639583984375 0.969656482421875 0.451327083984375 0.996487962890625 0.463246875 0.997039814453125 0.467283853515625 0.978088888671875 0.472890103515625 0.95432407421875 0.479790625 0.935925 0.493159896484375 0.918292591796875 0.506960416015625 0.9129268515625 0.5181734375 0.89682777734375
2 0.537580728515625 0.950514814453125 0.541461978515625 0.9604805546875 0.5475 0.9650805546875 0.554365103515625 0.965409259765625 0.560006771484375 0.9520481484375 0.558713021484375 0.93824907421875 0.5552625 0.928282408203125 0.545775 0.92445 0.538443228515625 0.934415740234375 0.537580728515625 0.950514814453125
7 0.618659375 0.25739907421875 0.622540625 0.2068018515625 0.614778125 0.2068018515625 0.610033853515625 0.254332408203125 0.601408333984375 0.308762037109375 0.593214583984375 0.395389814453125 0.5893328125 0.468218517578125 0.5863140625 0.508082408203125 0.5832953125 0.5264805546875 0.5802765625 0.547946296875 0.5807078125 0.564812037109375 0.589410416015625 0.57337962890625 0.596233333984375 0.57017777734375 0.601839583984375 0.548712962890625 0.598389583984375 0.5134481484375 0.604427603515625 0.395389814453125 0.610465103515625 0.30109537109375 0.618659375 0.25739907421875
7 0.682940625 0.692908333984375 0.684234375 0.63694537109375 0.678628125 0.633878703125 0.676902603515625 0.682941666015625 0.671296353515625 0.750403703125 0.657064583984375 0.824765740234375 0.6484390625 0.87382962890625 0.641538541015625 0.885328703125 0.638088541015625 0.909860185546875 0.638951041015625 0.925959259765625 0.649796353515625 0.9299444453125 0.657495833984375 0.91982592578125 0.660514583984375 0.8975944453125 0.657495833984375 0.878428703125 0.672158853515625 0.797934259765625 0.677765625 0.75577037109375 0.682940625 0.692908333984375
7 0.693744791015625 0.583281482421875 0.718327083984375 0.505087037109375 0.750240625 0.420759259765625 0.743771875 0.413092591796875 0.717464583984375 0.47902222265625 0.67865 0.582514814453125 0.67304375 0.644611111328125 0.676925 0.703640740234375 0.67175 0.726638888671875 0.67390625 0.755003703125 0.67649375 0.76420277734375 0.684302603515625 0.761246296875 0.692450521484375 0.75807037109375 0.695469791015625 0.73890462890625 0.690294271484375 0.7120731484375 0.685981771484375 0.658410185546875 0.685550521484375 0.618546296875 0.693744791015625 0.583281482421875
7 0.872644271484375 0.653810185546875 0.86488125 0.663010185546875 0.86056875 0.699807408203125 0.85884375 0.738137962890625 0.853668228515625 0.763437037109375 0.854099478515625 0.7803018515625 0.871350521484375 0.790268517578125 0.874800521484375 0.7718694453125 0.877388021484375 0.744271296875 0.876094271484375 0.72357222265625 0.879113021484375 0.685241666015625 0.879544271484375 0.662243517578125 0.872644271484375 0.653810185546875
2 0.695901041015625 0.8531305546875 0.702633853515625 0.872433333984375 0.7101328125 0.873062962890625 0.7153078125 0.863096296875 0.7153078125 0.8446981484375 0.7075453125 0.837031482421875 0.698057291015625 0.8400981484375 0.695901041015625 0.8531305546875
6 0.730833853515625 0.159967591796875 0.722208333984375 0.1300694453125 0.7153078125 0.0902055546875 0.7161703125 0.055707408203125 0.722639583984375 0.038841666015625 0.730833853515625 0.027342591796875 0.725227083984375 0.0127768515625 0.7144453125 0.02657592578125 0.7058203125 0.052640740234375 0.7071140625 0.093271296875 0.7135828125 0.1362018515625 0.729108853515625 0.18219907421875 0.754553646484375 0.2159305546875 0.772235416015625 0.219762962890625 0.7769796875 0.2113305546875 0.773960416015625 0.188332408203125 0.767491666015625 0.160734259765625 0.760591146484375 0.144635185546875 0.753691146484375 0.148467591796875 0.758434896484375 0.172233333984375 0.7640984375 0.18997592578125 0.765766666015625 0.202131482421875 0.758866146484375 0.199064814453125 0.750240625 0.1913981484375 0.738165103515625 0.17759907421875 0.730833853515625 0.159967591796875
7 0.893853646484375 0.148467591796875 0.865389583984375 0.15460092578125 0.833475521484375 0.153067591796875 0.795092708984375 0.137735185546875 0.757141146484375 0.117037037109375 0.741615625 0.107837037109375 0.732558853515625 0.09097222265625 0.717895833984375 0.087138888671875 0.7062515625 0.095571296875 0.704094791015625 0.110903703125 0.716602083984375 0.11857037109375 0.729108853515625 0.126236111328125 0.738165103515625 0.12470277734375 0.759728646484375 0.1385018515625 0.7769796875 0.15000092578125 0.7894390625 0.156428703125 0.831750521484375 0.17759907421875 0.880483853515625 0.17989907421875 0.906360416015625 0.1684 0.9223171875 0.155367591796875 0.911104166015625 0.139268517578125 0.893853646484375 0.148467591796875
6 0.759297396484375 0.148467591796875 0.774822916015625 0.215163888671875 0.7834484375 0.260393517578125 0.792505208984375 0.258861111328125 0.790348958984375 0.245062037109375 0.771372916015625 0.1661 0.758866146484375 0.113203703125 0.756709896484375 0.0787055546875 0.757141146484375 0.040375 0.760863541015625 0.003067591796875 0.754122396484375 0 0.750240625 0.022742591796875 0.750240625 0.05877407421875 0.750671875 0.104771296875 0.759297396484375 0.148467591796875
6 0.02825625 0.835287037109375 0.029765625 0.8654731484375 0.032029166015625 0.92450462890625 0.035046875 0.966764814453125 0.038065103515625 0.99907407421875 0.046495833984375 0.998457408203125 0.044478646484375 0.970789814453125 0.0425921875 0.932553703125 0.040328646484375 0.878218517578125 0.038065103515625 0.852057408203125 0.0358015625 0.82992037109375 0.02825625 0.835287037109375
5 0.3524640625 0.180917591796875 0.348660416015625 0.157246296875 0.335349478515625 0.150482408203125 0.326221353515625 0.178212037109375 0.325080728515625 0.179564814453125 0.325080728515625 0.201884259765625 0.332306771484375 0.21 0.345618228515625 0.19985462890625 0.3524640625 0.180917591796875
7 0.034802603515625 0.710966666015625 0.032407291015625 0.7492981484375 0.0180375 0.80892592578125 0.010553125 0.83447962890625 0.016540625 0.8435305546875 0.026719271484375 0.82862407421875 0.037796353515625 0.7886944453125 0.04498125 0.743975 0.046777603515625 0.72055 0.053663541015625 0.701916666015625 0.057255728515625 0.674232408203125 0.051567708984375 0.660390740234375 0.044083333984375 0.65932592578125 0.037197396484375 0.681153703125 0.034802603515625 0.710966666015625
4 0.238782291015625 0.232557408203125 0.243402603515625 0.189939814453125 0.242825 0.1313194453125 0.24138125 0.099484259765625 0.24138125 0.0907555546875 0.237915625 0.091268517578125 0.2382046875 0.122590740234375 0.2410921875 0.158534259765625 0.238493228515625 0.1990981484375 0.2361828125 0.228366666015625 0.23011875 0.258661111328125 0.227808333984375 0.270984259765625 0.2185671875 0.286388888671875 0.210769791015625 0.296658333984375 0.187378646484375 0.312062037109375 0.173758333984375 0.328768517578125 0.1891109375 0.3152268515625 0.2006625 0.307525 0.219144791015625 0.292634259765625 0.2283859375 0.275689814453125 0.234450521484375 0.258231482421875 0.238782291015625 0.232557408203125
1 0.226610416015625 0.171887037109375 0.226461978515625 0.167933333984375 0.2275 0.165033333984375 0.2300203125 0.15897037109375 0.2326890625 0.14447222265625 0.234764583984375 0.13972777734375 0.233430208984375 0.139463888671875 0.230316666015625 0.14737222265625 0.228834375 0.155016666015625 0.2273515625 0.16055277734375 0.22483125 0.16529722265625 0.225128125 0.1705694453125 0.225720833984375 0.174787037109375 0.227796353515625 0.176632408203125 0.231947396484375 0.169778703125 0.23654375 0.1594981484375 0.238915625 0.15369907421875 0.2390640625 0.145262962890625 0.238915625 0.1386731484375 0.2374328125 0.13577407421875 0.235802083984375 0.139991666015625 0.237136458984375 0.140782408203125 0.2377296875 0.15027222265625 0.234319791015625 0.161343517578125 0.230465103515625 0.16819722265625 0.2286859375 0.172941666015625 0.226610416015625 0.171887037109375
1 0.4270897265625 0.427485994140625 0.425755208984375 0.426167591796875 0.422631771484375 0.42644537109375 0.417026298828125 0.427968017578125 0.415291146484375 0.430333333984375 0.4132609375 0.433665740234375 0.4131046875 0.43672037109375 0.417477603515625 0.43949722265625 0.4227875 0.441163888671875 0.424127208984375 0.44047212890625 0.425911458984375 0.433665740234375 0.4270046875 0.4300555546875 0.4270897265625 0.427485994140625
1 0.425755208984375 0.451160185546875 0.428342041015625 0.43764985546875 0.427629166015625 0.438663888671875 0.424127208984375 0.44047212890625 0.42195625 0.448753703125 0.425755208984375 0.451160185546875
1 0.42977935546875 0.430143140625 0.428342041015625 0.43764985546875 0.429971875 0.435331482421875 0.429971875 0.430333333984375 0.42977935546875 0.430143140625
1 0.408106771484375 0.438663888671875 0.4092 0.4481055546875 0.410449478515625 0.45532592578125 0.414666146484375 0.46087962890625 0.420444791015625 0.46337962890625 0.420913541015625 0.461157408203125 0.420913541015625 0.46087962890625 0.420913541015625 0.458936111328125 0.418414583984375 0.458936111328125 0.414978646484375 0.4583805546875 0.410605728515625 0.44755092578125 0.4095125 0.4392194453125 0.410449478515625 0.432832408203125 0.411386458984375 0.4295 0.417026298828125 0.427968017578125 0.4199765625 0.423946296875 0.424193228515625 0.422557408203125 0.425755208984375 0.4220018515625 0.4268484375 0.423946296875 0.4271609375 0.425334259765625 0.4270897265625 0.427485994140625 0.42977935546875 0.430143140625 0.430753125 0.425057408203125 0.427785416015625 0.4186694453125 0.422006771484375 0.41672592578125 0.416540625 0.42144722265625 0.410136978515625 0.426167591796875 0.408263021484375 0.433110185546875 0.408106771484375 0.438663888671875
1 0.0147484375 0.8344481484375 0.015716146484375 0.8416768515625 0.017265103515625 0.843053703125 0.02016875 0.8327268515625 0.028493228515625 0.811385185546875 0.036430728515625 0.7766194453125 0.042625521484375 0.716037037109375 0.039721875 0.718790740234375 0.035269271484375 0.75872037109375 0.027138021484375 0.793141666015625 0.019588021484375 0.822056482421875 0.0147484375 0.8344481484375
1 0.870184375 0.66319537109375 0.8655796875 0.675791666015625 0.8641625 0.698463888671875 0.863989583984375 0.73647407421875 0.871955208984375 0.730584259765625 0.871955208984375 0.70350277734375 0.8747890625 0.6827194453125 0.875143228515625 0.6701231484375 0.870184375 0.66319537109375
3 0.768323958984375 0.131437037109375 0.768034896484375 0.128863888671875 0.765285416015625 0.12757777734375 0.762826041015625 0.127062962890625 0.7612109375 0.128712962890625 0.761378646484375 0.13375277734375 0.762102083984375 0.135038888671875 0.764272916015625 0.137611111328125 0.767455728515625 0.136325 0.769047396484375 0.133237962890625 0.768323958984375 0.131437037109375