7 0.897553125 0.6575305546875 0.893819791015625 0.708464814453125 0.907911978515625 0.718075 0.924280208984375 0.706135185546875 0.927391146484375 0.65967407421875 0.934505208984375 0.592871296875 0.937759375 0.518710185546875 0.937383333984375 0.455510185546875 0.934947916015625 0.38917407421875 0.924830728515625 0.345841666015625 0.910031771484375 0.3129018515625 0.899669271484375 0.318971296875 0.906003125 0.3619481484375 0.913783333984375 0.40865277734375 0.916396353515625 0.448639814453125 0.915094271484375 0.4906944453125 0.915788021484375 0.543659259765625 0.909459375 0.60954537109375 0.897553125 0.6575305546875
7 0.556015625 0.898091666015625 0.548586978515625 0.83155092578125 0.5393765625 0.76020462890625 0.5266546875 0.70805462890625 0.509480728515625 0.671482408203125 0.489728646484375 0.644117591796875 0.455958853515625 0.630446296875 0.435027083984375 0.627128703125 0.431345833984375 0.637412962890625 0.437114583984375 0.657962037109375 0.455702603515625 0.659503703125 0.469658333984375 0.66917962890625 0.4807421875 0.679461111328125 0.490410416015625 0.703568517578125 0.500816666015625 0.7222444453125 0.511232291015625 0.747286111328125 0.513646353515625 0.766841666015625 0.5212546875 0.794487962890625 0.523983853515625 0.836614814453125 0.5223328125 0.88907962890625 0.51121875 0.9344981484375 0.533607291015625 0.94805092578125 0.547348958984375 0.937185185546875 0.556015625 0.898091666015625
7 0.299910416015625 0.446687962890625 0.28235625 0.405709259765625 0.266010416015625 0.397936111328125 0.257881771484375 0.42517592578125 0.267995833984375 0.45557962890625 0.283216666015625 0.478221296875 0.298375 0.53352222265625 0.295707291015625 0.587486111328125 0.276381771484375 0.6315444453125 0.244820833984375 0.65825092578125 0.210527603515625 0.67412222265625 0.2139421875 0.69452037109375 0.2371109375 0.695813888671875 0.2561859375 0.688037037109375 0.283084375 0.669641666015625 0.30465 0.63055 0.313083853515625 0.593058333984375 0.315577083984375 0.545625 0.313217708984375 0.49954537109375 0.299910416015625 0.446687962890625
7 0.373559375 0.221283333984375 0.346316146484375 0.20597222265625 0.314140103515625 0.20655277734375 0.308258333984375 0.235983333984375 0.328040103515625 0.237010185546875 0.34904375 0.2375194453125 0.370616146484375 0.273660185546875 0.3739265625 0.3014694453125 0.369927083984375 0.345435185546875 0.355302603515625 0.3777194453125 0.337850521484375 0.403541666015625 0.322743228515625 0.422460185546875 0.313588541015625 0.456828703125 0.321833853515625 0.476142591796875 0.337190103515625 0.470712037109375 0.35705 0.45047222265625 0.369481771484375 0.41527037109375 0.383819791015625 0.379613888671875 0.394499478515625 0.3339981484375 0.3978359375 0.294675 0.390099478515625 0.2549481484375 0.373559375 0.221283333984375
7 0.423572916015625 0.67452037109375 0.4359765625 0.66845 0.4354390625 0.6429055546875 0.429030208984375 0.62167037109375 0.4177484375 0.598962037109375 0.413747916015625 0.5625768515625 0.421165625 0.513786111328125 0.434334896484375 0.470160185546875 0.445584896484375 0.453882408203125 0.4497953125 0.44362222265625 0.439239583984375 0.43205092578125 0.4323890625 0.436083333984375 0.408472396484375 0.46470462890625 0.400492708984375 0.496740740234375 0.392105208984375 0.544335185546875 0.390902603515625 0.607017591796875 0.404916146484375 0.654709259765625 0.423572916015625 0.67452037109375
7 0.481481771484375 0.39467777734375 0.491119271484375 0.394358333984375 0.477411978515625 0.358061111328125 0.463705208984375 0.340725 0.434822916015625 0.30694907421875 0.408147396484375 0.273467591796875 0.392465625 0.257087037109375 0.380113541015625 0.269868517578125 0.380216666015625 0.293589814453125 0.397302603515625 0.307137037109375 0.41740625 0.32122222265625 0.44071875 0.3436944453125 0.457294271484375 0.3632694453125 0.466508333984375 0.3760805546875 0.481481771484375 0.39467777734375
5 0.465522396484375 0.15307407421875 0.456934375 0.162237962890625 0.457793228515625 0.179036111328125 0.461801041015625 0.191253703125 0.461228646484375 0.188708333984375 0.472393228515625 0.195835185546875 0.4849890625 0.197362037109375 0.492145833984375 0.18514537109375 0.4901421875 0.1698731484375 0.474683333984375 0.1546018515625 0.465522396484375 0.15307407421875
5 0.3541625 0.482742591796875 0.342997916015625 0.470015740234375 0.334982291015625 0.46237962890625 0.328684375 0.46797962890625 0.3261078125 0.474087962890625 0.3306140625 0.47955092578125 0.333551041015625 0.493941666015625 0.337844791015625 0.50819537109375 0.347005728515625 0.518885185546875 0.356452603515625 0.5127768515625 0.360746875 0.496996296875 0.3541625 0.482742591796875
5 0.736632291015625 0.415165740234375 0.728281771484375 0.4248731484375 0.7263546875 0.444860185546875 0.733741666015625 0.451712962890625 0.741128646484375 0.4528555546875 0.751085416015625 0.438578703125 0.759114583984375 0.422588888671875 0.7623265625 0.41059722265625 0.757830208984375 0.401460185546875 0.745946353515625 0.40659907421875 0.736632291015625 0.415165740234375
5 0.801510416015625 0.364912037109375 0.804401041015625 0.382043517578125 0.815320833984375 0.3911805546875 0.822386978515625 0.383186111328125 0.828168228515625 0.367767591796875 0.834591666015625 0.350635185546875 0.832022396484375 0.34149907421875 0.818211458984375 0.343212037109375 0.807291666015625 0.34892222265625 0.801510416015625 0.364912037109375
2 0.388458333984375 0.089378703125 0.382071875 0.1114268515625 0.390370833984375 0.122066666015625 0.402733853515625 0.1207805546875 0.4057390625 0.110090740234375 0.406866146484375 0.096060185546875 0.399728125 0.082028703125 0.388458333984375 0.089378703125
2 0.755898958984375 0.19694907421875 0.76003125 0.208307408203125 0.7660890625 0.215578703125 0.773179166015625 0.20162592578125 0.7750578125 0.18225 0.769046875 0.173563888671875 0.762284896484375 0.18225 0.755898958984375 0.19694907421875
6 0.9343328125 0.12964537109375 0.910557291015625 0.12635 0.894810416015625 0.1279981484375 0.895119271484375 0.145571296875 0.914880208984375 0.147767591796875 0.930009896484375 0.14612037109375 0.9423609375 0.153808333984375 0.958725521484375 0.16259537109375 0.975090625 0.167537962890625 0.9917640625 0.166987962890625 0.999479166015625 0.16415092578125 0.999479166015625 0.152161111328125 0.9886765625 0.154906482421875 0.974472916015625 0.153808333984375 0.952241666015625 0.1439231484375 0.9343328125 0.12964537109375
6 0.478033853515625 0.4696481484375 0.4539703125 0.427392591796875 0.4219875 0.3845944453125 0.397923958984375 0.33962962890625 0.393355208984375 0.3515481484375 0.407671353515625 0.381886111328125 0.439654166015625 0.4333518515625 0.467981771484375 0.47452407421875 0.479556771484375 0.505403703125 0.484430208984375 0.529782408203125 0.484734896484375 0.542242591796875 0.47620625 0.539533333984375 0.452752083984375 0.530865740234375 0.4533609375 0.550910185546875 0.467677083984375 0.5552444453125 0.4804703125 0.559036111328125 0.4914359375 0.55470277734375 0.496005208984375 0.534116666015625 0.491740625 0.509737962890625 0.478033853515625 0.4696481484375
7 0.503336978515625 0.169239814453125 0.5083875 0.192837037109375 0.50775625 0.205759259765625 0.509019271484375 0.219243517578125 0.513438541015625 0.24452592578125 0.5169109375 0.27317962890625 0.520699478515625 0.314192591796875 0.517858333984375 0.3546444453125 0.511860416015625 0.38105092578125 0.502073958984375 0.40970462890625 0.488815103515625 0.437234259765625 0.4831328125 0.45802222265625 0.4825015625 0.465887962890625 0.487868228515625 0.467011111328125 0.502705208984375 0.42599722265625 0.52259375 0.37767962890625 0.530169791015625 0.299585185546875 0.522277603515625 0.240592591796875 0.5165953125 0.214187037109375 0.5156484375 0.204636111328125 0.5153328125 0.195646296875 0.518019271484375 0.181615740234375 0.522277603515625 0.161375 0.518489583984375 0.13890092578125 0.509966146484375 0.1338444453125 0.504915103515625 0.133283333984375 0.501127083984375 0.14227222265625 0.503336978515625 0.169239814453125
7 0.491971875 0.6575768515625 0.477766146484375 0.669375 0.468295833984375 0.689038888671875 0.4530453125 0.717385185546875 0.440632291015625 0.738036111328125 0.4311875 0.763009259765625 0.421472916015625 0.79422592578125 0.414186978515625 0.825442591796875 0.41121875 0.860021296875 0.409599478515625 0.888356482421875 0.409059896484375 0.907086111328125 0.412028125 0.952196296875 0.42498125 0.9781305546875 0.426869791015625 0.971887037109375 0.419044271484375 0.94115092578125 0.416076041015625 0.912335185546875 0.416076041015625 0.881118517578125 0.421742708984375 0.836935185546875 0.429838541015625 0.792271296875 0.440902083984375 0.7600944453125 0.451426041015625 0.73752222265625 0.461680728515625 0.723114814453125 0.4676171875 0.7154305546875 0.4759 0.711937962890625 0.485973958984375 0.705332408203125 0.495129166015625 0.7025231484375 0.501127083984375 0.694657408203125 0.503336978515625 0.682859259765625 0.4995484375 0.662633333984375 0.491971875 0.6575768515625
7 0.474688541015625 0.3168481484375 0.481634896484375 0.347756482421875 0.482627603515625 0.35879537109375 0.485544271484375 0.396707408203125 0.487159375 0.41970462890625 0.4844671875 0.4489305546875 0.480159896484375 0.471237037109375 0.486620833984375 0.47219537109375 0.492813021484375 0.439137037109375 0.493081771484375 0.39985 0.487159375 0.35289722265625 0.480429166015625 0.3121731484375 0.461046875 0.264125 0.450009375 0.235857408203125 0.444086978515625 0.218609259765625 0.4397796875 0.20615277734375 0.430895833984375 0.201362037109375 0.4249734375 0.200882408203125 0.4195890625 0.2119018515625 0.423153125 0.21917407421875 0.425316666015625 0.2276555546875 0.431022916015625 0.236928703125 0.4421875 0.245759259765625 0.4488859375 0.2554731484375 0.463771875 0.291238888671875 0.474688541015625 0.3168481484375