7 0.55949611328125 0.534801208984375 0.5658623203125 0.5681136953125 0.5765260078125 0.557643587890625 0.57404354296875 0.539689732421875 0.564695853515625 0.501286837890625 0.55414930859375 0.4770459140625 0.540190095703125 0.46443391015625 0.521461826171875 0.4686178828125 0.507363037109375 0.48943192578125 0.497170435546875 0.526890515625 0.49219450390625 0.573256642578125 0.491376982421875 0.609265283203125 0.486720595703125 0.6324861953125 0.480708333984375 0.660873224609375 0.487460869140625 0.674896400390625 0.498438603515625 0.68241799609375 0.505420953125 0.668155076171875 0.509219939453125 0.63723591796875 0.508861017578125 0.61667330859375 0.507034068359375 0.59485187109375 0.507874001953125 0.56012729296875 0.509527015625 0.5305318984375 0.5205994453125 0.50205654296875 0.536301390625 0.490213111328125 0.5517735078125 0.506654849609375 0.55949611328125 0.534801208984375
7 0.615001115234375 0.512310568359375 0.598685607421875 0.492554341796875 0.579789388671875 0.4594818671875 0.57117965625 0.423724830078125 0.571845666015625 0.38112523828125 0.58099266796875 0.340048232421875 0.591501146484375 0.323163189453125 0.5850908671875 0.305739076171875 0.574935013671875 0.315937318359375 0.567360375 0.339450873046875 0.561296375 0.36878339453125 0.558650525390625 0.4055722109375 0.561184609375 0.443105923828125 0.572068515625 0.47464762890625 0.5881183203125 0.50610008984375 0.605431033203125 0.529179232421875 0.61888555078125 0.546480388671875 0.6331181796875 0.554582302734375 0.646808759765625 0.55851896875 0.6564336953125 0.57171133203125 0.667321052734375 0.5765322421875 0.67439390625 0.578078484375 0.680425857421875 0.573798486328125 0.683934328125 0.55954063671875 0.68232169140625 0.5478781171875 0.6703637578125 0.535560861328125 0.659519607421875 0.53324513671875 0.642556603515625 0.530200904296875 0.615001115234375 0.512310568359375
5 0.2609391640625 0.583951638671875 0.264548787109375 0.58375528125 0.27202048828125 0.58054661328125 0.27350887890625 0.562320640625 0.273426908203125 0.540375208984375 0.269506712890625 0.52277891015625 0.265772818359375 0.515885619140625 0.25915091015625 0.516001205078125 0.257051189453125 0.53370258203125 0.25562766015625 0.555674291015625 0.254778623046875 0.576030171875 0.2609391640625 0.583951638671875
5 0.935263791015625 0.66781341796875 0.94508246484375 0.671573185546875 0.95481970703125 0.67069755859375 0.965413626953125 0.6668843125 0.97089908984375 0.65630455859375 0.96951210546875 0.64181266796875 0.965722189453125 0.632605185546875 0.955263859375 0.631174529296875 0.94565501953125 0.639406443359375 0.935365572265625 0.647651162109375 0.93169387890625 0.65819833203125 0.935263791015625 0.66781341796875
5 0.895058716796875 0.794318619140625 0.897943375 0.790639009765625 0.89907843359375 0.777716306640625 0.89637346484375 0.765667236328125 0.891131859375 0.75124262890625 0.88258771875 0.74252097265625 0.875806751953125 0.743849705078125 0.87189393359375 0.7535944765625 0.87257970703125 0.766889162109375 0.878856486328125 0.775650396484375 0.88749208984375 0.789611994140625 0.895058716796875 0.794318619140625
2 0.544314857421875 0.735926419921875 0.558070353515625 0.721348947265625 0.5630024765625 0.701719140625 0.560821529296875 0.677522962890625 0.548327203125 0.6667958671875 0.53172525 0.6725587109375 0.524238919921875 0.696923630859375 0.5254993828125 0.7187901484375 0.531882955078125 0.7319687109375 0.544314857421875 0.735926419921875
2 0.234438001953125 0.455104708984375 0.243022259765625 0.453351849609375 0.24811755859375 0.443100251953125 0.249547708984375 0.424313169921875 0.247064169921875 0.40793920703125 0.23428040234375 0.405817546875 0.22518956640625 0.41379316015625 0.221411791015625 0.424022685546875 0.224031732421875 0.44821119921875 0.234438001953125 0.455104708984375
6 0.942379921875 0.991428326171875 0.939961203125 0.944866224609375 0.9184085546875 0.77730388671875 0.91484110546875 0.738524130859375 0.906221951171875 0.7415305703125 0.91578385546875 0.829330767578125 0.9293858671875 0.946192658203125 0.932456708984375 0.990423580078125 0.942379921875 0.991428326171875
2 0.874589859375 0.548524525390625 0.870216671875 0.5371768984375 0.858989291015625 0.537944255859375 0.854121173828125 0.55345194921875 0.85859403515625 0.570509818359375 0.867654111328125 0.5743504296875 0.87547117578125 0.562218638671875 0.874589859375 0.548524525390625
2 0.773555806640625 0.113984591796875 0.777298703125 0.107635896484375 0.777721505859375 0.0950617890625 0.77438147265625 0.08769395703125 0.76699666015625 0.087822859375 0.76394569140625 0.097015470703125 0.765137822265625 0.1101327734375 0.772596251953125 0.113087314453125 0.773555806640625 0.113984591796875
7 0.750004005859375 0.261243056640625 0.75419713671875 0.259290875 0.7614103203125 0.263862908203125 0.776900953125 0.273456982421875 0.78591414453125 0.275178646484375 0.80202523046875 0.27489742578125 0.81987024609375 0.268009939453125 0.84332908984375 0.249749595703125 0.860375548828125 0.227373685546875 0.87857048828125 0.195112337890625 0.89660968359375 0.153928275390625 0.909748423828125 0.1248473203125 0.93263003125 0.103778107421875 0.985403740234375 0.066685689453125 0.99172597265625 0.065636302734375 0.9913881640625 0.06141377734375 0.966197126953125 0.07124936328125 0.934112056640625 0.0948268046875 0.9153661953125 0.110656375 0.9080529453125 0.115481966796875 0.899904392578125 0.133004625 0.892358189453125 0.154745193359375 0.88170773046875 0.180297923828125 0.8743271875 0.196398626953125 0.863842908203125 0.21631148828125 0.851922712890625 0.229672484375 0.838756189453125 0.247283658203125 0.8152809453125 0.264604328125 0.80663066015625 0.26851330078125 0.80241293359375 0.2690564375 0.797922994140625 0.269134810546875 0.79317671875 0.26968809765625 0.786318248046875 0.270277330078125 0.7799217265625 0.267100517578125 0.7743587890625 0.266258587890625 0.759653517578125 0.254028181640625 0.755560470703125 0.246583666015625 0.748603115234375 0.24153765234375 0.742438349609375 0.236477806640625 0.73243464453125 0.23853141015625 0.72881926953125 0.243292455078125 0.7289176328125 0.248927708984375 0.72979987109375 0.25407976171875 0.7325313046875 0.2591995390625 0.74235294921875 0.261846123046875 0.750004005859375 0.261243056640625
7 0.94391076171875 0.217262404296875 0.9478480625 0.215784203125 0.94860786328125 0.213891951171875 0.957909150390625 0.217018060546875 0.969002251953125 0.2168244296875 0.973393830078125 0.2111108046875 0.9737497421875 0.201240126953125 0.972842908203125 0.194679029296875 0.96903026953125 0.188168650390625 0.96037351171875 0.17657630078125 0.9565695859375 0.17053528515625 0.954349810546875 0.164467546875 0.9534429765625 0.15790644921875 0.954896478515625 0.150365119140625 0.959693142578125 0.137597978515625 0.967676037109375 0.125715181640625 0.972595658203125 0.11999233984375 0.979223400390625 0.121285201171875 0.9890614609375 0.124872380859375 0.99259315625 0.130447705078125 0.993055345703125 0.12762069140625 0.98661043359375 0.1206867421875 0.979413654296875 0.1170543828125 0.97198563671875 0.115305048828125 0.966504662109375 0.119158701171875 0.958018318359375 0.132459759765625 0.95299862890625 0.14758022265625 0.9516101796875 0.1588783984375 0.953111154296875 0.169187107421875 0.95991104296875 0.1803423515625 0.96725537890625 0.192428052734375 0.97110026953125 0.20081593359375 0.971149458984375 0.203634021484375 0.96887929296875 0.209780134765625 0.964430349609375 0.21220722265625 0.948375701171875 0.2079626953125 0.94817990234375 0.204504474609375 0.94333524609375 0.19942158203125 0.9365850703125 0.191084416015625 0.93361420703125 0.18737829296875 0.929652310546875 0.187447447265625 0.92474907421875 0.19410903515625 0.9256886953125 0.202548552734375 0.92764444921875 0.208620900390625 0.93514625 0.2145973671875 0.94391076171875 0.217262404296875
4 0.953195357421875 0.158850728515625 0.95488009375 0.14942637109375 0.961740787109375 0.133804255859375 0.97001176171875 0.12332498046875 0.973396439453125 0.120447876953125 0.982392708984375 0.121229880859375 0.98987810546875 0.12626667578125 0.992329134765625 0.130452314453125 0.993055345703125 0.12762069140625 0.987683447265625 0.121607970703125 0.979149630859375 0.117058990234375 0.973586693359375 0.116217060546875 0.970161556640625 0.11674636328125 0.9600659609375 0.128666037109375 0.95523598828125 0.139554767578125 0.952064978515625 0.15464296484375 0.95225351171875 0.165444095703125 0.955025927734375 0.172911662109375 0.96397949609375 0.18637782421875 0.97025902734375 0.19801259375 0.970455755859375 0.209283099609375 0.965767369140625 0.213122916015625 0.947942484375 0.208361056640625 0.94780708203125 0.2134364140625 0.952874779296875 0.216166904296875 0.960806244140625 0.2164979765625 0.969530296875 0.216815212890625 0.9736578515625 0.211106197265625 0.973741533203125 0.200769830078125 0.97207491796875 0.196101908203125 0.966860205078125 0.1849189921875 0.95578520703125 0.171019419921875 0.953195357421875 0.158850728515625
7 0.7304839609375 0.550130505859375 0.7331665625 0.536576068359375 0.705254328125 0.509528529296875 0.69097512109375 0.49419206640625 0.665907142578125 0.4795634453125 0.640920755859375 0.46960911328125 0.622827677734375 0.4699249296875 0.597391984375 0.484396046875 0.577089240234375 0.508648515625 0.574526537109375 0.5123299140625 0.569337150390625 0.51605716015625 0.561001294921875 0.523475994140625 0.55390497265625 0.53502937890625 0.551204240234375 0.5475450859375 0.5554985859375 0.559419169921875 0.563814263671875 0.567586396484375 0.570791208984375 0.56590604296875 0.57768604296875 0.55955141015625 0.579629240234375 0.553802732421875 0.583990091796875 0.5360628125 0.58433815234375 0.522549123046875 0.587959599609375 0.512614962890625 0.611627150390625 0.488823283203125 0.6361589765625 0.481121748046875 0.65790823828125 0.489574015625 0.679675630859375 0.49906501171875 0.695441189453125 0.515934099609375 0.713066828125 0.53900500390625 0.7304839609375 0.550130505859375
7 0.81261562109375 0.164163326171875 0.808241693359375 0.142149271484375 0.80946948828125 0.1235870546875 0.81248317578125 0.105782671875 0.81844701953125 0.0918709140625 0.82850364453125 0.0711829921875 0.8338363828125 0.0592547734375 0.826704494140625 0.057012234375 0.815151630859375 0.080883234375 0.80489435546875 0.10275909765625 0.80108331640625 0.12570595703125 0.802327576171875 0.14619662109375 0.8060095 0.1666456640625 0.81585971484375 0.19763866015625 0.83549596484375 0.217808291015625 0.851352376953125 0.22463259765625 0.876779880859375 0.22103272265625 0.893996435546875 0.20416394140625 0.9048430078125 0.17793916796875 0.917075166015625 0.14222209765625 0.913780283203125 0.131233484375 0.911530052734375 0.129300240234375 0.908171662109375 0.127386337890625 0.9033932578125 0.13299280859375 0.901584638671875 0.143676 0.89852062109375 0.15734359375 0.8961116015625 0.172963015625 0.88565313671875 0.19602590625 0.873007431640625 0.20808084765625 0.859095767578125 0.211085208984375 0.848452482421875 0.210876482421875 0.836148248046875 0.204384677734375 0.8239345546875 0.190396630859375 0.8168381328125 0.17750277734375 0.81261562109375 0.164163326171875