7 0.5642077265625 0.525065505859375 0.575706775390625 0.556971966796875 0.584601291015625 0.54496259375 0.57934078515625 0.527618125 0.56410064453125 0.491150333984375 0.54989183203125 0.468857697265625 0.534131525390625 0.458584671875 0.516288349609375 0.46564687890625 0.505619173828125 0.488410203125 0.501411875 0.52700208984375 0.50375046484375 0.573575779296875 0.508576001953125 0.609268982421875 0.507609494140625 0.632932427734375 0.506111962890625 0.661910490234375 0.514975072265625 0.674704689453125 0.5269942890625 0.680416384765625 0.5316594609375 0.66523678515625 0.530574853515625 0.634104 0.527003650390625 0.61385069921875 0.521785568359375 0.592583716796875 0.517183041015625 0.558155259765625 0.514185962890625 0.528665646484375 0.520667546875 0.49880876171875 0.534323453125 0.48465481640625 0.55217713671875 0.498473755859375 0.5642077265625 0.525065505859375
7 0.615511056640625 0.4941688671875 0.596305865234375 0.4772081796875 0.572468615234375 0.44749890234375 0.55837125 0.413528953125 0.552365017578125 0.37134964453125 0.554973544921875 0.3293474609375 0.5627112421875 0.31102641015625 0.553654154296875 0.29481960546875 0.54521869140625 0.306481017578125 0.541415640625 0.330890015625 0.5400149140625 0.3608100234375 0.543156677734375 0.397559810546875 0.551531130859375 0.43423500390625 0.567215248046875 0.463685759765625 0.587987701171875 0.492240244140625 0.608697640625 0.51232694140625 0.6246930078125 0.52731033984375 0.640017828125 0.533086033203125 0.65415568359375 0.5348325546875 0.665725861328125 0.546356826171875 0.67723333203125 0.54941522265625 0.684460994140625 0.549835990234375 0.689749142578125 0.54466508203125 0.690984 0.53003392578125 0.687566796875 0.51876726171875 0.673829240234375 0.50847228515625 0.662756341796875 0.50788146875 0.64552595703125 0.507528314453125 0.615511056640625 0.4941688671875
5 0.277015330078125 0.620315408203125 0.280549794921875 0.619556798828125 0.287427560546875 0.6152188046875 0.286046455078125 0.596984388671875 0.28253247265625 0.57532196484375 0.275907875 0.558555556640625 0.2711416015625 0.552331244140625 0.264619302734375 0.55348130078125 0.265314537109375 0.57129321484375 0.267345666015625 0.593217103515625 0.2696914453125 0.613455189453125 0.277015330078125 0.620315408203125
5 0.9561567734375 0.59765709765625 0.966442720703125 0.59983459765625 0.975923103515625 0.59744651171875 0.9857900703125 0.59202295703125 0.9895529609375 0.580715341796875 0.985916021484375 0.56661884375 0.9807323984375 0.558117595703125 0.9701790234375 0.55834059375 0.96197623828125 0.5679743125 0.95310323046875 0.577727150390625 0.951126681640625 0.588718845703125 0.9561567734375 0.59765709765625
5 0.936236462890625 0.72889426953125 0.938509990234375 0.724808703125 0.937609517578125 0.711867537109375 0.9330529609375 0.7003899609375 0.9256193828125 0.68696291015625 0.915816068359375 0.67968523046875 0.9093264453125 0.682058380859375 0.90698621875 0.692295279296875 0.909743296875 0.705319005859375 0.91731335546875 0.712990470703125 0.928026716796875 0.7254292734375 0.936236462890625 0.72889426953125
2 0.58067629296875 0.726089404296875 0.591982015625 0.7095395703125 0.59378263671875 0.689379884765625 0.587843423828125 0.66582277734375 0.573824837890625 0.65718229296875 0.5583287890625 0.6654713046875 0.554746142578125 0.69070737109375 0.55941176171875 0.71210749609375 0.56777832421875 0.724125197265625 0.58067629296875 0.726089404296875
2 0.23068433984375 0.497200494140625 0.238888703125 0.494126341796875 0.242317568359375 0.483203876953125 0.2407911640625 0.46442437109375 0.235776748046875 0.448640509765625 0.222818470703125 0.44854479296875 0.215087216796875 0.45784433203125 0.212956205078125 0.468538890625 0.219327806640625 0.49201975390625 0.23068433984375 0.497200494140625
6 1 0.85644369140625 0.95663713671875 0.708436296875 0.947047119140625 0.670692056640625 0.939004388671875 0.675009814453125 0.962183548828125 0.760233234375 0.99389932421875 0.873528537109375 1 0.90001350390625 1 0.85644369140625
2 0.8775689453125 0.48932834375 0.8714744375 0.47880454296875 0.860505326171875 0.48131880078125 0.85812308203125 0.497397109375 0.8652093125 0.513545259765625 0.8747586484375 0.515921279296875 0.880581642578125 0.502715990234375 0.8775689453125 0.48932834375
2 0.709801767578125 0.07594352734375 0.71250542578125 0.0690874765625 0.710956 0.05660203515625 0.706504505859375 0.04984741015625 0.69923077734375 0.05112996484375 0.697655412109375 0.06068667578125 0.700884865234375 0.0734559921875 0.70871366015625 0.07520740234375 0.709801767578125 0.07594352734375
7 0.899537703125 0 0.89338608984375 0.003598697265625 0.865384365234375 0.031905072265625 0.8493455859375 0.05047225390625 0.842877263671875 0.056382478515625 0.8375701796875 0.0749641171875 0.833517857421875 0.0976175078125 0.8269958515625 0.1245217421875 0.822224880859375 0.141578791015625 0.81498473828125 0.16288659375 0.805301419921875 0.17794782421875 0.7950519921875 0.197401873046875 0.77457531640625 0.218181634765625 0.766643029296875 0.22339568359375 0.762562197265625 0.224591931640625 0.758139794921875 0.225371720703125 0.753538505859375 0.22666067578125 0.74685665234375 0.2283155546875 0.740041919921875 0.226178490234375 0.734415765625 0.226217162109375 0.717978283203125 0.216437744140625 0.712771046875 0.20972517578125 0.705109978515625 0.205829658203125 0.698229578125 0.20179648828125 0.6886702890625 0.205389734375 0.685844216796875 0.21065773046875 0.68682291796875 0.216208216796875 0.688500251953125 0.221158828125 0.69199896875 0.225788283203125 0.702113708984375 0.226865837890625 0.7095762265625 0.22507330859375 0.713412345703125 0.2224892109375 0.7212519453125 0.2258765625 0.73805270703125 0.23292925 0.7472242578125 0.233219744140625 0.763092998046875 0.23042165625 0.77964087109375 0.220827390625 0.7999543515625 0.199122091796875 0.813290576171875 0.17435501171875 0.82621471875 0.1396445390625 0.83758921484375 0.096145568359375 0.846016931640625 0.065367296875 0.86532087890625 0.0409780078125 0.907604291015625 0 0.899537703125 0
7 0.894215580078125 0.1513004296875 0.8978731640625 0.1492245 0.89832759765625 0.147236685546875 0.908003400390625 0.148869265625 0.91892963671875 0.14694267578125 0.92237333984375 0.140612400390625 0.921180755859375 0.1308075703125 0.919258705078125 0.124469109375 0.91447455859375 0.1186353125 0.904110935546875 0.1085398984375 0.8994088203125 0.10316832421875 0.896267169921875 0.0975225390625 0.89434512109375 0.091184078125 0.894601001953125 0.083508216796875 0.897341390625 0.0701478984375 0.903367123046875 0.05716259765625 0.907330927734375 0.050740615234375 0.914079318359375 0.050980751953125 0.9243574140625 0.0529847578125 0.92871780078125 0.0579389609375 0.92873205859375 0.05507444921875 0.92128178515625 0.049234076171875 0.9136053828125 0.046772259765625 0.905995162109375 0.046206462890625 0.90118451171875 0.05087008203125 0.894883392578125 0.065334939453125 0.892290865234375 0.08105449609375 0.892686935546875 0.0924307734375 0.89578206640625 0.10237776171875 0.90424330078125 0.1123319296875 0.9133878359375 0.1231199296875 0.91849754296875 0.13080306640625 0.918986974609375 0.133578765625 0.91770622265625 0.140004341796875 0.913691732421875 0.143097515625 0.89717075390625 0.14141674609375 0.89643637890625 0.13803173046875 0.89085623046875 0.1337692890625 0.882884939453125 0.126590728515625 0.87937088671875 0.123394978515625 0.8754685859375 0.12408305859375 0.871667818359375 0.131429666015625 0.8739161015625 0.139618291015625 0.876797703125 0.1453099296875 0.885142068359375 0.15003927734375 0.894215580078125 0.1513004296875
4 0.894248265625 0.09215546875 0.894437966796875 0.08258358984375 0.898770357421875 0.066080560546875 0.905300181640625 0.054436435546875 0.908193111328125 0.051065275390625 0.917200953125 0.05043032421875 0.92538212109375 0.0542341328125 0.92845775 0.057984814453125 0.92873205859375 0.05507444921875 0.92248569921875 0.04997610546875 0.91334533203125 0.04681811328125 0.907719177734375 0.04685678515625 0.904419009765625 0.047915380859375 0.89631235546875 0.0612676015625 0.893245220703125 0.07277784765625 0.892473564453125 0.08817633984375 0.894349447265625 0.098814998046875 0.8982559140625 0.10575692578125 0.9092058203125 0.1176566484375 0.91722812109375 0.128165841796875 0.919185521484375 0.1392668125 0.91515553515625 0.14379278125 0.8968051875 0.14187797265625 0.8974654140625 0.14691202734375 0.902897861328125 0.14881613671875 0.910783466796875 0.14790237890625 0.91944973828125 0.146850966796875 0.922633390625 0.140566546875 0.921099076171875 0.13034434765625 0.918722755859375 0.125994611328125 0.9118228515625 0.115765134765625 0.898709833984375 0.103769201171875 0.894248265625 0.09215546875
7 0.735488458984375 0.513457681640625 0.73601765234375 0.49965046875 0.704217896484375 0.477302365234375 0.687715337890625 0.46438848046875 0.660667568359375 0.453861458984375 0.63443160546875 0.447938412109375 0.6166106875 0.451080720703125 0.593751931640625 0.4693526953125 0.5774930703125 0.496482625 0.57553781640625 0.50051959375 0.570995388671875 0.50501275 0.563922720703125 0.513644259765625 0.558721115234375 0.526165513671875 0.558011521484375 0.538949619140625 0.56411051171875 0.550005728515625 0.573601447265625 0.556771544921875 0.58022962890625 0.5540204453125 0.5860454921875 0.546665458984375 0.587065474609375 0.54068357421875 0.5885975 0.522479873046875 0.58682726953125 0.509078111328125 0.5888500859375 0.49869973828125 0.60850441015625 0.4714985546875 0.631529423828125 0.46005421484375 0.654333142578125 0.4650000859375 0.67731726171875 0.470969060546875 0.695527626953125 0.485164185546875 0.716545349609375 0.505193791015625 0.735488458984375 0.513457681640625
7 0.756230373046875 0.11939417578125 0.7484665390625 0.098335384765625 0.746775447265625 0.07980962890625 0.7469668125 0.06175300390625 0.750680953125 0.0470795703125 0.757377458984375 0.025073150390625 0.760778560546875 0.0124575625 0.7533836640625 0.0113583046875 0.74570728515625 0.036742681640625 0.738998431640625 0.059953806640625 0.7388239921875 0.083214330078125 0.74325837890625 0.103258076171875 0.750093908203125 0.122879376953125 0.76467122265625 0.1519498828125 0.787220943359375 0.168799408203125 0.803949693359375 0.17305920703125 0.828501 0.165525912109375 0.84286673046875 0.146171552734375 0.849477302734375 0.11857287109375 0.855971484375 0.0813820078125 0.85099816796875 0.071044115234375 0.848473216796875 0.069486685546875 0.844856771484375 0.06812171484375 0.841014244140625 0.07440666796875 0.840899111328125 0.08524126171875 0.840010900390625 0.09921990234375 0.840074953125 0.115023876953125 0.833353080078125 0.139438888671875 0.822748875 0.153323638671875 0.80947847265625 0.158467275390625 0.7989335703125 0.159926095703125 0.78576528125 0.155439021484375 0.771513744140625 0.143533833984375 0.7624876484375 0.131908849609375 0.756230373046875 0.11939417578125