7 0.884853517578125 0.745044427734375 0.90570119921875 0.681180548828125 0.924303216796875 0.609316615234375 0.937075412109375 0.54741950390625 0.948485265625 0.482026642578125 0.947598478515625 0.437537669921875 0.939971486328125 0.40224079296875 0.9285735234375 0.406023123046875 0.925833576171875 0.449377708984375 0.923733330078125 0.496679326171875 0.9179754765625 0.536335828125 0.90795819921875 0.57720074609375 0.89762478515625 0.629152390625 0.87773594140625 0.69228293359375 0.85611319140625 0.736744076171875 0.841871611328125 0.78578909765625 0.85365778125 0.79811920703125 0.87215075390625 0.789843453125 0.884853517578125 0.745044427734375
7 0.473620353515625 0.669706259765625 0.4599893671875 0.6388327421875 0.429799947265625 0.6184390625 0.410015353515625 0.6108420078125 0.404276330078125 0.62013615625 0.405646626953125 0.64143557421875 0.423507923828125 0.64680821875 0.43514694921875 0.65917426171875 0.443850953125 0.67153553125 0.448295697265625 0.69712626953125 0.4545916015625 0.717557666015625 0.4595731640625 0.744217640625 0.457868646484375 0.763847771484375 0.45956273046875 0.79247179296875 0.45347359375 0.83424549609375 0.440950583984375 0.88522055859375 0.420636349609375 0.927335830078125 0.439717865234375 0.945247287109375 0.455418359375 0.93747604296875 0.472023638671875 0.9010387109375 0.478591923828125 0.83440754296875 0.484416505859375 0.762705380859375 0.482815228515625 0.70904995703125 0.473620353515625 0.669706259765625
7 0.2823011953125 0.40831394140625 0.29248194921875 0.433625423828125 0.295811328125 0.490869486328125 0.28198219140625 0.54309948828125 0.25391873828125 0.5821770390625 0.217494892578125 0.60173803125 0.180651224609375 0.6101325390625 0.179750177734375 0.63079487109375 0.202143697265625 0.63687717578125 0.22241876171875 0.63323618359375 0.252554015625 0.620835294921875 0.281775994140625 0.58708162109375 0.29782050390625 0.552162734375 0.3101211953125 0.5062843046875 0.317393873046875 0.460721083984375 0.315367048828125 0.406251994140625 0.306716435546875 0.36251905859375 0.29234392578125 0.35151728125 0.278729435546875 0.37647180078125 0.2823011953125 0.40831394140625
7 0.38647649609375 0.207004671875 0.40691528125 0.211869705078125 0.4205021875 0.251705837890625 0.417958392578125 0.279595671875 0.4049053203125 0.3217691171875 0.383888146484375 0.3503072890625 0.36144869140625 0.371936740234375 0.3427381484375 0.387300861328125 0.326637896484375 0.419014978515625 0.3306874453125 0.439621109375 0.346837201171875 0.43750196875 0.370471205078125 0.421833546875 0.3899501875 0.389985650390625 0.411388287109375 0.358089390625 0.43131864453125 0.31569089453125 0.442757935546875 0.277920740234375 0.443450212890625 0.237453515625 0.434270859375 0.201085478515625 0.4108063203125 0.180444765625 0.379212697265625 0.174322857421875 0.3673405 0.2018873984375 0.38647649609375 0.207004671875
7 0.398970466796875 0.57969841796875 0.402622271484375 0.543276580078125 0.42002205078125 0.497094263671875 0.4419738828125 0.45715971484375 0.4563623828125 0.44357665234375 0.46261400390625 0.4344160703125 0.454694751953125 0.420902974609375 0.447155544921875 0.423422962890625 0.417810814453125 0.4464462578125 0.4033448203125 0.476123234375 0.385245166015625 0.520933767578125 0.371036435546875 0.581996376953125 0.37482809375 0.631559447265625 0.388958205078125 0.65481659765625 0.402352904296875 0.6514577421875 0.407138138671875 0.626359751953125 0.405284376953125 0.6042561328125 0.398970466796875 0.57969841796875
7 0.476384736328125 0.297616623046875 0.45725333203125 0.259320638671875 0.445319953125 0.240037615234375 0.430580373046875 0.249971646484375 0.425749310546875 0.273196017578125 0.439645251953125 0.28999956640625 0.456381111328125 0.307956740234375 0.474511939453125 0.33478483203125 0.486655375 0.35737831640625 0.4930045078125 0.37182518359375 0.50378416015625 0.3931291640625 0.513277474609375 0.394820451171875 0.5074163359375 0.356466501953125 0.49761347265625 0.3366594296875 0.476384736328125 0.297616623046875
5 0.5267970703125 0.18744978515625 0.536235923828125 0.196742146484375 0.54823905859375 0.200854453125 0.557779423828125 0.1903927265625 0.5589948359375 0.175037658203125 0.547048876953125 0.156885998046875 0.538405771484375 0.15348694140625 0.528100138671875 0.16066502734375 0.525447693359375 0.177274662109375 0.526827744140625 0.190058541015625 0.5267970703125 0.18744978515625
5 0.335295189453125 0.438499984375 0.33856715234375 0.444780470703125 0.33844794921875 0.45946737109375 0.339684357421875 0.474302318359375 0.3464225703125 0.486663201171875 0.356933001953125 0.48265246484375 0.36441439453125 0.46810958203125 0.360937416015625 0.45279838671875 0.3526628671875 0.438028400390625 0.3464100390625 0.42889261328125 0.33908544140625 0.433060830078125 0.335295189453125 0.438499984375
5 0.7456612890625 0.50401923828125 0.758368802734375 0.4921245 0.769546984375 0.478153458984375 0.77518198046875 0.467091646484375 0.772683580078125 0.457219431640625 0.75999098046875 0.45977523046875 0.749099341796875 0.46621819140625 0.738913017578125 0.473977298828125 0.732872505859375 0.493126908203125 0.7386732890625 0.501365775390625 0.7456612890625 0.50401923828125
5 0.84848962890625 0.43888719921875 0.8583347265625 0.42346468359375 0.85772110546875 0.413994037109375 0.843855826171875 0.41279811328125 0.83198744140625 0.4161131640625 0.823008056640625 0.43055157421875 0.8222736796875 0.447909685546875 0.83105515234375 0.459117408203125 0.8396290234375 0.452766796875 0.84848962890625 0.43888719921875
2 0.488865583984375 0.0990132421875 0.492885154296875 0.085523623046875 0.48882042578125 0.07031468359375 0.476268755859375 0.075160947265625 0.465437787109375 0.095399470703125 0.471343251953125 0.10753223046875 0.4837035078125 0.108844640625 0.488865583984375 0.0990132421875
2 0.835111080078125 0.246381333984375 0.831037439453125 0.236635291015625 0.82261728125 0.2437256953125 0.813314783203125 0.256775849609375 0.814995244140625 0.26874512890625 0.819408890625 0.277117017578125 0.82924500390625 0.2649432578125 0.835111080078125 0.246381333984375
6 1 0.22737466796875 0.97927183203125 0.21987480859375 0.96352639453125 0.218212982421875 0.960174837890625 0.235466330078125 0.97904731640625 0.24172316015625 0.994188861328125 0.24325757421875 1 0.2488498359375 1 0.22737466796875
6 0.426550529296875 0.332619478515625 0.43424621484375 0.365270978515625 0.454829796875 0.422261669921875 0.473978189453125 0.4684238203125 0.47888001171875 0.501035232421875 0.4785783359375 0.52589444921875 0.47628574609375 0.538145697265625 0.4685067578125 0.5337224375 0.447367216796875 0.52036785546875 0.443795291015625 0.540100869140625 0.456897451171875 0.54731691015625 0.46862278515625 0.553685580078125 0.480249736328125 0.551726822265625 0.488999251953125 0.5325405703125 0.4898964765625 0.5078079453125 0.48482437109375 0.465744390625 0.4700721015625 0.419409126953125 0.447686423828125 0.370896623046875 0.433497439453125 0.3219113046875 0.426550529296875 0.332619478515625
7 0.566260923828125 0.252902677734375 0.5637 0.2816521796875 0.558878677734375 0.32255659375 0.547689205078125 0.36153376953125 0.536332140625 0.38611616796875 0.5208021015625 0.412109 0.502109251953125 0.43628037109375 0.492229072265625 0.45543265234375 0.489976236328125 0.462995263671875 0.49499211328125 0.46520966015625 0.51803213671875 0.4281768046875 0.547531857421875 0.385050126953125 0.571179091796875 0.3102373828125 0.5757246171875 0.250893041015625 0.575656521484375 0.223883095703125 0.576716087890625 0.214344013671875 0.578276447265625 0.20548502734375 0.58382131640625 0.1923196171875 0.592194880859375 0.17340654296875 0.59316226171875 0.1506360078125 0.5858763828125 0.143917900390625 0.58105237890625 0.142318880859375 0.5754782421875 0.150323767578125 0.572032966796875 0.177161515625 0.572066984375 0.20129314453125 0.56876284765625 0.213801740234375 0.567194734375 0.227253931640625 0.566260923828125 0.252902677734375
7 0.392439126953125 0.7204912109375 0.378008517578125 0.742954953125 0.362015912109375 0.771469685546875 0.34839887890625 0.800489359375 0.338306197265625 0.83369530859375 0.33083109375 0.86107463671875 0.326409193359375 0.87928279296875 0.319933625 0.924024341796875 0.327211658203125 0.95208498046875 0.330357029296875 0.946370546875 0.3290929140625 0.914679078125 0.33218067578125 0.885875900390625 0.338670986328125 0.855341390625 0.3534000546875 0.81330173828125 0.3706051171875 0.771297080078125 0.38811683984375 0.742123609375 0.4031038515625 0.72223269921875 0.41612991796875 0.7102721953125 0.423534298828125 0.703990115234375 0.43236226171875 0.7022959375 0.443589453125 0.697929224609375 0.45312867578125 0.697084828125 0.460630904296875 0.690638009765625 0.46524548046875 0.679557142578125 0.46574493359375 0.65898551953125 0.45938523828125 0.65246427734375 0.443036966796875 0.661051072265625 0.429685251953125 0.67831626953125 0.408874462890625 0.702872369140625 0.392439126953125 0.7204912109375
7 0.5041343203125 0.41878955859375 0.49542455078125 0.446817091796875 0.486573607421875 0.467740587890625 0.492694107421875 0.470021283203125 0.5056241953125 0.43897278125 0.514055306640625 0.40060013671875 0.518024361328125 0.3534420546875 0.519908234375 0.312208611328125 0.510939263671875 0.261180625 0.506020123046875 0.231235921875 0.503813236328125 0.2131333515625 0.50218991796875 0.200053537109375 0.49449625 0.1935204296875 0.4888029921875 0.1918199453125 0.48124520703125 0.20147911328125 0.48321940625 0.209333431640625 0.48357226953125 0.218079396484375 0.487225828125 0.22833630078125 0.49631046484375 0.239295134765625 0.50084289453125 0.250189435546875 0.507967421875 0.288268568359375 0.513321068359375 0.315587908203125 0.51368942578125 0.347265048828125 0.512365326171875 0.358269107421875 0.507335900390625 0.395959083984375 0.5041343203125 0.41878955859375