7 0.641786298828125 0.194246869140625 0.6375206328125 0.233385591796875 0.642979140625 0.25597630078125 0.658366916015625 0.258095650390625 0.66592626171875 0.241654857421875 0.66718553515625 0.216571572265625 0.664277833984375 0.187553701171875 0.661955951171875 0.119204251953125 0.6577820703125 0.086183146484375 0.64604221484375 0.056702400390625 0.628464833984375 0.040036484375 0.61360726953125 0.041881798828125 0.600939740234375 0.05827555859375 0.59154068359375 0.08271158203125 0.585222595703125 0.104686033203125 0.583183703125 0.129508716796875 0.587256669921875 0.136282087890625 0.593762119140625 0.124814248046875 0.599412759765625 0.101493759765625 0.609479263671875 0.078403771484375 0.61966455859375 0.067128783203125 0.630636044921875 0.0690157578125 0.644053546875 0.094648474609375 0.6461567109375 0.124936166015625 0.6434320703125 0.16284366796875 0.641786298828125 0.194246869140625
7 0.495495109375 0.1426884375 0.5104098828125 0.12775966796875 0.522960765625 0.123851916015625 0.5413108125 0.111692841796875 0.56315386328125 0.08922003515625 0.583131333984375 0.060089541015625 0.59501314453125 0.0305347734375 0.596247498046875 0.006981912109375 0.581458505859375 0.0075188359375 0.576082095703125 0.025606689453125 0.5649367734375 0.055200056640625 0.54764724609375 0.075286609375 0.527619552734375 0.0912937109375 0.514764138671875 0.09718083203125 0.50011228515625 0.0951009765625 0.48277253515625 0.102064138671875 0.47414694140625 0.116289611328125 0.473287107421875 0.13662711328125 0.48062022265625 0.14768067578125 0.495495109375 0.1426884375
5 0.42799275390625 0.80530354296875 0.429479884765625 0.811897818359375 0.43084509765625 0.816449580078125 0.43633401953125 0.812257029296875 0.443464384765625 0.80733549609375 0.453768310546875 0.789955572265625 0.45663317578125 0.774629875 0.4528882578125 0.763030021484375 0.4447274765625 0.761380287109375 0.438605828125 0.773277134765625 0.431665103515625 0.792055361328125 0.42799275390625 0.80530354296875
5 0.863020931640625 0.153719853515625 0.869199064453125 0.164400421875 0.878737873046875 0.1645257421875 0.88122649609375 0.14918403515625 0.88426948828125 0.117900419921875 0.88424528515625 0.096936162109375 0.87577471484375 0.09249973046875 0.871404541015625 0.106245408203125 0.8665914375 0.128452646484375 0.863020931640625 0.153719853515625
5 0.254151234375 0.324657783203125 0.260200263671875 0.317112173828125 0.265953140625 0.301285083984375 0.267354255859375 0.291955810546875 0.261247533203125 0.283206626953125 0.252995658203125 0.284071314453125 0.24421419921875 0.298524126953125 0.235803984375 0.319805728515625 0.23764319921875 0.329952001953125 0.24633901171875 0.33105583984375 0.254151234375 0.324657783203125
5 0.1930270546875 0.217384 0.203647607421875 0.21656278515625 0.207445669921875 0.217167017578125 0.211075138671875 0.21054882421875 0.2117529375 0.197615646484375 0.202884267578125 0.18937075390625 0.192378828125 0.18103915234375 0.181733517578125 0.17885958984375 0.174893830078125 0.187579318359375 0.17298928125 0.203041572265625 0.18099471484375 0.2138355234375 0.1930270546875 0.217384
5 0.155319458984375 0.110107962890625 0.161448505859375 0.1056133125 0.164501333984375 0.087268314453125 0.161909087890625 0.07868291796875 0.153862759765625 0.076232521484375 0.1407309140625 0.087374412109375 0.132753458984375 0.098109578125 0.13120967578125 0.1058022890625 0.134630912109375 0.11307928125 0.140543587890625 0.112713224609375 0.14799057421875 0.112090078125 0.155319458984375 0.110107962890625
2 0.595351970703125 0.308271095703125 0.61460656640625 0.313116 0.6239118828125 0.297046720703125 0.6262610703125 0.2602924453125 0.612778435546875 0.24302797265625 0.5925228984375 0.24196642578125 0.587123140625 0.2642616015625 0.586246927734375 0.2890515703125 0.595351970703125 0.308271095703125
2 0.265826458984375 0.128512044921875 0.276848556640625 0.12005879296875 0.2815118046875 0.103746234375 0.27685162109375 0.087697009765625 0.26564422265625 0.091625103515625 0.259635783203125 0.109372931640625 0.265826458984375 0.128512044921875
2 0.17152198828125 0.15969519140625 0.18226826953125 0.156494888671875 0.18554755078125 0.142367521484375 0.175204966796875 0.12978398828125 0.16480185546875 0.134507115234375 0.1622093828125 0.151681083984375 0.17152198828125 0.15969519140625
2 0.322377515625 0.18792163671875 0.33239816015625 0.182425580078125 0.3307315546875 0.165781287109375 0.32184128515625 0.157789314453125 0.3130079609375 0.16485243359375 0.314713916015625 0.180745904296875 0.322377515625 0.18792163671875
7 0.702866568359375 0.797228259765625 0.707168185546875 0.777247302734375 0.706382705078125 0.769863666015625 0.717065390625 0.741972494140625 0.723553447265625 0.7061462890625 0.72450621875 0.672441626953125 0.718463873046875 0.648014140625 0.7116605390625 0.62258248828125 0.700793548828125 0.602241431640625 0.691120853515625 0.590161240234375 0.677214787109375 0.581235109375 0.666396298828125 0.58066813671875 0.655231755859375 0.581529453125 0.644456892578125 0.585304974609375 0.62880698828125 0.5941285703125 0.630913466796875 0.600508669921875 0.64750080078125 0.589322564453125 0.66892453125 0.5841756328125 0.679422109375 0.585690998046875 0.68934683984375 0.592962048828125 0.701413201171875 0.609544982421875 0.7156999296875 0.64349106640625 0.720298681640625 0.68001884375 0.71821107421875 0.711563001953125 0.712578736328125 0.74446609765625 0.705195806640625 0.7610635625 0.70073361328125 0.77163896875 0.694418419921875 0.784432470703125 0.689090275390625 0.79496156640625 0.686118498046875 0.81024735546875 0.6877294453125 0.81264791796875 0.696511005859375 0.81079200390625 0.702866568359375 0.797228259765625
7 0.197828990234375 0.648054234375 0.19656268359375 0.636619513671875 0.201786029296875 0.569265390625 0.2053223203125 0.53790378125 0.210665875 0.49504600390625 0.21575309375 0.4570694609375 0.219191642578125 0.427572884765625 0.22589180078125 0.3850921796875 0.23122634765625 0.348964447265625 0.235203263671875 0.325615583984375 0.2357149453125 0.3158521328125 0.232265654296875 0.329133328125 0.225421125 0.371094658203125 0.215814302734375 0.43620703515625 0.206641146484375 0.5028868515625 0.20006090625 0.5496574921875 0.196110205078125 0.588916568359375 0.193925373046875 0.614195201171875 0.193476109375 0.635894017578125 0.1912415703125 0.6391426328125 0.186168134765625 0.653867662109375 0.183584025390625 0.67361874609375 0.185914005859375 0.681695275390625 0.1875659140625 0.683005748046875 0.189389509765625 0.684324291015625 0.19441398828125 0.6836696875 0.19643365234375 0.677962939453125 0.1980343515625 0.670398380859375 0.19881362109375 0.65881310546875 0.197828990234375 0.648054234375