7 0.847223341796875 0.670864478515625 0.870385900390625 0.64838640234375 0.884385462890625 0.62095005078125 0.8970683984375 0.57903047265625 0.903093572265625 0.55073812890625 0.90847173828125 0.502017443359375 0.908647939453125 0.463473841796875 0.892707984375 0.43091075 0.869452322265625 0.421666955078125 0.859994068359375 0.44287514453125 0.873276388671875 0.460089759765625 0.88349316796875 0.4776546875 0.88474889453125 0.51701966015625 0.87719179296875 0.55039933984375 0.869509236328125 0.5898394609375 0.8496354609375 0.6242480078125 0.8325686484375 0.616487087890625 0.80693791796875 0.604572830078125 0.7873736484375 0.618502560546875 0.786888802734375 0.64260180859375 0.79981125 0.66447394921875 0.82900851171875 0.668786568359375 0.847223341796875 0.670864478515625
7 0.713656669921875 0.70838965234375 0.74325883203125 0.722046263671875 0.755509880859375 0.70067909765625 0.749392845703125 0.679106150390625 0.734257890625 0.6735610703125 0.7165234765625 0.675250345703125 0.693873552734375 0.66452208203125 0.680686806640625 0.63471226953125 0.672429798828125 0.605601041015625 0.677719388671875 0.56268318359375 0.687293912109375 0.537626216796875 0.698218876953125 0.51962717578125 0.699552052734375 0.50832484765625 0.691271541015625 0.500653900390625 0.67211423828125 0.51969260546875 0.6576171171875 0.570848828125 0.65324108984375 0.618429443359375 0.663990400390625 0.656726767578125 0.69012485546875 0.6944074375 0.713656669921875 0.70838965234375
7 0.81177034375 0.44719330078125 0.823734111328125 0.470227642578125 0.836657890625 0.522081759765625 0.836051875 0.573942615234375 0.82795458984375 0.620876009765625 0.831611888671875 0.640450962890625 0.841883642578125 0.6387083046875 0.8458188359375 0.620185 0.851103865234375 0.593625556640625 0.854588466796875 0.56634409375 0.85810384765625 0.526640455078125 0.85347580078125 0.495722833984375 0.844543142578125 0.453609197265625 0.835048787109375 0.42400647265625 0.81195341015625 0.399584818359375 0.786251919921875 0.373716255859375 0.767558755859375 0.357165693359375 0.742239638671875 0.364688923828125 0.73711557421875 0.400831078125 0.76293323828125 0.419227546875 0.79199576953125 0.43145403125 0.81177034375 0.44719330078125
7 0.1980168515625 0.5490828125 0.236153400390625 0.531751302734375 0.252091748046875 0.50352123828125 0.254400255859375 0.4799761484375 0.23390628515625 0.462924607421875 0.205032826171875 0.482399126953125 0.1671746015625 0.516122853515625 0.12593017578125 0.539324923828125 0.085849802734375 0.5283231640625 0.05001466015625 0.506564138671875 0.022538787109375 0.51730592578125 0.0340298359375 0.55604975390625 0.06315194140625 0.575261490234375 0.103458826171875 0.587200619140625 0.15317684375 0.577494783203125 0.1980168515625 0.5490828125
7 0.26036517578125 0.438571314453125 0.276042390625 0.425092529296875 0.286556974609375 0.4027901015625 0.2806722890625 0.3710381171875 0.251036099609375 0.345286275390625 0.205771173828125 0.33370390625 0.18478486328125 0.361369197265625 0.198117671875 0.390801404296875 0.2333889296875 0.41140905078125 0.26036517578125 0.438571314453125
7 0.481093728515625 0.428494396484375 0.491925548828125 0.4758936953125 0.493850140625 0.507939328125 0.4942581328125 0.528070587890625 0.504756083984375 0.530674 0.511812611328125 0.51415808984375 0.510351267578125 0.48514335546875 0.501147333984375 0.443290267578125 0.49208072265625 0.4116056328125 0.4791103515625 0.3843756796875 0.463096771484375 0.344018669921875 0.455952375 0.3168165234375 0.4530050703125 0.2956131796875 0.448179416015625 0.27966453515625 0.43717696484375 0.27886213671875 0.429480845703125 0.293821833984375 0.432480568359375 0.31557268359375 0.447631533203125 0.33937711328125 0.45846003125 0.3692257421875 0.465317765625 0.388715095703125 0.47247946484375 0.408241767578125 0.481093728515625 0.428494396484375
5 0.76624242578125 0.79442751953125 0.7707111328125 0.81074466796875 0.774725775390625 0.81123760546875 0.779573779296875 0.808849515625 0.784864193359375 0.80481137890625 0.785495677734375 0.79380910546875 0.78304901953125 0.778592884765625 0.778721501953125 0.7669807890625 0.7735094609375 0.7586706953125 0.76711190234375 0.76001587109375 0.763401646484375 0.76680505078125 0.76452587890625 0.7771711796875 0.76624242578125 0.79442751953125
5 0.75299938671875 0.664101427734375 0.75886 0.669082412109375 0.76614248828125 0.66443621875 0.76671443359375 0.650016962890625 0.76231375390625 0.64095383984375 0.75457719921875 0.629775818359375 0.74471002734375 0.62813795703125 0.740239978515625 0.635260171875 0.739719599609375 0.649259435546875 0.743699244140625 0.65784546875 0.75299938671875 0.664101427734375
5 0.853270650390625 0.452677908203125 0.8590545234375 0.446569662109375 0.86525932421875 0.44093942578125 0.869360533203125 0.432919271484375 0.87190295703125 0.420020935546875 0.8679748828125 0.41101491015625 0.861864509765625 0.411969953125 0.853534525390625 0.41733925 0.846599501953125 0.4250105234375 0.84279470703125 0.436475814453125 0.83924764453125 0.4458420546875 0.8411021015625 0.454167146484375 0.847272013671875 0.4566290859375 0.853270650390625 0.452677908203125
6 0.492239759765625 0.5865792421875 0.504807765625 0.60338897265625 0.503892033203125 0.60720582421875 0.51169266015625 0.593903623046875 0.505623869140625 0.5805450078125 0.502156125 0.568601890625 0.492187388671875 0.561893486328125 0.47529044140625 0.566399333984375 0.472154857421875 0.55175526953125 0.469074736328125 0.5316336171875 0.455069515625 0.515105462890625 0.43249472265625 0.515624826171875 0.4011041484375 0.5276752109375 0.391082755859375 0.543995 0.387242115234375 0.56271835546875 0.391128078125 0.5812942890625 0.40269990234375 0.579972462890625 0.411715771484375 0.56682041015625 0.417539669921875 0.544500833984375 0.428626294921875 0.5370874375 0.44833371484375 0.537313072265625 0.45555139453125 0.551362220703125 0.458774474609375 0.57534115625 0.477249642578125 0.583094021484375 0.492239759765625 0.5865792421875
2 0.480294076171875 0.369713427734375 0.48171501171875 0.355627900390625 0.4764353828125 0.348398177734375 0.467635759765625 0.35225451953125 0.465597150390625 0.36132740625 0.468048078125 0.371500072265625 0.473394056640625 0.378189408203125 0.47844311328125 0.372227890625 0.480294076171875 0.369713427734375
2 0.127082380859375 0.794342126953125 0.136120734375 0.78912697265625 0.139238787109375 0.77649801953125 0.13202858203125 0.760742619140625 0.122883119140625 0.7628726484375 0.117143466796875 0.7798263828125 0.11821479296875 0.78599925390625 0.121064162109375 0.79471330859375 0.127082380859375 0.794342126953125
6 0.2859639140625 0.74339646875 0.280991390625 0.772590486328125 0.27873919921875 0.77457338671875 0.29033991796875 0.78436290625 0.29643148828125 0.7581581015625 0.297638439453125 0.72066461328125 0.28317933984375 0.697977830078125 0.255297171875 0.682471677734375 0.231293509765625 0.67580687109375 0.180934314453125 0.685888294921875 0.16033634765625 0.694048115234375 0.147016658203125 0.6961301875 0.132175966796875 0.695701703125 0.1300871640625 0.708457033203125 0.164055279296875 0.708445693359375 0.206482111328125 0.692742693359375 0.24245356640625 0.693441908203125 0.267246951171875 0.70856880859375 0.2831854921875 0.727719716796875 0.2859639140625 0.74339646875
6 0.264180181640625 0.9717960078125 0.2833926640625 0.9356233515625 0.293106236328125 0.88528749609375 0.298750927734375 0.83068228125 0.307456486328125 0.7971889375 0.321919265625 0.780113115234375 0.32173104296875 0.76438031640625 0.30960465625 0.771060607421875 0.29565406640625 0.792597845703125 0.28714890625 0.847481533203125 0.283220330078125 0.890986296875 0.274222544921875 0.932612052734375 0.251378177734375 0.97190983203125 0.264180181640625 0.9717960078125
6 0.818209609375 0.793721201171875 0.833625423828125 0.79589762109375 0.8405256875 0.7967448671875 0.846978052734375 0.777751677734375 0.830056056640625 0.7712772578125 0.805613279296875 0.7690093046875 0.777900140625 0.7765977421875 0.72932781640625 0.813136732421875 0.71357275390625 0.867627470703125 0.702912427734375 0.964513439453125 0.71394655078125 0.958540490234375 0.72001144140625 0.90579105859375 0.72393469921875 0.8637698515625 0.743739693359375 0.82663071875 0.76290066796875 0.8048012890625 0.78452526953125 0.7964643359375 0.803854869140625 0.790044392578125 0.818209609375 0.793721201171875
2 0.40661944921875 0.569726541015625 0.411805205078125 0.557279638671875 0.410902375 0.548191685546875 0.408052013671875 0.54125930859375 0.402893388671875 0.5394290234375 0.394442548828125 0.547966466796875 0.39175294921875 0.56439260546875 0.39342158984375 0.569983001953125 0.397254751953125 0.5716505390625 0.401304505859375 0.5715498125 0.406494279296875 0.5703912421875 0.406234728515625 0.569761396484375 0.40661944921875 0.569726541015625
1 0.214953693359375 0.374953591796875 0.225099076171875 0.377351392578125 0.233729357421875 0.377258953125 0.24412321484375 0.3857360546875 0.256510861328125 0.387680591796875 0.264712078125 0.39461695703125 0.271628923828125 0.398431865234375 0.271482923828125 0.403497197265625 0.268060533203125 0.41197198828125 0.2666821328125 0.413496849609375 0.26091719921875 0.41194194921875 0.258613263671875 0.40742285546875 0.256117544921875 0.398644943359375 0.256600185546875 0.392773888671875 0.25430445703125 0.39206848046875 0.255016751953125 0.395968619140625 0.256112501953125 0.40838731640625 0.266118486328125 0.418087375 0.269110095703125 0.415065546875 0.27187962890625 0.4060870703125 0.273220046875 0.399050755859375 0.267622568359375 0.390315521484375 0.255153916015625 0.387090455078125 0.240505875 0.3763959609375 0.223496998046875 0.37134284375 0.209429013671875 0.363685197265625 0.2070606015625 0.365512029296875 0.206496955078125 0.3701025546875 0.210465328125 0.372707447265625 0.214953693359375 0.374953591796875