7 0.403154166015625 0.061459259765625 0.412735416015625 0.0732518515625 0.4215796875 0.096837037109375 0.426002083984375 0.120421296875 0.4318984375 0.132213888671875 0.4363203125 0.125662962890625 0.435583333984375 0.100767591796875 0.430423958984375 0.078492591796875 0.422316666015625 0.0535981484375 0.410524478515625 0.036563888671875 0.395783853515625 0.033943517578125 0.377358333984375 0.049666666015625 0.364091666015625 0.078492591796875 0.3581953125 0.11125 0.352299478515625 0.179384259765625 0.347877083984375 0.208210185546875 0.347821875 0.233325 0.354510416015625 0.250138888671875 0.369988021484375 0.24882777734375 0.376621353515625 0.226553703125 0.374409896484375 0.18724537109375 0.374409896484375 0.15579907421875 0.373672916015625 0.11780092578125 0.377358333984375 0.087664814453125 0.392098958984375 0.0627694453125 0.403154166015625 0.061459259765625
7 0.521078646484375 0.09565 0.506338021484375 0.096960185546875 0.493808333984375 0.090408333984375 0.474645833984375 0.073375 0.45843125 0.052411111328125 0.44885 0.022275 0.444427603515625 0.0039305546875 0.429686978515625 0.00262037109375 0.429686978515625 0.0262055546875 0.440005728515625 0.056341666015625 0.45843125 0.08647777734375 0.479068228515625 0.110062962890625 0.496756771484375 0.123165740234375 0.5090859375 0.127725 0.523198958984375 0.143413888671875 0.5377921875 0.14917777734375 0.54569375 0.1385231484375 0.545899478515625 0.118168517578125 0.538030208984375 0.103511111328125 0.521078646484375 0.09565
5 0.528934375 0.7765231484375 0.530993228515625 0.79197777734375 0.5403734375 0.8098731484375 0.547236458984375 0.815161111328125 0.5524984375 0.819635185546875 0.5541 0.815161111328125 0.555930208984375 0.808653703125 0.55295625 0.795231482421875 0.5470078125 0.776115740234375 0.5415171875 0.763914814453125 0.53328125 0.765135185546875 0.528934375 0.7765231484375
5 0.1362546875 0.098312962890625 0.13765625 0.129712962890625 0.139338541015625 0.145163888671875 0.148870833984375 0.145537962890625 0.155599478515625 0.13519537109375 0.15335625 0.10977592578125 0.149711978515625 0.08734722265625 0.1460671875 0.073391666015625 0.137376041015625 0.077378703125 0.1362546875 0.098312962890625
5 0.757966666015625 0.2972944453125 0.749771353515625 0.29599907421875 0.743215103515625 0.304416666015625 0.744126041015625 0.313806482421875 0.749042708984375 0.329912962890625 0.754688541015625 0.337764814453125 0.762155208984375 0.344562962890625 0.770896875 0.343915740234375 0.773264583984375 0.33387962890625 0.7659796875 0.312187037109375 0.757966666015625 0.2972944453125
5 0.823892708984375 0.19757592578125 0.812965625 0.205346296875 0.803677603515625 0.213115740234375 0.803677603515625 0.226066666015625 0.806955728515625 0.232865740234375 0.810780208984375 0.232461111328125 0.821343228515625 0.233837037109375 0.833544791015625 0.2309231484375 0.842104166015625 0.220562962890625 0.841011458984375 0.20502222265625 0.8346375 0.195956482421875 0.823892708984375 0.19757592578125
5 0.8877765625 0.1178805546875 0.880371875 0.106742591796875 0.867841146484375 0.094928703125 0.859677603515625 0.09695462890625 0.856639583984375 0.105392591796875 0.858728125 0.12387222265625 0.864613541015625 0.128681482421875 0.871828646484375 0.1310444453125 0.8792328125 0.132056482421875 0.885118228515625 0.132731482421875 0.888915625 0.125643517578125 0.8877765625 0.1178805546875
2 0.386457291015625 0.254012962890625 0.3868796875 0.290839814453125 0.39533125 0.30737407421875 0.414813021484375 0.303543517578125 0.424911458984375 0.2848268515625 0.425333853515625 0.260025 0.421108333984375 0.23747777734375 0.400825 0.23747777734375 0.386457291015625 0.254012962890625
2 0.742730208984375 0.132258333984375 0.753294791015625 0.1412768515625 0.760478646484375 0.122487962890625 0.755407291015625 0.10445 0.744420833984375 0.099940740234375 0.738927083984375 0.11572407421875 0.742730208984375 0.132258333984375
2 0.835273958984375 0.1735944453125 0.845838021484375 0.17735277734375 0.855557291015625 0.169837037109375 0.8538671875 0.15255092578125 0.843725521484375 0.147289814453125 0.832738541015625 0.159314814453125 0.835273958984375 0.1735944453125
2 0.683992708984375 0.191632408203125 0.693711978515625 0.19764537109375 0.701740625 0.1908805546875 0.704276041015625 0.1750981484375 0.695824478515625 0.167582408203125 0.686528125 0.1750981484375 0.683992708984375 0.191632408203125
7 0.290961978515625 0.773867591796875 0.285325 0.760761111328125 0.281422396484375 0.749966666015625 0.274918228515625 0.7330055546875 0.271015625 0.69985277734375 0.270581771484375 0.668242591796875 0.2770859375 0.6320055546875 0.2931296875 0.598853703125 0.306047396484375 0.582925 0.3163390625 0.576183333984375 0.3269015625 0.5752194453125 0.3480265625 0.5814805546875 0.364005728515625 0.5935194453125 0.366443228515625 0.587258333984375 0.3512765625 0.57762777734375 0.3407140625 0.573293517578125 0.329609896484375 0.57184907421875 0.3187765625 0.57184907421875 0.304422396484375 0.580035185546875 0.294130728515625 0.591592591796875 0.2822140625 0.611337037109375 0.2740890625 0.63637777734375 0.2667765625 0.6604555546875 0.2659640625 0.694163888671875 0.270568228515625 0.7302805546875 0.2797765625 0.758692591796875 0.278605728515625 0.766025 0.281855728515625 0.786203703125 0.287492708984375 0.800081482421875 0.296165103515625 0.8023944453125 0.297899478515625 0.800081482421875 0.295731771484375 0.784661111328125 0.290961978515625 0.773867591796875
7 0.800538021484375 0.70032777734375 0.802428125 0.699106482421875 0.804146353515625 0.697884259765625 0.806895833984375 0.689940740234375 0.805348958984375 0.670081482421875 0.801053125 0.655111111328125 0.798991666015625 0.65175 0.799678646484375 0.630057408203125 0.798819791015625 0.60469907421875 0.796929166015625 0.565287037109375 0.792805728515625 0.518236111328125 0.787134896484375 0.451167591796875 0.780948958984375 0.385641666015625 0.776309896484375 0.34337962890625 0.773560416015625 0.329936111328125 0.773560416015625 0.339712962890625 0.776309896484375 0.363237962890625 0.779746353515625 0.39959537109375 0.7842140625 0.442368517578125 0.786104166015625 0.47200462890625 0.789196875 0.51019537109375 0.792290103515625 0.55327407421875 0.794180208984375 0.58477777734375 0.795871353515625 0.652312962890625 0.794008333984375 0.663665740234375 0.792461978515625 0.674358333984375 0.792633853515625 0.685968517578125 0.793836458984375 0.693606482421875 0.7955546875 0.699411111328125 0.800538021484375 0.70032777734375