7 0.8760671484375 0.75832634765625 0.899130947265625 0.6952289453125 0.920229646484375 0.624057990234375 0.935154240234375 0.562644328125 0.948839322265625 0.497689501953125 0.949505716796875 0.453196681640625 0.94311521484375 0.41765512890625 0.931592193359375 0.42103737109375 0.92734086328125 0.464269923828125 0.92359109375 0.5114694296875 0.916452755859375 0.550900826171875 0.905015416015625 0.59139125390625 0.892875208984375 0.642950619140625 0.8707952578125 0.70534859375 0.8476340078125 0.749028029296875 0.83168945703125 0.7975461484375 0.8430381328125 0.810280080078125 0.861808658203125 0.80265476171875 0.8760671484375 0.75832634765625
7 0.46771376171875 0.668682244140625 0.455168548828125 0.637351818359375 0.425709248046875 0.615916966796875 0.40620183984375 0.60763406640625 0.400141951171875 0.616722263671875 0.40076807421875 0.63805653125 0.418430986328125 0.644049251953125 0.42963135546875 0.65681395703125 0.437898654296875 0.669471462890625 0.4414475859375 0.695201732421875 0.447026609375 0.715840404296875 0.45107471875 0.742657994140625 0.44868615625 0.7622166796875 0.44938024609375 0.79088238671875 0.4418369375 0.832418134765625 0.42754255078125 0.88292509765625 0.405770888671875 0.9243057578125 0.424215681640625 0.94287223828125 0.44017782421875 0.93565366796875 0.458044630859375 0.899818048828125 0.46693430859375 0.833456701171875 0.475257712890625 0.7620014921875 0.475529958984375 0.708322869140625 0.46771376171875 0.668682244140625
7 0.285633609375 0.400772216796875 0.294924802734375 0.42642358203125 0.296254365234375 0.483748966796875 0.2806108515625 0.535464521484375 0.25120070703125 0.5735388671875 0.214116380859375 0.59181676953125 0.177002193359375 0.598920337890625 0.17538058984375 0.61953863671875 0.19754819921875 0.626398759765625 0.21793798046875 0.62346757421875 0.248487662109375 0.6121259453125 0.278869826171875 0.5794126640625 0.296123212890625 0.54507499609375 0.310017546875 0.49965380078125 0.31887592578125 0.454372150390625 0.31875128125 0.399865505859375 0.311632193359375 0.35585730859375 0.297652396484375 0.344360640625 0.283175298828125 0.3688248203125 0.285633609375 0.400772216796875
7 0.396771041015625 0.2032212421875 0.41702758984375 0.2087966171875 0.42921595703125 0.249082658203125 0.42570037109375 0.2768667265625 0.41118341796875 0.318558935546875 0.389183078125 0.346346232421875 0.3660024375 0.367179380859375 0.346767091796875 0.381881154296875 0.32956983984375 0.4130140625 0.332897779296875 0.433748966796875 0.34911165234375 0.432194736328125 0.373278080078125 0.417360673828125 0.393856673828125 0.386211986328125 0.416394876953125 0.355083333984375 0.43779277734375 0.3134062265625 0.450543259765625 0.276058306640625 0.45264740234375 0.235639892578125 0.444742865234375 0.198973654296875 0.422012970703125 0.177526615234375 0.39065224609375 0.1703058359375 0.37782529296875 0.19743925 0.396771041015625 0.2032212421875
7 0.396250576171875 0.57612398828125 0.40117126171875 0.539851783203125 0.420172181640625 0.49430484375 0.4435043359375 0.455160728515625 0.45835811328125 0.44208809375 0.464925625 0.43315126953125 0.457482796875 0.419370029296875 0.449860236328125 0.421625365234375 0.419729880859375 0.443610521484375 0.404236986328125 0.4727645625 0.384584494140625 0.51691612890625 0.36825336328125 0.577445662109375 0.370312986328125 0.6271108671875 0.383622828125 0.650846984375 0.39712658984375 0.64795764453125 0.40278481640625 0.6230419453125 0.401703587890625 0.60088709375 0.396250576171875 0.57612398828125
7 0.48346219921875 0.296915748046875 0.4656789609375 0.257975416015625 0.4544258203125 0.238287669921875 0.439348525390625 0.24770124609375 0.43370988671875 0.2707428671875 0.447010927734375 0.288021142578125 0.463109896484375 0.30655144921875 0.480293392578125 0.333995955078125 0.4916409296875 0.3569994765625 0.497482005859375 0.371659125 0.50751159375 0.39332633203125 0.516940099609375 0.395347900390625 0.512421064453125 0.356812765625 0.5033154296875 0.336675642578125 0.48346219921875 0.296915748046875
5 0.537688591796875 0.18857538671875 0.546797396484375 0.198191498046875 0.558649701171875 0.202720203125 0.568549365234375 0.1925978046875 0.570299919921875 0.177294505859375 0.55899472265625 0.15873699609375 0.550475505859375 0.155038369140625 0.539925640625 0.161852421875 0.536695142578125 0.178359369140625 0.537628203125 0.191183623046875 0.537688591796875 0.18857538671875
5 0.337541841796875 0.432789333984375 0.340592626953125 0.43918018359375 0.3399609296875 0.4538539765625 0.340678853515625 0.468723037109375 0.346981572265625 0.48131155078125 0.35762557421875 0.47767006640625 0.36560994921875 0.463397140625 0.36266944140625 0.44797392578125 0.3549153984375 0.432924158203125 0.348985212890625 0.423575716796875 0.341519609375 0.42748576953125 0.337541841796875 0.432789333984375
5 0.745371369140625 0.51259024609375 0.75848626171875 0.50114623828125 0.770145216796875 0.4875738203125 0.77616283203125 0.47671540625 0.77401048828125 0.46676201171875 0.761236423828125 0.4688732890625 0.75012656640625 0.474932212890625 0.739675658203125 0.482331095703125 0.732970513671875 0.501258228515625 0.73848023046875 0.509694521484375 0.745371369140625 0.51259024609375
5 0.85041014453125 0.4510865390625 0.860787482421875 0.436017009765625 0.860504755859375 0.426530716796875 0.84668966015625 0.42485162890625 0.8347128125 0.4277504609375 0.82523500390625 0.44186669921875 0.82389528515625 0.45918860546875 0.832280263671875 0.470695970703125 0.841070544921875 0.464648451171875 0.85041014453125 0.4510865390625
2 0.5028666015625 0.098868927734375 0.507354505859375 0.085527806640625 0.503823037109375 0.070186275390625 0.491109880859375 0.0745915390625 0.479579197265625 0.09443973828125 0.48505763671875 0.106771205078125 0.497364560546875 0.108514181640625 0.5028666015625 0.098868927734375
2 0.8437581015625 0.258231041015625 0.840027076171875 0.248348765625 0.831364595703125 0.2551409921875 0.8216123203125 0.26785854296875 0.82287403515625 0.279879177734375 0.8269928203125 0.288400001953125 0.837247798828125 0.27657693359375 0.8437581015625 0.258231041015625
6 1 0.241289794921875 0.9887561015625 0.23677180078125 0.973078251953125 0.2345614765625 0.969126603515625 0.25168734765625 0.987769224609375 0.258599005859375 1 0.260271474609375 1 0.241289794921875
6 0.432436767578125 0.33015809375 0.438988244140625 0.36305827734375 0.457570341796875 0.420732607421875 0.475096033203125 0.467534908203125 0.478856748046875 0.500297525390625 0.477687681640625 0.5251310703125 0.474968927734375 0.53729484375 0.467349046875 0.532602796875 0.446688451171875 0.51851858984375 0.442430029296875 0.53811492578125 0.45527237109375 0.545783828125 0.466768298828125 0.552557828125 0.47845652734375 0.551006037109375 0.487870302734375 0.532136828125 0.48963013671875 0.507450580078125 0.486029119140625 0.46523563671875 0.472902912109375 0.418413751953125 0.452223935546875 0.36914955078125 0.439753158203125 0.319698884765625 0.432436767578125 0.33015809375
7 0.574844130859375 0.25536567578125 0.571281423828125 0.2840082890625 0.56503549609375 0.3247195234375 0.552492556640625 0.36328244921875 0.54028449609375 0.387453515625 0.52385678125 0.4128885234375 0.50433175 0.436392798828125 0.49378918359375 0.455188599609375 0.4912737890625 0.46266798046875 0.496209328125 0.46505608203125 0.520527744140625 0.42884987109375 0.551514595703125 0.386778990234375 0.5777583515625 0.312837095703125 0.5843721953125 0.253687541015625 0.585246775390625 0.226691673828125 0.586638603515625 0.217195380859375 0.5885071875 0.20839624609375 0.594508146484375 0.195432369140625 0.603536666015625 0.176823048828125 0.60529813671875 0.154100146484375 0.598251154296875 0.147131859375 0.59348589453125 0.14536545703125 0.587635787109375 0.15317093359375 0.583255986328125 0.17987209375 0.58244780078125 0.203990208984375 0.578709134765625 0.216375873046875 0.576672501953125 0.22976514453125 0.574844130859375 0.25536567578125
7 0.384809619140625 0.716603072265625 0.369603826171875 0.738549509765625 0.3526258125 0.76648873828125 0.338004302734375 0.7950155078125 0.3267588984375 0.827848998046875 0.31833282421875 0.85495076953125 0.313278162109375 0.87299351171875 0.305245080078125 0.9174818125 0.311539376953125 0.94577935546875 0.314882263671875 0.94017817578125 0.31472493359375 0.90846189453125 0.31881603125 0.879784025390625 0.32636802734375 0.849494625 0.342555287109375 0.807994619140625 0.361215810546875 0.766615998046875 0.37973500390625 0.73807144921875 0.395407068359375 0.718715693359375 0.408842615234375 0.707217080078125 0.4164617265625 0.701197234375 0.425343439453125 0.699812181640625 0.4367161875 0.695839951171875 0.44627906640625 0.695328984375 0.45400171484375 0.68914791796875 0.459000197265625 0.678234845703125 0.460217287109375 0.657693185546875 0.4540890546875 0.650953966796875 0.43745106640625 0.658964982421875 0.4235049375 0.675753693359375 0.40184983203125 0.699568548828125 0.384809619140625 0.716603072265625
7 0.50696600390625 0.41898331640625 0.49728339453125 0.44668980859375 0.487707623046875 0.4672916640625 0.49374480078125 0.46978457421875 0.507750587890625 0.439206240234375 0.51751575 0.401151212890625 0.5231281796875 0.354160375 0.526449931640625 0.313017794921875 0.51926727734375 0.261707880859375 0.5153961875 0.23160974609375 0.513822416015625 0.21344118359375 0.512656564453125 0.20031268359375 0.5051955859375 0.19351505078125 0.499565142578125 0.19161691015625 0.491674861328125 0.201006431640625 0.49337374609375 0.20892486328125 0.4934211640625 0.217677814453125 0.496714537109375 0.228055978515625 0.5054111796875 0.2393251875 0.509560642578125 0.250371029296875 0.515351888671875 0.288675609375 0.519748841796875 0.31616514453125 0.519011458984375 0.347835845703125 0.51730412890625 0.35878698828125 0.510962408203125 0.396278482421875 0.50696600390625 0.41898331640625