7 0.425149478515625 0.9286944453125 0.43429375 0.84180462890625 0.439040625 0.798963888671875 0.446797396484375 0.734811111328125 0.454933853515625 0.711616666015625 0.458611978515625 0.67692222265625 0.454857291015625 0.657440740234375 0.441018228515625 0.656911111328125 0.4315625 0.678738888671875 0.428334896484375 0.71587777734375 0.421542708984375 0.784360185546875 0.414452603515625 0.839012962890625 0.406728646484375 0.88864537109375 0.407155208984375 0.921985185546875 0.425149478515625 0.9286944453125
7 0.219490103515625 0.53327222265625 0.2140640625 0.478384259765625 0.223728646484375 0.4435694453125 0.243884896484375 0.431784259765625 0.258629166015625 0.451132408203125 0.273979166015625 0.497571296875 0.284925521484375 0.521038888671875 0.293686458984375 0.511671296875 0.287936978515625 0.474113888671875 0.276063021484375 0.4306768515625 0.2559 0.404960185546875 0.226005728515625 0.405167591796875 0.206992708984375 0.429132408203125 0.197984375 0.46055277734375 0.196630208984375 0.506887037109375 0.205036458984375 0.557868517578125 0.218391666015625 0.602342591796875 0.235050521484375 0.619456482421875 0.25005625 0.602537962890625 0.2411953125 0.565834259765625 0.219490103515625 0.53327222265625
7 0.398986978515625 0.19149907421875 0.414010416015625 0.134341666015625 0.425307291015625 0.087875 0.424749478515625 0.048611111328125 0.403747396484375 0.040214814453125 0.394290103515625 0.0628 0.386523958984375 0.08800462890625 0.380955208984375 0.1295055546875 0.375531771484375 0.156538888671875 0.3702015625 0.1802768515625 0.364275 0.21004907421875 0.348472916015625 0.234028703125 0.355936458984375 0.2869444453125 0.36265625 0.339807408203125 0.395478646484375 0.356662037109375 0.396998958984375 0.2980018515625 0.389904166015625 0.243990740234375 0.398986978515625 0.19149907421875
5 0.815934375 0.85677592578125 0.814994791015625 0.87792777734375 0.816247396484375 0.895182408203125 0.82751875 0.89114722265625 0.832528125 0.874587962890625 0.840042708984375 0.855662962890625 0.839103646484375 0.838963888671875 0.829084375 0.831171296875 0.82094375 0.838407408203125 0.815934375 0.85677592578125
5 0.907045833984375 0.525031482421875 0.897966146484375 0.52447407421875 0.894834896484375 0.5372768515625 0.899218228515625 0.554392591796875 0.9092375 0.56232407421875 0.9183171875 0.566221296875 0.926770833984375 0.566221296875 0.927397396484375 0.555088888671875 0.9183171875 0.53672037109375 0.907045833984375 0.525031482421875
5 0.354726041015625 0.107962037109375 0.352478646484375 0.12827222265625 0.352478646484375 0.146585185546875 0.356224478515625 0.154243517578125 0.36146875 0.156240740234375 0.364465103515625 0.151246296875 0.368585416015625 0.13992592578125 0.374953646484375 0.1199481484375 0.374766146484375 0.101968517578125 0.368585416015625 0.089316666015625 0.3601578125 0.092646296875 0.354726041015625 0.107962037109375
2 0.27841875 0.79697962890625 0.272994791015625 0.8101805546875 0.2764203125 0.82439722265625 0.2863 0.826216666015625 0.294690625 0.823381482421875 0.2975453125 0.814242591796875 0.2958328125 0.8035805546875 0.290122916015625 0.793933333984375 0.27841875 0.79697962890625
2 0.050561978515625 0.0880805546875 0.051702603515625 0.10329537109375 0.055314583984375 0.10667592578125 0.061363541015625 0.109513888671875 0.0646296875 0.09957592578125 0.064439583984375 0.0880805546875 0.062158333984375 0.0809805546875 0.056265103515625 0.080303703125 0.050561978515625 0.0880805546875
5 0.318631771484375 0 0.313879166015625 0.000511111328125 0.313498958984375 0.014035185546875 0.321293228515625 0.035336111328125 0.330418228515625 0.04345 0.3385921875 0.037364814453125 0.342774478515625 0.023163888671875 0.3397328125 0.012006482421875 0.333269271484375 0.0022018515625 0.327186458984375 0 0.318631771484375 0
7 0.929896875 0.133725 0.927995833984375 0.157053703125 0.934079166015625 0.163815740234375 0.942443228515625 0.166859259765625 0.94795625 0.1536731484375 0.951378125 0.135414814453125 0.952328646484375 0.113437962890625 0.978942708984375 0.02654537109375 0.986097916015625 0.00219722265625 0.980463541015625 0 0.972669791015625 0.01505 0.94795625 0.096533333984375 0.9411125 0.10735277734375 0.929896875 0.133725
2 0.4844125 0.897708333984375 0.485710416015625 0.9173305546875 0.492200521484375 0.919638888671875 0.504734375 0.91317222265625 0.5074515625 0.9075194453125 0.506478125 0.897708333984375 0.501935416015625 0.886165740234375 0.492525 0.8873194453125 0.4844125 0.897708333984375
2 0.1761125 0.0743231484375 0.179681771484375 0.078362962890625 0.189934896484375 0.0737055546875 0.191363541015625 0.057587037109375 0.187469791015625 0.04892962890625 0.178708333984375 0.043158333984375 0.174165625 0.05470092578125 0.1761125 0.0743231484375
4 0.384421353515625 0.31965 0.379230728515625 0.3054518515625 0.377234375 0.294803703125 0.3732421875 0.277056482421875 0.3732421875 0.25150092578125 0.3732421875 0.233753703125 0.376835416015625 0.209616666015625 0.38235 0.182587037109375 0.385994271484375 0.16962777734375 0.391825 0.135609259765625 0.3980203125 0.097875 0.407313541015625 0.070336111328125 0.411139583984375 0.0615481484375 0.4095 0.057984259765625 0.397473958984375 0.089087037109375 0.395469271484375 0.095566666015625 0.389638541015625 0.126021296875 0.385265625 0.151616666015625 0.381803646484375 0.1746194453125 0.37524375 0.200537962890625 0.373421875 0.215441666015625 0.371599478515625 0.231640740234375 0.371781771484375 0.275378703125 0.370648958984375 0.27944907421875 0.372044271484375 0.296933333984375 0.372044271484375 0.304032408203125 0.3716453125 0.3090018515625 0.3716453125 0.3182305546875 0.377633853515625 0.327459259765625 0.384421353515625 0.31965