7 0.209013640625 0.62627449609375 0.2298928359375 0.62391530078125 0.24403401953125 0.627017123046875 0.258601900390625 0.590789767578125 0.2492806796875 0.569391779296875 0.22372419921875 0.56909423828125 0.188317091796875 0.57117453125 0.175459361328125 0.56415897265625 0.159108044921875 0.543664369140625 0.1354196328125 0.53200101171875 0.11902993359375 0.510799564453125 0.09507637890625 0.489616236328125 0.08571328125 0.5247294375 0.104395107421875 0.55202514453125 0.13381925390625 0.57069965234375 0.159165427734375 0.602250994140625 0.178875771484375 0.619503146484375 0.209013640625 0.62627449609375
7 0.675672171875 0.60403883203125 0.669120142578125 0.550441314453125 0.668176826171875 0.526808806640625 0.665058056640625 0.50666109375 0.6561195234375 0.489251478515625 0.64059103515625 0.49688661328125 0.638663701171875 0.53228305078125 0.647352998046875 0.56934537890625 0.65233519140625 0.596184736328125 0.654324287109375 0.636666373046875 0.658686623046875 0.66783480078125 0.652166806640625 0.698986666015625 0.646979771484375 0.729229947265625 0.633816220703125 0.7493988671875 0.620325998046875 0.768878009765625 0.598239056640625 0.773549376953125 0.567794849609375 0.770386701171875 0.571753494140625 0.798870099609375 0.58851518359375 0.8076900234375 0.615199337890625 0.8040126484375 0.6409178359375 0.7995658984375 0.662672751953125 0.788526208984375 0.6774616171875 0.745501369140625 0.67969791015625 0.698141240234375 0.679066912109375 0.65945469140625 0.675672171875 0.60403883203125
7 0.51451905078125 0.78435473046875 0.53555604296875 0.756656513671875 0.541741193359375 0.741397169921875 0.544282462890625 0.721864658203125 0.54676558984375 0.70004577734375 0.540812166015625 0.6853381796875 0.52851740625 0.684522072265625 0.512717396484375 0.7115778671875 0.495171076171875 0.74906665625 0.478220521484375 0.772878146484375 0.460300015625 0.821816875 0.447691 0.849671728515625 0.430741314453125 0.88917078125 0.422994365234375 0.939698865234375 0.418767060546875 0.976042064453125 0.42815293359375 0.997473189453125 0.44048813671875 0.9983978671875 0.44336531640625 0.987784 0.45224802734375 0.94359261328125 0.46005389453125 0.89721598828125 0.473718654296875 0.853356935546875 0.49376991015625 0.815472517578125 0.51451905078125 0.78435473046875
5 0.934362611328125 0.439364720703125 0.9480406015625 0.4463103984375 0.95534248828125 0.4464144609375 0.960849544921875 0.433341359375 0.959451142578125 0.412972845703125 0.95047676171875 0.40664054296875 0.937966689453125 0.406858908203125 0.925553669921875 0.41263753515625 0.92532354296875 0.429326501953125 0.934362611328125 0.439364720703125
5 0.858316388671875 0.65863641796875 0.862066115234375 0.66646661328125 0.866950279296875 0.670261580078125 0.87347878515625 0.664794958984375 0.8817203828125 0.653945767578125 0.886020478515625 0.6415586484375 0.887847224609375 0.625467833984375 0.88012618359375 0.61436200390625 0.870003888671875 0.620961890625 0.8624670390625 0.637687640625 0.858316388671875 0.65863641796875
5 0.20934523046875 0.46331796484375 0.2181380625 0.452713818359375 0.222521638671875 0.43439563671875 0.2170876875 0.41700912109375 0.20769769921875 0.41793332421875 0.19818573828125 0.4363410234375 0.192413962890625 0.448602880859375 0.188819666015625 0.463106708984375 0.193226115234375 0.4706300234375 0.203417625 0.46665248046875 0.20934523046875 0.46331796484375
5 0.07300535546875 0.097809345703125 0.0857947265625 0.095119064453125 0.09174034765625 0.087922537109375 0.0907937890625 0.07344518359375 0.086096759765625 0.062733861328125 0.076521482421875 0.0607423359375 0.068489546875 0.067666900390625 0.05996428515625 0.076141978515625 0.058418513671875 0.08696226953125 0.059457767578125 0.09681230078125 0.067304314453125 0.099142380859375 0.07300535546875 0.097809345703125
2 0.521435529296875 0.967698982421875 0.524202576171875 0.9846773515625 0.5282735390625 0.987902166015625 0.534727642578125 0.986141109375 0.540102521484375 0.9756123671875 0.5343155234375 0.96253081640625 0.526829572265625 0.95826822265625 0.521435529296875 0.967698982421875
2 0.0423652578125 0.1327846015625 0.050504806640625 0.128533568359375 0.051612677734375 0.11847010546875 0.050604017578125 0.104792109375 0.043868384765625 0.101257271484375 0.037749259765625 0.1036468359375 0.035334873046875 0.11236344921875 0.03629573046875 0.123302974609375 0.0423652578125 0.1327846015625
7 0.109323587890625 0.761202470703125 0.10861185546875 0.76540071484375 0.10973242578125 0.77340367578125 0.10409900390625 0.78780233203125 0.092617056640625 0.815556947265625 0.07655183203125 0.839206666015625 0.051552365234375 0.856734525390625 0.034521853515625 0.858775580078125 0.022884791015625 0.855142009765625 0.00671365234375 0.839031041015625 0.00653916015625 0.84914858984375 0.032106140625 0.86649113671875 0.050914177734375 0.865116384765625 0.078493701171875 0.849288201171875 0.100651421875 0.815068505859375 0.100976599609375 0.811226134765625 0.10421308984375 0.805589162109375 0.104949162109375 0.8027851484375 0.105807505859375 0.795795029296875 0.109810494140625 0.789097294921875 0.111245107421875 0.78139886328125 0.11925736328125 0.770273076171875 0.118995658203125 0.75527998828125 0.117674240234375 0.735770451171875 0.112975310546875 0.725039712890625 0.1081021640625 0.72494974609375 0.10772063671875 0.7368146953125 0.109323587890625 0.761202470703125
4 0.23344456640625 0.588858158203125 0.221775427734375 0.589594333984375 0.2221956875 0.596511201171875 0.22579818359375 0.596980806640625 0.228194171875 0.596938984375 0.230290205078125 0.5969023984375 0.231197798828125 0.597419044921875 0.22888597265625 0.602252720703125 0.221745521484375 0.6050407265625 0.21639236328125 0.60726412109375 0.206155333984375 0.604246951171875 0.18791876953125 0.589120328125 0.17113341796875 0.571305001953125 0.1609820625 0.55603632421875 0.14794738671875 0.547209689453125 0.134005638671875 0.5378663984375 0.1185754921875 0.529081576171875 0.105260486328125 0.521324810546875 0.099533560546875 0.519294818359375 0.101132955078125 0.525125201171875 0.1072057890625 0.529812521484375 0.12167257421875 0.534885814453125 0.13501547265625 0.544240484375 0.153186978515625 0.5556398984375 0.16597746875 0.567666654296875 0.17614740625 0.583999986328125 0.187712271484375 0.5944497421875 0.20655701171875 0.610099166015625 0.216784732421875 0.612583083984375 0.228398638671875 0.608652943359375 0.23485605859375 0.60108353515625 0.23653235546875 0.594130072265625 0.23344456640625 0.588858158203125
4 0.111929478515625 0.734539041015625 0.110767021484375 0.731537576171875 0.11250194921875 0.7297635078125 0.113555556640625 0.733930013671875 0.114821671875 0.750301150390625 0.11542126171875 0.762149900390625 0.114335658203125 0.767401126953125 0.110541146484375 0.774791623046875 0.104509521484375 0.78884903125 0.0991145 0.805684640625 0.082767486328125 0.835662462890625 0.066133625 0.8492066796875 0.053526599609375 0.85744925390625 0.03435076953125 0.86022508203125 0.02016409765625 0.856636017578125 0.007315177734375 0.83976973046875 0.006658728515625 0.84710544921875 0.01026144140625 0.85122838671875 0.019446791015625 0.86048523046875 0.031083853515625 0.86411880078125 0.04424734765625 0.865284615234375 0.06236346484375 0.857992333984375 0.0741618984375 0.848369216796875 0.08496097265625 0.837717087890625 0.093370755859375 0.825013751953125 0.103589021484375 0.80355900390625 0.113287857421875 0.774788130859375 0.11770073046875 0.769130623046875 0.118130931640625 0.760054142578125 0.117685068359375 0.74576159765625 0.11617237109375 0.737765482421875 0.115903541015625 0.73358528125 0.115021373046875 0.728019271484375 0.112417515625 0.72492628125 0.1106886796875 0.72704937109375 0.108936013671875 0.727777291015625 0.108432771484375 0.7326692265625 0.111929478515625 0.734539041015625