7 0.182605728515625 0.566387037109375 0.1557140625 0.575088888671875 0.137828646484375 0.580712037109375 0.122296353515625 0.544137962890625 0.119477603515625 0.5040555546875 0.116044791015625 0.470003703125 0.122088541015625 0.431085185546875 0.134369791015625 0.414896296875 0.149651041015625 0.399428703125 0.142847916015625 0.37722592578125 0.1186390625 0.383566666015625 0.098849478515625 0.4139444453125 0.094327083984375 0.45222222265625 0.093727603515625 0.501235185546875 0.096259896484375 0.53005092578125 0.103739583984375 0.573203703125 0.114291146484375 0.602141666015625 0.134541666015625 0.627275 0.152873958984375 0.627432408203125 0.182379166015625 0.626710185546875 0.197870833984375 0.60657592578125 0.2003265625 0.58259722265625 0.182605728515625 0.566387037109375
7 0.32676875 0.49857037109375 0.310074478515625 0.477338888671875 0.300920833984375 0.483943517578125 0.300866666015625 0.49532407421875 0.309516666015625 0.51452037109375 0.315966146484375 0.540557408203125 0.3159859375 0.5838 0.304242708984375 0.611687962890625 0.287521353515625 0.639668517578125 0.2637328125 0.647556482421875 0.246336458984375 0.643718517578125 0.230638541015625 0.64737777734375 0.221938021484375 0.6680444453125 0.23149375 0.69074537109375 0.262539583984375 0.6807981484375 0.2876 0.669787962890625 0.318131771484375 0.6355731484375 0.333468228515625 0.598871296875 0.3349234375 0.551112037109375 0.32676875 0.49857037109375
7 0.251842708984375 0.3256231484375 0.231271875 0.33977222265625 0.202609375 0.362315740234375 0.176709896484375 0.383740740234375 0.163678646484375 0.411965740234375 0.149680208984375 0.4526768515625 0.14131875 0.4828 0.139969271484375 0.522636111328125 0.140103125 0.550138888671875 0.142111978515625 0.5771444453125 0.143760416015625 0.596009259765625 0.153743228515625 0.598990740234375 0.159758853515625 0.580007408203125 0.157441666015625 0.532437037109375 0.163160416015625 0.480888888671875 0.182307291015625 0.430996296875 0.1969890625 0.409591666015625 0.218534375 0.39637962890625 0.2488703125 0.387786111328125 0.2767375 0.3726731484375 0.27605625 0.33617592578125 0.251842708984375 0.3256231484375
7 0.971793228515625 0.575364814453125 0.94583125 0.56135462890625 0.907611458984375 0.578584259765625 0.8664890625 0.5846194453125 0.8283796875 0.556563888671875 0.794913541015625 0.51847777734375 0.768628646484375 0.49562962890625 0.746209375 0.510056482421875 0.74563125 0.533707408203125 0.758010416015625 0.5636694453125 0.793750521484375 0.5855194453125 0.83479375 0.619184259765625 0.882958333984375 0.6348768515625 0.924419791015625 0.627938888671875 0.955666146484375 0.6124194453125 0.971793228515625 0.575364814453125
7 0.765963021484375 0.3767805546875 0.733409375 0.398728703125 0.723698958984375 0.4295268515625 0.7314171875 0.4529444453125 0.745334896484375 0.468233333984375 0.7754203125 0.444561111328125 0.812940103515625 0.4284055546875 0.829760416015625 0.400817591796875 0.812302083984375 0.37080092578125 0.765963021484375 0.3767805546875
7 0.5894921875 0.32517592578125 0.5951203125 0.30395277734375 0.5893046875 0.288166666015625 0.578286458984375 0.28762222265625 0.571553125 0.302863888671875 0.56604375 0.32355 0.5556375 0.349678703125 0.534825 0.387783333984375 0.5186328125 0.41322962890625 0.505772396484375 0.4435731484375 0.491536458984375 0.483992591796875 0.48655 0.512612962890625 0.491541146484375 0.529865740234375 0.502278125 0.528561111328125 0.505136458984375 0.50862962890625 0.510952083984375 0.477057408203125 0.5274796875 0.431331482421875 0.538497916015625 0.41227962890625 0.5479859375 0.393771296875 0.557167708984375 0.375262962890625 0.571553125 0.346956482421875 0.5894921875 0.32517592578125
5 0.190819271484375 0.7310231484375 0.185108853515625 0.742021296875 0.180826041015625 0.75682592578125 0.180111978515625 0.7678231484375 0.184870833984375 0.77247592578125 0.189391666015625 0.775437037109375 0.193436458984375 0.775437037109375 0.199860416015625 0.759786111328125 0.2036671875 0.742867591796875 0.206046353515625 0.732715740234375 0.203191146484375 0.725525 0.197005208984375 0.723410185546875 0.190819271484375 0.7310231484375
5 0.2315046875 0.597783333984375 0.222463541015625 0.607935185546875 0.216991146484375 0.6163944453125 0.2158015625 0.63077592578125 0.222463541015625 0.636275 0.2288875 0.63204537109375 0.238880728515625 0.6269694453125 0.243877083984375 0.618932408203125 0.245066666015625 0.60497407421875 0.241497916015625 0.597360185546875 0.2315046875 0.597783333984375
5 0.165122916015625 0.38332962890625 0.159174478515625 0.37487037109375 0.1515609375 0.36852592578125 0.1456125 0.366833333984375 0.140616146484375 0.375293517578125 0.141567708984375 0.3884055546875 0.1446609375 0.396865740234375 0.150133333984375 0.403210185546875 0.1551296875 0.40997777734375 0.160602083984375 0.4146305546875 0.167026041015625 0.412938888671875 0.16988125 0.4049018515625 0.167502083984375 0.3951731484375 0.165122916015625 0.38332962890625
6 0.566321875 0.545509259765625 0.576422396484375 0.554218517578125 0.5794828125 0.577081482421875 0.586828646484375 0.591234259765625 0.598153125 0.593956482421875 0.604273958984375 0.575992591796875 0.60274375 0.556940740234375 0.5947859375 0.539521296875 0.565097916015625 0.523735185546875 0.5427546875 0.520468517578125 0.526839583984375 0.535166666015625 0.521330208984375 0.554762962890625 0.516433333984375 0.568915740234375 0.500211458984375 0.562384259765625 0.489499478515625 0.56782777734375 0.484602083984375 0.579259259765625 0.476950521484375 0.591778703125 0.483071875 0.605932408203125 0.482628125 0.602032408203125 0.497151041015625 0.58687962890625 0.512454166015625 0.58524722265625 0.531736458984375 0.579803703125 0.5378578125 0.556396296875 0.546733853515625 0.543331482421875 0.566321875 0.545509259765625
2 0.550128646484375 0.3573 0.541864583984375 0.3524 0.535743228515625 0.358932408203125 0.535436978515625 0.373086111328125 0.536967708984375 0.375807408203125 0.541252603515625 0.382339814453125 0.547373958984375 0.3763518515625 0.551046353515625 0.366553703125 0.550128646484375 0.3573
2 0.833452083984375 0.803643517578125 0.824375521484375 0.81840277734375 0.82593125 0.831317591796875 0.834266666015625 0.83759537109375 0.840194791015625 0.83869722265625 0.844084896484375 0.83039537109375 0.845900521484375 0.82439907421875 0.842269791015625 0.80687222265625 0.833452083984375 0.803643517578125
6 0.8080375 0.747833333984375 0.841751041015625 0.751984259765625 0.841232291015625 0.7390694453125 0.82645 0.737686111328125 0.813483333984375 0.733996296875 0.794033333984375 0.723387037109375 0.745278125 0.707243517578125 0.720641146484375 0.710933333984375 0.691077083984375 0.72292592578125 0.6739609375 0.743681482421875 0.670589583984375 0.781042591796875 0.6734421875 0.8077944453125 0.686149478515625 0.799491666015625 0.684155728515625 0.79724907421875 0.682778125 0.767666666015625 0.687446353515625 0.75244537109375 0.7056 0.73537962890625 0.732052083984375 0.723387037109375 0.767840625 0.7270768515625 0.8080375 0.747833333984375
6 0.6671640625 0.81532037109375 0.6559421875 0.792243517578125 0.6447203125 0.784135185546875 0.642616146484375 0.79972777734375 0.654890103515625 0.818438888671875 0.659448958984375 0.852743517578125 0.658396875 0.90762962890625 0.661903646484375 0.95877407421875 0.676564583984375 0.997018517578125 0.689257291015625 0.998691666015625 0.671372396484375 0.95690277734375 0.667514583984375 0.914490740234375 0.6689171875 0.870831482421875 0.6671640625 0.81532037109375
6 0.233402083984375 0.833767591796875 0.232175 0.875953703125 0.231766146484375 0.92904907421875 0.241990103515625 0.93632222265625 0.243216666015625 0.838859259765625 0.234219791015625 0.78285462890625 0.1904625 0.740668517578125 0.163880728515625 0.729759259765625 0.13934375 0.729031482421875 0.121758853515625 0.73339537109375 0.1258484375 0.753033333984375 0.132800521484375 0.753033333984375 0.148366666015625 0.7527518515625 0.1630625 0.7508518515625 0.181465625 0.75957962890625 0.201913021484375 0.770489814453125 0.218270833984375 0.794491666015625 0.233402083984375 0.833767591796875
2 0.597255208984375 0.58245 0.599592708984375 0.57710462890625 0.598925 0.5604731484375 0.591577603515625 0.5509694453125 0.586234375 0.552157408203125 0.582560416015625 0.558690740234375 0.580556771484375 0.56760092578125 0.584186978515625 0.580587037109375 0.584564583984375 0.580668517578125 0.584230208984375 0.581262037109375 0.589240103515625 0.5830444453125 0.593247396484375 0.583637962890625 0.597255208984375 0.58245
1 0.790121353515625 0.40599907421875 0.7726234375 0.408941666015625 0.75678125 0.417771296875 0.7440125 0.41945277734375 0.7373921875 0.427440740234375 0.737865103515625 0.434587962890625 0.739519791015625 0.443837037109375 0.742120833984375 0.44720092578125 0.753234375 0.438792591796875 0.755835416015625 0.4266 0.757017708984375 0.422815740234375 0.754653125 0.423236111328125 0.754416666015625 0.42912222265625 0.750869791015625 0.4375305546875 0.748032291015625 0.441735185546875 0.742120833984375 0.44257592578125 0.740938541015625 0.4408944453125 0.738574478515625 0.432065740234375 0.739046875 0.42702037109375 0.746377083984375 0.4240768515625 0.7553625 0.418191666015625 0.767894791015625 0.417771296875 0.779244271484375 0.41062407421875 0.787798958984375 0.411767591796875 0.7981609375 0.41062407421875 0.802889583984375 0.408941666015625 0.807145833984375 0.406839814453125 0.807145833984375 0.402214814453125 0.805017708984375 0.400112962890625 0.790121353515625 0.40599907421875