7 0.119850943359375 0.517333125 0.115231830078125 0.4834218203125 0.119913662109375 0.4443160859375 0.131622447265625 0.42770844921875 0.146354576171875 0.411716970703125 0.13878073046875 0.38976514453125 0.114807912109375 0.3969468984375 0.096090552734375 0.427996818359375 0.0929067890625 0.466409107421875 0.094018201171875 0.515413134765625 0.09755460546875 0.5441229453125 0.106535748046875 0.5869883984375 0.118090802734375 0.61554048828125 0.139206126953125 0.639951779296875 0.15753274609375 0.6394693046875 0.1869947734375 0.6377178046875 0.201774328125 0.617055158203125 0.203391716796875 0.593005359375 0.185115951171875 0.57742349609375 0.158544357421875 0.587058552734375 0.140866080078125 0.593302466796875 0.124066833984375 0.5572927421875 0.119850943359375 0.517333125
7 0.31013945703125 0.521159298828125 0.3174936875 0.546955390625 0.319022611328125 0.59017094921875 0.3082598125 0.618451755859375 0.292525150390625 0.646998833984375 0.26902638671875 0.655712201171875 0.2515066875 0.652483697265625 0.2359460390625 0.656688578125 0.227972076171875 0.67764630078125 0.238314234375 0.69999990625 0.268994001953125 0.688975259765625 0.29365490234375 0.677097185546875 0.32297399609375 0.641837669921875 0.337020234375 0.60462294140625 0.33680778125 0.556841990234375 0.326824384765625 0.50461692578125 0.309399314453125 0.483980998046875 0.300481744140625 0.490901060546875 0.30082478515625 0.502276576171875 0.31013945703125 0.521159298828125
7 0.160811173828125 0.423756814453125 0.148242060546875 0.4649316640625 0.140936978515625 0.4953282734375 0.14097858203125 0.535187212890625 0.142072185546875 0.562668564453125 0.145022296875 0.5895875625 0.1473281015625 0.60838335546875 0.15740888671875 0.611014625 0.162758337890625 0.5918329140625 0.15878237890625 0.544372390625 0.162698640625 0.4926560625 0.180092626953125 0.4421256484375 0.194018443359375 0.420221669921875 0.215089537109375 0.406265759765625 0.2451070859375 0.39661876953125 0.27242986328125 0.3805424609375 0.27047529296875 0.344091248046875 0.24590821484375 0.334389939453125 0.225843708984375 0.3492483046875 0.19798542578125 0.372778396484375 0.172849447265625 0.395094224609375 0.160811173828125 0.423756814453125
7 0.83015369921875 0.545069146484375 0.795378751953125 0.5081741875 0.76831248046875 0.486257287109375 0.746410357421875 0.5014577734375 0.746657990234375 0.525114466796875 0.760075275390625 0.5546262265625 0.796556162109375 0.575215603515625 0.8387492734375 0.6074275234375 0.8874321796875 0.621429634765625 0.928626248046875 0.6130489140625 0.95931194921875 0.596448443359375 0.97413601953125 0.55885355859375 0.947700908203125 0.545757966796875 0.910105705078125 0.564310953125 0.869218982421875 0.57177761328125 0.83015369921875 0.545069146484375
7 0.7440768046875 0.45969062109375 0.773317744140625 0.434982853515625 0.810250859375 0.417527716796875 0.826098119140625 0.3893695390625 0.80760285546875 0.3599804453125 0.76150070703125 0.367573640625 0.72973287109375 0.390644525390625 0.7211032109375 0.42176280078125 0.729634 0.444896767578125 0.7440768046875 0.45969062109375
7 0.5646295859375 0.300486810546875 0.559845501953125 0.321352595703125 0.55035746875 0.3478285546875 0.53088748046875 0.386636318359375 0.51559321875 0.4126322109375 0.503799611328125 0.443406068359375 0.49098296484375 0.484297716796875 0.48699837890625 0.513074677734375 0.492588599609375 0.530142755859375 0.503273505859375 0.52846420703125 0.5054345 0.508445111328125 0.5101447265625 0.476689162109375 0.525066451171875 0.430414287109375 0.53541306640625 0.4109895078125 0.544249376953125 0.39216132421875 0.552779625 0.37334382421875 0.56616839453125 0.344552544921875 0.5833363984375 0.32215919140625 0.58822041796875 0.300752552734375 0.581857408203125 0.285179021484375 0.570826890625 0.285019439453125 0.5646295859375 0.300486810546875
5 0.19457207421875 0.783307791015625 0.199193494140625 0.786109322265625 0.203235822265625 0.785968162109375 0.209109658203125 0.770102576171875 0.212323662109375 0.753061509765625 0.214347083984375 0.742832810546875 0.2112426640625 0.735746095703125 0.2049866875 0.733848455078125 0.19907020703125 0.74167266796875 0.19374709765625 0.75286340625 0.189983568359375 0.767808484375 0.18965373828125 0.7788239296875 0.19457207421875 0.783307791015625
5 0.227388537109375 0.6458778671875 0.233660970703125 0.641426623046875 0.24347096484375 0.636005029296875 0.2481837890625 0.62779851953125 0.2488855078125 0.613807171875 0.2450532109375 0.60632246875 0.2350808359375 0.607094119140625 0.2263994921875 0.61755531640625 0.22122565625 0.626200408203125 0.220538703125 0.640614642578125 0.227388537109375 0.6458778671875
5 0.136482880859375 0.38791180078125 0.137891466796875 0.400982640625 0.14127806640625 0.409329720703125 0.146968546875 0.415479318359375 0.15219804296875 0.422068416015625 0.157829484375 0.426527375 0.164190490234375 0.424612546875 0.16676347265625 0.41648076171875 0.164046228515625 0.406841015625 0.161255177734375 0.3950877421875 0.155015138671875 0.386841236328125 0.147184818359375 0.38076636328125 0.14118093359375 0.379282400390625 0.136482880859375 0.38791180078125
6 0.6013723671875 0.590473751953125 0.606862541015625 0.57230719140625 0.604668365234375 0.55332034765625 0.596107470703125 0.536189240234375 0.56588660546875 0.521448841796875 0.543442984375 0.518963931640625 0.528050533203125 0.5342085546875 0.523228416015625 0.553985189453125 0.518828447265625 0.568300244140625 0.502388509765625 0.562338876953125 0.49187303125 0.568152921875 0.487377572265625 0.579748357421875 0.48016759375 0.592527208984375 0.48677917578125 0.60645866015625 0.486199587890625 0.6025765234375 0.50018483203125 0.586926130859375 0.5154216640625 0.5847606484375 0.534502234375 0.578647501953125 0.539802953125 0.55504072265625 0.548217630859375 0.54167409765625 0.567869724609375 0.5431669375 0.578268041015625 0.55151838671875 0.582124498046875 0.5742606171875 0.589959783203125 0.58814840625 0.6013723671875 0.590473751953125
2 0.5326109296875 0.374592908203125 0.53712119140625 0.380971794921875 0.543029841796875 0.37477384765625 0.546358048828125 0.36485350390625 0.545117951171875 0.35563746484375 0.536687916015625 0.351028861328125 0.530798267578125 0.357770921875 0.53098616015625 0.37192669140625 0.5326109296875 0.374592908203125
2 0.851807916015625 0.82661826953125 0.855405921875 0.818185712890625 0.857011171875 0.812129705078125 0.8527709765625 0.794740240234375 0.843845958984375 0.791821236328125 0.835290017578125 0.8068882734375 0.83729551953125 0.81974092578125 0.84584494921875 0.825723978515625 0.851807916015625 0.82661826953125
6 0.821458720703125 0.722913341796875 0.8016503125 0.71298933984375 0.75236140234375 0.6985571875 0.727868205078125 0.70310457421875 0.6987406875 0.716121630859375 0.682359326171875 0.737461888671875 0.68029391015625 0.7749178984375 0.68407840234375 0.801553900390625 0.696488189453125 0.792812701171875 0.694417388671875 0.790641056640625 0.692008212890625 0.76112474609375 0.6961423828125 0.7457498046875 0.713689384765625 0.72806090625 0.739706818359375 0.715152455078125 0.77560233203125 0.71759101953125 0.816499111328125 0.7369320078125 0.850336978515625 0.739903818359375 0.84936782421875 0.727014974609375 0.83454626171875 0.72614837890625 0.821458720703125 0.722913341796875
6 0.66590910546875 0.812839318359375 0.6716623984375 0.846963947265625 0.672526453125 0.90185333984375 0.67781600390625 0.95284424609375 0.69380272265625 0.990553732421875 0.706546087890625 0.991782892578125 0.687213677734375 0.950643634765625 0.681878056640625 0.908392068359375 0.681756119140625 0.86471045703125 0.678066751953125 0.809294345703125 0.66604634375 0.7866231875 0.654548328125 0.778911431640625 0.6529896171875 0.794567958984375 0.66590910546875 0.812839318359375
6 0.255199109375 0.8476144453125 0.244253181640625 0.79195791796875 0.199050271484375 0.751324611328125 0.172103966796875 0.741349689453125 0.14755653515625 0.74147868359375 0.1301346484375 0.746453619140625 0.134907095703125 0.76593689453125 0.1418549453125 0.76569426953125 0.157401783203125 0.764869708984375 0.172022357421875 0.76245798828125 0.190718865234375 0.770538189453125 0.21153456640625 0.780728125 0.22872006640625 0.8041444765625 0.24521280859375 0.84286840234375 0.24545874609375 0.885071640625 0.24690314453125 0.938148935546875 0.257374701171875 0.945060841796875 0.255199109375 0.8476144453125
2 0.588002111328125 0.549116099609375 0.584558400390625 0.555773669921875 0.5828669375 0.564748353515625 0.586948140625 0.57759986328125 0.587328359375 0.577668115234375 0.58701490234375 0.578272943359375 0.592083951171875 0.579879421875 0.596109515625 0.5803327265625 0.600073427734375 0.579005615234375 0.602222953125 0.573581923828125 0.600975220703125 0.556983876953125 0.593300625 0.547742384765625 0.588002111328125 0.549116099609375
1 0.73471529296875 0.41920007421875 0.73543735546875 0.4263264375 0.737413822265625 0.435512130859375 0.7401306796875 0.438783193359375 0.75094400390625 0.429992125 0.7531179453125 0.417716185546875 0.75416744921875 0.413892970703125 0.7518189765625 0.414395607421875 0.751788083984375 0.42028638671875 0.74853681640625 0.428813380859375 0.745847783203125 0.4331144765625 0.73996926953125 0.43416101171875 0.738729013671875 0.43252181640625 0.7360582734375 0.423780994140625 0.736354302734375 0.418722212890625 0.743577318359375 0.415524666015625 0.75235187109375 0.409329478515625 0.76486185546875 0.408471994140625 0.77595498828125 0.40093303515625 0.784544373046875 0.401777302734375 0.794860130859375 0.400272853515625 0.799527181640625 0.39842644140625 0.803707486328125 0.396177330078125 0.803546076171875 0.3915551484375 0.801345892578125 0.38952884765625 0.78666403515625 0.395931248046875 0.76927947265625 0.39948271484375 0.7537550859375 0.4088598515625 0.741052796875 0.410985931640625 0.73471529296875 0.41920007421875