7 0.56978366015625 0.6524145234375 0.55601525390625 0.6539082265625 0.553628671875 0.673604166015625 0.559718 0.7079575234375 0.569452599609375 0.730527896484375 0.581665546875 0.79398331640625 0.589389279296875 0.83638857421875 0.60457240234375 0.922428859375 0.62205482421875 0.9144807265625 0.6201546796875 0.881192369140625 0.60898735546875 0.83221966015625 0.59810213671875 0.77819459375 0.586549404296875 0.7103528046875 0.580738984375 0.67352953125 0.56978366015625 0.6524145234375
7 0.79852823046875 0.43958132421875 0.78735006640625 0.4088658828125 0.76671166015625 0.386285724609375 0.7368757421875 0.388164142578125 0.718555740234375 0.415224666015625 0.70974072265625 0.459384177734375 0.706625119140625 0.49725116015625 0.716018166015625 0.505984802734375 0.725300841796875 0.481810796875 0.73737403515625 0.43441426953125 0.75073273046875 0.414084744140625 0.771661974609375 0.42443519140625 0.78373157421875 0.45849103125 0.782147541015625 0.513623791015625 0.7627666171875 0.547620587890625 0.7564875859375 0.584852990234375 0.7726369375 0.60068355078125 0.788061408203125 0.58244928515625 0.798281728515625 0.537151935546875 0.803111212890625 0.48570825390625 0.79852823046875 0.43958132421875
7 0.61516842578125 0.20128768359375 0.60717949609375 0.172001400390625 0.60020639453125 0.148693078125 0.59291041796875 0.122103916015625 0.584460275390625 0.081092541015625 0.574954861328125 0.056491046875 0.56394514453125 0.0346205859375 0.54357991796875 0.0444614609375 0.545762375 0.083668615234375 0.56027308203125 0.129234060546875 0.579247021484375 0.18520425390625 0.59196934375 0.23693446875 0.58865945703125 0.291308919921875 0.594267994140625 0.34972016015625 0.625834716796875 0.330617013671875 0.62885060546875 0.27741407421875 0.632604751953125 0.2241066015625 0.61516842578125 0.20128768359375
5 0.212089498046875 0.91628006640625 0.2121354296875 0.89898008984375 0.20972265625 0.8779453046875 0.20344416015625 0.85997096875 0.194818599609375 0.853320345703125 0.185367318359375 0.861792865234375 0.185595412109375 0.878516765625 0.19441183203125 0.896871474609375 0.20056412109375 0.9130409609375 0.212089498046875 0.91628006640625
5 0.108727203125 0.564728337890625 0.10471050390625 0.552175171875 0.09569181640625 0.55336458984375 0.085263294921875 0.56581125390625 0.077486529296875 0.5847684296875 0.078888123046875 0.595830013671875 0.08732117578125 0.59524031640625 0.096106888671875 0.590719220703125 0.105548482421875 0.582108150390625 0.108727203125 0.564728337890625
5 0.614214361328125 0.147414669921875 0.6193065390625 0.145056490234375 0.62250902734375 0.137155517578125 0.621231580078125 0.1188871640625 0.617572892578125 0.09878322265625 0.61108598046875 0.08388369140625 0.602446642578125 0.081150052734375 0.597163517578125 0.09420223046875 0.598230669921875 0.112151142578125 0.605976966796875 0.131636029296875 0.610876912109375 0.14264140625 0.614214361328125 0.147414669921875
2 0.748089337890625 0.79358988671875 0.741757740234375 0.780799474609375 0.7298695859375 0.778577041015625 0.7248465546875 0.788599064453125 0.72388197265625 0.799354587890625 0.727367203125 0.808272083984375 0.735935162109375 0.810515060546875 0.745663865234375 0.808010876953125 0.748089337890625 0.79358988671875
2 0.919532650390625 0.072990078125 0.919609166015625 0.0577327578125 0.913377447265625 0.0503726796875 0.907545787109375 0.051458974609375 0.905765365234375 0.058700810546875 0.9063776015625 0.07018144140625 0.910329029296875 0.079867361328125 0.91616528515625 0.076614357421875 0.919532650390625 0.072990078125
5 0.626971505859375 0 0.625836078125 0.002015537109375 0.623580123046875 0.013357939453125 0.62874283203125 0.02723253125 0.637321361328125 0.03273270703125 0.64585813671875 0.0240020546875 0.65214754296875 0.00220931640625 0.651930513671875 0 0.626971505859375 0
7 0 0.089206931640625 0.021807998046875 0.145932458984375 0.024289232421875 0.16778947265625 0.028976408203125 0.185764630859375 0.035395818359375 0.198534052734375 0.043527201171875 0.1949145 0.049124017578125 0.187744583984375 0.045600279296875 0.164605318359375 0.032572341796875 0.13907969921875 0.024990537109375 0.1287640078125 0 0.063225279296875 0 0.089206931640625
2 0.543366283203125 0.91531716796875 0.543292259765625 0.89565220703125 0.534474830078125 0.885854525390625 0.525006859375 0.885360068359375 0.52128038671875 0.897191427734375 0.520993708984375 0.90704654296875 0.524098595703125 0.912496009765625 0.5370530078125 0.91807260546875 0.543366283203125 0.91531716796875
2 0.793404810546875 0.052766826171875 0.793978166015625 0.033056595703125 0.7886413515625 0.02185900390625 0.780303822265625 0.028227408203125 0.77702346875 0.037135341796875 0.77957300390625 0.0531149375 0.790126037109375 0.057045779296875 0.793404810546875 0.052766826171875
4 0.61223710546875 0.266981818359375 0.60936794921875 0.223337681640625 0.606420001953125 0.20730519140625 0.60356293359375 0.192564880859375 0.595211033203125 0.167167095703125 0.59015289453125 0.144461845703125 0.5840051875 0.11923386328125 0.57606425390625 0.089260150390625 0.573612453125 0.08293614453125 0.559446087890625 0.05274802734375 0.5580591015625 0.05641760546875 0.562488841796875 0.06491726953125 0.573680447265625 0.0917408125 0.58249287890625 0.128950990234375 0.5906824140625 0.16247991015625 0.59522180078125 0.175153390625 0.602608443359375 0.201732498046875 0.607876634765625 0.225560087890625 0.6091146171875 0.243264078125 0.610897283203125 0.2687573828125 0.6081528046875 0.286739853515625 0.60690408984375 0.297501322265625 0.6027165234375 0.31202696484375 0.610032234375 0.319343728515625 0.61536242578125 0.309719765625 0.6147186640625 0.30051354296875 0.61397402734375 0.29558403515625 0.6134788203125 0.28850225390625 0.61365109375 0.270963251953125 0.61223710546875 0.266981818359375