7 0.451247498046875 0.710797923828125 0.455530564453125 0.676172955078125 0.452116447265625 0.656628912109375 0.438288734375 0.65585783984375 0.4284535 0.677517267578125 0.424578224609375 0.714594169921875 0.416591888671875 0.782947607421875 0.408549041015625 0.837468322265625 0.3999600546875 0.886958369140625 0.399804693359375 0.92030055078125 0.41767912890625 0.92732283203125 0.428338443359375 0.840605837890625 0.43383226953125 0.797854466796875 0.44270748046875 0.7338468359375 0.451247498046875 0.710797923828125
7 0.25951878515625 0.446927349609375 0.2740559765625 0.49362705859375 0.284591099609375 0.5172821171875 0.293514189453125 0.5080688515625 0.28842105078125 0.4704168203125 0.277306984375 0.426779169921875 0.2575958515625 0.40071452734375 0.227702513671875 0.40040017578125 0.20827414453125 0.42402951953125 0.198718822265625 0.45528788671875 0.19655621875 0.501591455078125 0.2040714375 0.552711880859375 0.216648431640625 0.59741226171875 0.233006072265625 0.614814283203125 0.248304783203125 0.5981602265625 0.240085763671875 0.56130746875 0.218952146484375 0.52837158203125 0.214484859375 0.47339728125 0.224755572265625 0.438756439453125 0.24511443359375 0.42732482421875 0.25951878515625 0.446927349609375
7 0.4117864140625 0.038605001953125 0.401936396484375 0.0610216953125 0.393731552734375 0.086086947265625 0.387439359375 0.127484365234375 0.381544951171875 0.1544189296875 0.37580126953125 0.178060251953125 0.369356013671875 0.2077245078125 0.353137833984375 0.23142469921875 0.359676732421875 0.284462638671875 0.3654729140625 0.337434828125 0.397996158203125 0.35485971875 0.40054 0.296235 0.394388912109375 0.242108294921875 0.404386447265625 0.189783140625 0.420405130859375 0.1328966328125 0.432511240234375 0.086634201171875 0.43263876171875 0.047366556640625 0.4117864140625 0.038605001953125
5 0.825940017578125 0.880334328125 0.833783744140625 0.861543357421875 0.833136263671875 0.8448304375 0.823254517578125 0.836864171875 0.814988845703125 0.843957107421875 0.809659658203125 0.86223540234375 0.80835106640625 0.883367634765625 0.809302345703125 0.900641498046875 0.82064240625 0.896803638671875 0.825940017578125 0.880334328125
5 0.908087466796875 0.56945676171875 0.91709775390625 0.573511853515625 0.92555011328125 0.573659388671875 0.9263708671875 0.562539611328125 0.9176126171875 0.544015419921875 0.906546978515625 0.532131599609375 0.89747840234375 0.531415814453125 0.89412419140625 0.544161994140625 0.89820814453125 0.561351626953125 0.908087466796875 0.56945676171875
5 0.367489275390625 0.153875392578125 0.370572337890625 0.14893400390625 0.37488958984375 0.137687265625 0.38160551171875 0.117823671875 0.381731828125 0.0998435078125 0.37577284375 0.08708571484375 0.3672884140625 0.090267755859375 0.361590171875 0.1054863671875 0.358988658203125 0.125754236328125 0.358669052734375 0.14406441015625 0.362280658203125 0.15178694921875 0.367489275390625 0.153875392578125
2 0.289078109375 0.819749087890625 0.292091857421875 0.81066141015625 0.290565697265625 0.799971109375 0.285025037109375 0.79022570703125 0.27326948828125 0.793067271484375 0.26761596875 0.806171525390625 0.270792853515625 0.8204458125 0.28063928125 0.82243740234375 0.289078109375 0.819749087890625
2 0.071684359375 0.09203865234375 0.071694908203125 0.08054171484375 0.06953791796875 0.073402982421875 0.063657396484375 0.0726233828125 0.057819416015625 0.080299517578125 0.05869433203125 0.095531921875 0.062246763671875 0.098975 0.06824526953125 0.101918099609375 0.071684359375 0.09203865234375
5 0.3225034765625 0 0.322008619140625 0.01085430859375 0.32942994921875 0.03228801953125 0.338411953125 0.040559923828125 0.3466908671875 0.0346183203125 0.35112036328125 0.020492548828125 0.3482738828125 0.0092837578125 0.342383546875 0 0.3225034765625 0
7 0.95393226171875 0.161543810546875 0.957672267578125 0.1433479765625 0.959006193359375 0.1213910625 0.987132685546875 0.03497618359375 0.99471173828125 0.010756619140625 0.98911656640625 0.008461396484375 0.981061345703125 0.0233730859375 0.95492948828125 0.10441269921875 0.947897955078125 0.1151110546875 0.936223779296875 0.14128351953125 0.93391588671875 0.1645754921875 0.93988027734375 0.17144266796875 0.94818994921875 0.174631697265625 0.95393226171875 0.161543810546875
2 0.500338232421875 0.90758742578125 0.499536169921875 0.8977608203125 0.495195599609375 0.886140703125 0.485766482421875 0.887129998046875 0.47747390625 0.89737572265625 0.478429169921875 0.91701760546875 0.484878 0.91943885546875 0.4975228046875 0.913191919921875 0.500338232421875 0.90758742578125
2 0.195389654296875 0.04354392578125 0.18673025390625 0.037620599609375 0.181986791015625 0.04908215234375 0.183590916015625 0.068735365234375 0.187089138671875 0.07283685546875 0.197421984375 0.068359099609375 0.19913171875 0.052267970703125 0.195389654296875 0.04354392578125
4 0.377598400390625 0.249326544921875 0.3779081328125 0.231582025390625 0.3819220625 0.207511375 0.3879075390625 0.18058210546875 0.39177742578125 0.167688419921875 0.398200970703125 0.13377684375 0.405053892578125 0.096156455078125 0.414826326171875 0.06878394921875 0.418805158203125 0.060064099609375 0.417228021484375 0.056472138671875 0.404660994140625 0.087360294921875 0.40254352734375 0.093803951171875 0.396182177734375 0.124152181640625 0.3913632265625 0.1496673359375 0.387500322265625 0.17260619140625 0.380489083984375 0.198406275390625 0.378407380859375 0.213275912109375 0.376302548828125 0.22944071484375 0.375721482421875 0.273175197265625 0.3745178046875 0.277225177734375 0.37560776171875 0.294731126953125 0.375483865234375 0.301829119140625 0.37499823828125 0.30679084375 0.37483717578125 0.316018140625 0.3806637421875 0.325349955078125 0.387586498046875 0.317660341796875 0.382644455078125 0.303373767578125 0.3808342421875 0.292692400390625 0.37715239453125 0.274878208984375 0.377598400390625 0.249326544921875