7 0.22112648046875 0.651155115234375 0.24172060546875 0.64698515625 0.256078318359375 0.648842689453125 0.267433341796875 0.611483517578125 0.256282634765625 0.5909793515625 0.230797470703125 0.5929103359375 0.19570641015625 0.598068646484375 0.18228616015625 0.592200408203125 0.164210841796875 0.573208904296875 0.13959604296875 0.56365451171875 0.1214208828125 0.543962197265625 0.09571223046875 0.52494716796875 0.089445080078125 0.56074280078125 0.110434794921875 0.58630641015625 0.1413745625 0.602345373046875 0.16937416796875 0.631567587890625 0.190513130859375 0.647036220703125 0.22112648046875 0.651155115234375
7 0.684071267578125 0.58833209375 0.67287283984375 0.535509578125 0.669873404296875 0.51204921484375 0.665010513671875 0.492249990234375 0.654588646484375 0.47568566796875 0.6397846953125 0.48464514453125 0.640949697265625 0.520074865234375 0.652836125 0.55623883984375 0.660138560546875 0.582541837890625 0.665648294921875 0.622696068359375 0.672710541015625 0.653365689453125 0.668930595703125 0.684967251953125 0.66639917578125 0.71554752734375 0.655043552734375 0.7367869765625 0.643302384765625 0.75736774609375 0.621706626953125 0.763946341796875 0.591102623046875 0.763449087890625 0.5975286953125 0.791479080078125 0.61499530859375 0.7988045625 0.64125741796875 0.79281550390625 0.666490490234375 0.786144162109375 0.68720044921875 0.773250416015625 0.698183177734375 0.72910036328125 0.696283251953125 0.681725546875 0.692282900390625 0.643241208984375 0.684071267578125 0.58833209375
7 0.484455572265625 1 0.486094005859375 0.990863873046875 0.491091380859375 0.94606646875 0.494825556640625 0.899185994140625 0.50461575 0.854302876953125 0.521288857421875 0.8148150390625 0.53924694921875 0.782007255859375 0.557789830078125 0.7525809453125 0.562621505859375 0.736840595703125 0.563450734375 0.71716092578125 0.564022771484375 0.695208654296875 0.556810150390625 0.6810758984375 0.544491046875 0.681334455078125 0.531109228515625 0.70966435546875 0.516897041015625 0.74853975 0.502086296875 0.773737970703125 0.488499275390625 0.824052345703125 0.478365951171875 0.85290015234375 0.464923333984375 0.89372616015625 0.461609677734375 0.94473716015625 0.4605659765625 0.981310498046875 0.47077752734375 1 0.484455572265625 1
5 0.927425017578125 0.401738259765625 0.941656314453125 0.407465392578125 0.948939484375 0.406932658203125 0.953286189453125 0.39342933203125 0.950117876953125 0.373260205078125 0.94062575 0.36773416796875 0.9281823125 0.369042025390625 0.916320169921875 0.37588053125 0.917545458984375 0.392526046875 0.927425017578125 0.401738259765625
5 0.8707789609375 0.626803427734375 0.8751968671875 0.634277017578125 0.880393197265625 0.637631859375 0.886420412109375 0.63161704296875 0.893685080078125 0.620090833984375 0.896889203125 0.607376072265625 0.89730658984375 0.59118727734375 0.888646994140625 0.580796642578125 0.879138435546875 0.588253630859375 0.87308801171875 0.60557261328125 0.8707789609375 0.626803427734375
5 0.207254208984375 0.488789783203125 0.21508937109375 0.477459642578125 0.21785973046875 0.45882911328125 0.21093112109375 0.441982359375 0.2016574140625 0.4437214375 0.19378598828125 0.462888111328125 0.189104865234375 0.4756063515625 0.18678833984375 0.490368251953125 0.191833720703125 0.497478890625 0.201639783203125 0.492628234375 0.207254208984375 0.488789783203125
5 0.039576974609375 0.136554837890625 0.052083205078125 0.132760126953125 0.057378982421875 0.1250727890625 0.055174240234375 0.110733025390625 0.049561533203125 0.1004718359375 0.039849119140625 0.099322427734375 0.03245126171875 0.106920673828125 0.024697091796875 0.116106525390625 0.02410025390625 0.127020365234375 0.0259940390625 0.1367423359375 0.03401380859375 0.138379677734375 0.039576974609375 0.136554837890625
2 0.562116611328125 0.964051017578125 0.566352892578125 0.98072361328125 0.57068942578125 0.983581349609375 0.576965482421875 0.981264482421875 0.58140226953125 0.970307353515625 0.57449716015625 0.957779953125 0.566668185546875 0.954186021484375 0.562116611328125 0.964051017578125
2 0.012101765625 0.174067462890625 0.019839837890625 0.169123197265625 0.02006640625 0.15900147265625 0.017869466796875 0.145463435546875 0.0108513828125 0.14252909765625 0.00496380859375 0.14544288671875 0.0033183125 0.1543367578125 0.00522895703125 0.16515091015625 0.012101765625 0.174067462890625
7 0.133575525390625 0.794258208984375 0.13323240234375 0.798502509765625 0.1350462109375 0.8063773515625 0.130689154296875 0.821212203125 0.12166987109375 0.849861921875 0.107726990234375 0.874821822265625 0.084350306640625 0.894461830078125 0.067562490234375 0.897979423828125 0.0556530234375 0.89537391796875 0.0381392578125 0.8807336640625 0.038847232421875 0.890827919921875 0.065828423828125 0.9058761640625 0.08444507421875 0.902867416015625 0.1105401328125 0.884695748046875 0.12963109375 0.84867509765625 0.129620150390625 0.844819005859375 0.132353029296875 0.83892140625 0.1328419140625 0.836063908203125 0.133087763671875 0.829025580078125 0.1364917734375 0.822004447265625 0.137249962890625 0.81421027734375 0.1442620546875 0.802428513671875 0.14269461328125 0.787515287109375 0.139677853515625 0.768195158203125 0.13406155859375 0.75791479296875 0.129199115234375 0.758249892578125 0.129853138671875 0.770102943359375 0.133575525390625 0.794258208984375
4 0.242203388671875 0.61175186328125 0.23064281640625 0.61350226953125 0.231664322265625 0.6203561875 0.235294037109375 0.620510029296875 0.237677263671875 0.620259541015625 0.2397621328125 0.620040412109375 0.24071130078125 0.6204759921875 0.2388295546875 0.62549276171875 0.231959265625 0.628892490234375 0.226820259765625 0.631573982421875 0.21635922265625 0.629460509765625 0.196873681640625 0.615980869140625 0.17859949609375 0.59969627734375 0.167156015625 0.58537044921875 0.1534016484375 0.57771344921875 0.138698630859375 0.569620814453125 0.122561552734375 0.562214248046875 0.10862116796875 0.555647478515625 0.102739111328125 0.554124345703125 0.1048405703125 0.559793146484375 0.111298822265625 0.56393334765625 0.12615272265625 0.567726470703125 0.140260162109375 0.575882634765625 0.15935604296875 0.585654919921875 0.1731460625 0.59652114453125 0.18470084375 0.611905955078125 0.19713245703125 0.621308001953125 0.21726942578125 0.635255447265625 0.22767471484375 0.6368385078125 0.238901892578125 0.631911103515625 0.2446750234375 0.62380769921875 0.24573890625 0.61673459765625 0.242203388671875 0.61175186328125
4 0.133847626953125 0.767469123046875 0.132428 0.76458039453125 0.134001705078125 0.762661869140625 0.1354144375 0.766720693359375 0.13810257421875 0.78291918359375 0.139732568359375 0.7946705859375 0.139108771484375 0.799996447265625 0.135972822265625 0.80768953515625 0.131189333984375 0.822219138671875 0.127282162109375 0.839460890625 0.11361009375 0.870749375 0.098219986328125 0.8856917890625 0.0863793203125 0.895001771484375 0.067518390625 0.8994383203125 0.05307289453125 0.89709936328125 0.038802875 0.881417115234375 0.0387882734375 0.888782134765625 0.042736615234375 0.892575384765625 0.052693798828125 0.900996447265625 0.064603265625 0.903601955078125 0.07781827734375 0.90361605859375 0.095229890625 0.894772603515625 0.10614471875 0.884157802734375 0.1159743046875 0.8726050078125 0.12324491796875 0.85921705078125 0.131554396484375 0.83695336328125 0.13870877734375 0.8074466640625 0.1426117734375 0.801426078125 0.142249271484375 0.792346638671875 0.140559427734375 0.778147341796875 0.138355578125 0.77031349609375 0.137723443359375 0.766172630859375 0.136359521484375 0.7607046875 0.133496 0.757850408203125 0.131958783203125 0.76011609765625 0.130276228515625 0.760994001953125 0.13020126171875 0.76591118359375 0.133847626953125 0.767469123046875