5 0.40441296484375 0.33593348828125 0.410127609375 0.322794685546875 0.41058179296875 0.30183553125 0.411064919921875 0.284942103515625 0.404945076171875 0.278503759765625 0.398111578125 0.28258895703125 0.39156597265625 0.30117554296875 0.3877381171875 0.31719976953125 0.390642958984375 0.327986716796875 0.398636919921875 0.337165666015625 0.40441296484375 0.33593348828125
5 0.5037804296875 0.38513619921875 0.507840134765625 0.39270748046875 0.511679771484375 0.390484748046875 0.514359533203125 0.38713566796875 0.516109548828125 0.378017892578125 0.52039428125 0.366319380859375 0.522520337890625 0.3517889765625 0.5206940390625 0.340625111328125 0.51253250390625 0.3322796796875 0.50459590625 0.338636328125 0.50243700390625 0.35279131640625 0.503860251953125 0.36663290625 0.505489966796875 0.375549798828125 0.5037804296875 0.38513619921875
7 0.46652212890625 0.376693943359375 0.463726560546875 0.385997998046875 0.46404926953125 0.401823611328125 0.468272875 0.411268291015625 0.473442478515625 0.409683923828125 0.474182013671875 0.40357957421875 0.4760834296875 0.391333921875 0.478176802734375 0.376429943359375 0.486769154296875 0.360579087890625 0.495900263671875 0.331470638671875 0.493615626953125 0.31506194921875 0.483332966796875 0.30916626171875 0.472141419921875 0.31958223046875 0.470024857421875 0.343926005859375 0.4707220390625 0.3616056640625 0.46652212890625 0.376693943359375
5 0.555749443359375 0.168012990234375 0.561200453125 0.176589056640625 0.569176642578125 0.180766263671875 0.579499041015625 0.181056599609375 0.587032171875 0.1776119375 0.59550346484375 0.172096142578125 0.594521205078125 0.163426541015625 0.58494432421875 0.15630541796875 0.576038685546875 0.1542989609375 0.567661533203125 0.15065409765625 0.558627294921875 0.1574144296875 0.555749443359375 0.168012990234375
5 0.69367196484375 0.98403635546875 0.694166234375 0.97582778125 0.6923003125 0.968358279296875 0.6857273046875 0.957887607421875 0.678174240234375 0.94777222265625 0.6737405859375 0.940976298828125 0.667693791015625 0.941145623046875 0.664770771484375 0.949303646484375 0.667435453125 0.961283658203125 0.67119608984375 0.97424503515625 0.67665026171875 0.98346680078125 0.68424806640625 0.98486083984375 0.69367196484375 0.98403635546875
7 0.1506183125 1 0.15273157421875 0.992884603515625 0.148948052734375 0.980838892578125 0.14252403125 0.976063017578125 0.133312861328125 0.976868890625 0.123625734375 0.98159876953125 0.119432259765625 0.988274845703125 0.11099148828125 0.98852813671875 0.10403129296875 0.990107435546875 0.100422142578125 0.997217568359375 0.10143952734375 1 0.1506183125 1
6 0 0.1463343515625 0.0131353046875 0.15883574609375 0.02805464453125 0.17404516796875 0.0332044296875 0.188901015625 0.032330697265625 0.197033111328125 0.039180341796875 0.19555271484375 0.039017998046875 0.175100146484375 0.030356783203125 0.1589398203125 0.012136431640625 0.144825046875 0 0.13422589453125 0 0.1463343515625
6 0 0.052305189453125 0.002204197265625 0.049423962890625 0.0159493515625 0.0486248046875 0.026053814453125 0.055393974609375 0.041442580078125 0.073381388671875 0.045477990234375 0.062556080078125 0.034084841796875 0.046232310546875 0.018834787109375 0.04018658203125 0.001978341796875 0.041661330078125 0 0.04281307421875 0 0.052305189453125
1 0.480195021484375 0.36491578515625 0.475340578125 0.36226211328125 0.473103140625 0.37059530859375 0.469730443359375 0.383539443359375 0.46711539453125 0.394309267578125 0.46793675 0.40098437890625 0.469494935546875 0.4025341015625 0.47041546875 0.399502521484375 0.47240284375 0.395111673828125 0.47481897265625 0.384781228515625 0.4761469140625 0.37285901171875 0.480195021484375 0.36491578515625
1 0.119805341796875 1 0.121408537109375 0.997848291015625 0.1229252109375 0.9933480546875 0.120149369140625 0.990471630859375 0.11754747265625 0.991149126953125 0.11495342578125 0.991133486328125 0.1120885390625 0.99114154296875 0.108338380859375 0.991954818359375 0.106713337890625 0.9920969921875 0.10472721484375 0.99591053125 0.104449943359375 1 0.119805341796875 1
7 0.243408654296875 0.820829634765625 0.24747915234375 0.816990814453125 0.253571271484375 0.81667624609375 0.26697518359375 0.811803365234375 0.27870580859375 0.805989404296875 0.291548541015625 0.800295642578125 0.305111708984375 0.79584474609375 0.31769504296875 0.79278546875 0.33631933984375 0.794420328125 0.348614427734375 0.80204999609375 0.3660020390625 0.82599048046875 0.372989982421875 0.84431134375 0.3760941171875 0.865802208984375 0.37844524609375 0.881482888671875 0.378296697265625 0.892376177734375 0.3772898046875 0.904651384765625 0.368840373046875 0.936776716796875 0.371982044921875 0.93911364453125 0.376579072265625 0.91890739453125 0.38008526953125 0.901626791015625 0.38112152734375 0.881297078125 0.3789565703125 0.864947625 0.373979296875 0.838832974609375 0.36848940234375 0.82364532421875 0.351713994140625 0.801174666015625 0.342660798828125 0.7928263828125 0.323954390625 0.7888546015625 0.315543642578125 0.7878495625 0.299661765625 0.790979931640625 0.282131064453125 0.79904221484375 0.2637494453125 0.807178947265625 0.248221447265625 0.8114857265625 0.244059341796875 0.807279693359375 0.234503923828125 0.801587138671875 0.22846630859375 0.799721994140625 0.224654609375 0.800925453125 0.221996208984375 0.805510705078125 0.222425576171875 0.814613478515625 0.224784357421875 0.8191947734375 0.228833080078125 0.82210483203125 0.236841744140625 0.822709130859375 0.243408654296875 0.820829634765625