7 0.508992708984375 0.530693517578125 0.520560416015625 0.502415740234375 0.536466666015625 0.4908481484375 0.551649478515625 0.507557408203125 0.5588796875 0.535834259765625 0.564663541015625 0.56925277734375 0.575508333984375 0.55897037109375 0.573339583984375 0.54097592578125 0.564663541015625 0.502415740234375 0.554541666015625 0.4779944453125 0.5408046875 0.465140740234375 0.52200625 0.46899722265625 0.507546353515625 0.489562037109375 0.4967015625 0.526837037109375 0.4909171875 0.573109259765625 0.489471353515625 0.6090981484375 0.484410416015625 0.632234259765625 0.477903646484375 0.660512037109375 0.484410416015625 0.67465092578125 0.495255208984375 0.682362962890625 0.502485416015625 0.66822407421875 0.5068234375 0.63737592578125 0.5068234375 0.616810185546875 0.505377603515625 0.594960185546875 0.5068234375 0.5602555546875 0.508992708984375 0.530693517578125
7 0.681458333984375 0.55105277734375 0.6697171875 0.538528703125 0.658915103515625 0.53602407421875 0.6420078125 0.532684259765625 0.61476875 0.514315740234375 0.598800521484375 0.49427777734375 0.580484375 0.4608805546875 0.5725 0.424978703125 0.573909375 0.38239722265625 0.583771875 0.341486111328125 0.5945734375 0.324787037109375 0.588468228515625 0.307253703125 0.5781359375 0.3172731484375 0.570152083984375 0.34065092578125 0.563577083984375 0.3698731484375 0.560289583984375 0.406610185546875 0.562168228515625 0.444182408203125 0.5725 0.475909259765625 0.5879984375 0.507637037109375 0.604905728515625 0.531014814453125 0.61805625 0.5485481484375 0.6321453125 0.55689722265625 0.645765103515625 0.56107222265625 0.655158333984375 0.5744305546875 0.665959896484375 0.579440740234375 0.6730046875 0.581110185546875 0.679110416015625 0.576936111328125 0.6828671875 0.562741666015625 0.681458333984375 0.55105277734375
5 0.258908333984375 0.51179537109375 0.2565 0.529457408203125 0.254693228515625 0.55140092578125 0.2534890625 0.571738888671875 0.259510416015625 0.579766666015625 0.263122916015625 0.579633333984375 0.270649478515625 0.5765555546875 0.272455728515625 0.558358333984375 0.272756771484375 0.536414814453125 0.269144271484375 0.51875277734375 0.26553125 0.51179537109375 0.258908333984375 0.51179537109375
5 0.952905208984375 0.6391 0.943154166015625 0.647162962890625 0.932722396484375 0.6552268515625 0.9288671875 0.665708333984375 0.93226875 0.675384259765625 0.9420203125 0.679314814453125 0.951771353515625 0.678609259765625 0.962430208984375 0.674981482421875 0.968099478515625 0.66449907421875 0.966965625 0.649985185546875 0.963336978515625 0.640712962890625 0.952905208984375 0.6391
5 0.867411458984375 0.760046296875 0.867865103515625 0.77335092578125 0.873988021484375 0.78222037109375 0.882378646484375 0.7963305546875 0.889861978515625 0.801168517578125 0.892810416015625 0.797539814453125 0.894170833984375 0.784638888671875 0.8916765625 0.7725444453125 0.8866875 0.7580305546875 0.878296875 0.749161111328125 0.87149375 0.750371296875 0.867411458984375 0.760046296875
2 0.528708853515625 0.673086111328125 0.5207984375 0.697316666015625 0.521677083984375 0.7192018515625 0.5278296875 0.732489814453125 0.540190625 0.736663888671875 0.5541984375 0.722328703125 0.559472396484375 0.702787962890625 0.5577140625 0.678557408203125 0.545408853515625 0.667613888671875 0.528708853515625 0.673086111328125
2 0.235964583984375 0.4011944453125 0.2267359375 0.409010185546875 0.222780208984375 0.41917222265625 0.224977603515625 0.44340277734375 0.235261978515625 0.4504768515625 0.243875521484375 0.44887407421875 0.249148958984375 0.438712962890625 0.250906771484375 0.419953703125 0.248709375 0.403538888671875 0.235964583984375 0.4011944453125
6 0.901944791015625 0.748583333984375 0.909972916015625 0.836537037109375 0.921533333984375 0.953618517578125 0.923831771484375 0.997896296875 0.9337359375 0.99907407421875 0.932130208984375 0.9524768515625 0.913505208984375 0.784563888671875 0.910615103515625 0.74572777734375 0.901944791015625 0.748583333984375
2 0.853134375 0.55962407421875 0.857308853515625 0.576757408203125 0.866300521484375 0.5807555546875 0.874328125 0.568762037109375 0.8736859375 0.55505462890625 0.869511458984375 0.543632408203125 0.858272396484375 0.544203703125 0.853134375 0.55962407421875
2 0.774149478515625 0.09254537109375 0.770938541015625 0.101683333984375 0.7719015625 0.1148194453125 0.779307291015625 0.117903703125 0.780251041015625 0.118817591796875 0.784104166015625 0.112535185546875 0.784746353515625 0.09997037109375 0.781535416015625 0.09254537109375 0.774149478515625 0.09254537109375
7 0.733264583984375 0.252961111328125 0.734056771484375 0.25812777734375 0.7366984375 0.2632944453125 0.746472396484375 0.266112037109375 0.7541328125 0.265642591796875 0.758359375 0.263763888671875 0.765491666015625 0.268461111328125 0.7808125 0.27832407421875 0.789794271484375 0.28020277734375 0.8059078125 0.28020277734375 0.8238703125 0.27362777734375 0.847644271484375 0.25577962890625 0.865078646484375 0.23370462890625 0.883833853515625 0.201765740234375 0.9025890625 0.16090277734375 0.916233333984375 0.1320555546875 0.939479166015625 0.111388888671875 0.9928921875 0.0752231484375 0.999231771484375 0.074284259765625 0.998967708984375 0.070056482421875 0.973608853515625 0.07945092578125 0.9411171875 0.102464814453125 0.922097916015625 0.117964814453125 0.9147015625 0.122662037109375 0.9062484375 0.140039814453125 0.898323958984375 0.16164537109375 0.887229166015625 0.187008333984375 0.87956875 0.20297777734375 0.868738541015625 0.22270462890625 0.856586978515625 0.2358555546875 0.843115103515625 0.253234259765625 0.819341146484375 0.270142591796875 0.810623958984375 0.2739 0.806397396484375 0.2743694453125 0.801906771484375 0.2743694453125 0.7971515625 0.274839814453125 0.790283853515625 0.275309259765625 0.78394375 0.272021296875 0.778396353515625 0.271082408203125 0.763906771484375 0.25859722265625 0.759944271484375 0.251082408203125 0.753076041015625 0.245915740234375 0.747000521484375 0.24074907421875 0.7369625 0.24262777734375 0.733264583984375 0.247325 0.733264583984375 0.252961111328125
7 0.930022916015625 0.201568517578125 0.930815103515625 0.2100231484375 0.932664583984375 0.216128703125 0.9400609375 0.222235185546875 0.948777603515625 0.22505277734375 0.952740103515625 0.223643517578125 0.9535328125 0.221764814453125 0.962778125 0.22505277734375 0.973872916015625 0.22505277734375 0.978363541015625 0.219416666015625 0.978891666015625 0.209553703125 0.978099478515625 0.20297777734375 0.974401041015625 0.1964018515625 0.965947916015625 0.184660185546875 0.96225 0.178553703125 0.960136458984375 0.1724481484375 0.959344271484375 0.16587222265625 0.960929166015625 0.158357408203125 0.965947916015625 0.14567592578125 0.974136978515625 0.133934259765625 0.979155728515625 0.1282981484375 0.985759896484375 0.129706482421875 0.995533853515625 0.133464814453125 0.998967708984375 0.13910092578125 0.999479166015625 0.136282408203125 0.99315625 0.129237037109375 0.986023958984375 0.12547962890625 0.978627603515625 0.12360092578125 0.973080208984375 0.127358333984375 0.964363021484375 0.140509259765625 0.959080208984375 0.155539814453125 0.957494791015625 0.166812037109375 0.958815625 0.17714537109375 0.965419791015625 0.188417591796875 0.972552083984375 0.20062962890625 0.97625 0.209083333984375 0.97625 0.2119018515625 0.973872916015625 0.218007408203125 0.969382291015625 0.220356482421875 0.953404166015625 0.215832408203125 0.95326875 0.212371296875 0.948513541015625 0.20720462890625 0.941909896484375 0.19875092578125 0.939004166015625 0.194993517578125 0.935041666015625 0.194993517578125 0.930022916015625 0.201568517578125
4 0.978891666015625 0.209083333984375 0.977306771484375 0.204387037109375 0.972288021484375 0.193114814453125 0.961457291015625 0.17902407421875 0.959080208984375 0.166812037109375 0.960929166015625 0.157418517578125 0.968061458984375 0.141918517578125 0.9765140625 0.131585185546875 0.9799484375 0.128767591796875 0.9889296875 0.129706482421875 0.996326041015625 0.1348731484375 0.998703646484375 0.13910092578125 0.999479166015625 0.136282408203125 0.994213021484375 0.1301768515625 0.985759896484375 0.12547962890625 0.9802125 0.124540740234375 0.976778646484375 0.125010185546875 0.9664765625 0.1367518515625 0.961457291015625 0.14755462890625 0.9580234375 0.162585185546875 0.9580234375 0.173387962890625 0.960665103515625 0.18090277734375 0.969382291015625 0.1945231484375 0.9754578125 0.206265740234375 0.9754578125 0.217537962890625 0.970703125 0.22129537109375 0.9529640625 0.2162231484375 0.952740103515625 0.22129537109375 0.957759375 0.224113888671875 0.965683853515625 0.224583333984375 0.974401041015625 0.22505277734375 0.978627603515625 0.219416666015625 0.978891666015625 0.209083333984375
7 0.658066146484375 0.492331482421875 0.679664583984375 0.50220092578125 0.695133333984375 0.519342591796875 0.712353646484375 0.542717591796875 0.729573958984375 0.55414537109375 0.732492708984375 0.540639814453125 0.705056771484375 0.513109259765625 0.691047396484375 0.49752592578125 0.666238541015625 0.482462037109375 0.6414296875 0.4720731484375 0.623333853515625 0.4720731484375 0.597649478515625 0.4860981484375 0.5769265625 0.509992591796875 0.5743 0.513628703125 0.569046353515625 0.517264814453125 0.560582291015625 0.524537037109375 0.553285416015625 0.535964814453125 0.550366666015625 0.548431482421875 0.554453125 0.560378703125 0.562625 0.568689814453125 0.569630208984375 0.567131482421875 0.576634896484375 0.5608981484375 0.578678125 0.555184259765625 0.583347916015625 0.5375231484375 0.583931771484375 0.524017591796875 0.587726041015625 0.5141481484375 0.611805208984375 0.4907731484375 0.636467708984375 0.48350092578125 0.658066146484375 0.492331482421875
7 0.8534453125 0.2170018515625 0.84125625 0.210296296875 0.829288541015625 0.19609722265625 0.822418228515625 0.183081482421875 0.818429166015625 0.16967037109375 0.814440103515625 0.147583333984375 0.815991666015625 0.12904537109375 0.819315625 0.111296296875 0.825521353515625 0.097490740234375 0.8359375 0.076981482421875 0.841477603515625 0.0651481484375 0.8343859375 0.062781482421875 0.822418228515625 0.08644722265625 0.811780728515625 0.108140740234375 0.807569791015625 0.131017591796875 0.80845625 0.1515268515625 0.811780728515625 0.172037037109375 0.821088541015625 0.20319722265625 0.840369791015625 0.223706482421875 0.8561046875 0.230806482421875 0.881591146484375 0.22765092578125 0.899099478515625 0.211085185546875 0.910402083984375 0.185053703125 0.923255728515625 0.1495555546875 0.920153125 0.138511111328125 0.917936978515625 0.136538888671875 0.9146125 0.134566666015625 0.909736978515625 0.140088888671875 0.9077421875 0.150738888671875 0.904440103515625 0.16435092578125 0.901758853515625 0.17992592578125 0.890899478515625 0.20280277734375 0.8780453125 0.214635185546875 0.864083333984375 0.217396296875 0.8534453125 0.2170018515625