7 0.914655208984375 0.51749537109375 0.904680728515625 0.48255092578125 0.881100521484375 0.50414907421875 0.865083333984375 0.525633333984375 0.841602083984375 0.537708333984375 0.8256109375 0.558485185546875 0.812877603515625 0.56572407421875 0.777439583984375 0.564262037109375 0.7518921875 0.5650055546875 0.742945833984375 0.586562962890625 0.75814375 0.6225305546875 0.772228646484375 0.619182408203125 0.793145833984375 0.6211768515625 0.8231609375 0.6138805546875 0.8425671875 0.596287037109375 0.867358853515625 0.5642981484375 0.896452603515625 0.545112962890625 0.914655208984375 0.51749537109375
7 0.364331771484375 0.80197962890625 0.390123958984375 0.8059768515625 0.416868228515625 0.809187962890625 0.4334734375 0.8000768515625 0.436934375 0.771528703125 0.40655 0.77522222265625 0.384384896484375 0.770937037109375 0.370556771484375 0.751696296875 0.357043228515625 0.731760185546875 0.351329166015625 0.701612037109375 0.344266666015625 0.670578703125 0.348084375 0.639338888671875 0.349366666015625 0.598828703125 0.3538796875 0.571906482421875 0.361920833984375 0.5346981484375 0.359376041015625 0.499340740234375 0.343716666015625 0.49197777734375 0.335083333984375 0.509540740234375 0.332316666015625 0.529739814453125 0.3317859375 0.553385185546875 0.3261703125 0.607088888671875 0.323743228515625 0.6625555546875 0.3237875 0.70124722265625 0.32685 0.748561111328125 0.3423875 0.791321296875 0.364331771484375 0.80197962890625
7 0.5651390625 0.986721296875 0.568201041015625 0.997283333984375 0.580518228515625 0.996143517578125 0.589528646484375 0.9745518515625 0.584667708984375 0.938287962890625 0.576040103515625 0.88790277734375 0.558403646484375 0.8487055546875 0.545310416015625 0.821075 0.526538541015625 0.772456482421875 0.509175 0.7489444453125 0.490977083984375 0.711767591796875 0.474707291015625 0.684991666015625 0.462428646484375 0.68602222265625 0.4567328125 0.700831482421875 0.459596353515625 0.722603703125 0.462478125 0.742088888671875 0.468928646484375 0.757237962890625 0.490445833984375 0.784564814453125 0.511734896484375 0.815315740234375 0.532444271484375 0.8528444453125 0.546872396484375 0.896458333984375 0.555486458984375 0.942691666015625 0.5651390625 0.986721296875
5 0.0391 0.42100462890625 0.038057291015625 0.4413944453125 0.043791666015625 0.4543694453125 0.051090625 0.454137962890625 0.0646453125 0.44695462890625 0.0735078125 0.436760185546875 0.072986458984375 0.42007777734375 0.060474478515625 0.414516666015625 0.0479625 0.414516666015625 0.0391 0.42100462890625
5 0.116508853515625 0.64827407421875 0.121024478515625 0.660584259765625 0.129454166015625 0.671287962890625 0.136077083984375 0.676639814453125 0.140894271484375 0.672760185546875 0.144506771484375 0.664865740234375 0.139991146484375 0.643992591796875 0.132163541015625 0.62740092578125 0.121927603515625 0.620978703125 0.1144015625 0.632217591796875 0.116508853515625 0.64827407421875
5 0.800657291015625 0.431083333984375 0.790825521484375 0.4128444453125 0.781420833984375 0.412084259765625 0.776291146484375 0.429562962890625 0.78099375 0.4478018515625 0.7899703125 0.45825092578125 0.795955208984375 0.461481482421875 0.806214583984375 0.4652805546875 0.8104890625 0.457681482421875 0.8066421875 0.443242591796875 0.800657291015625 0.431083333984375
5 0.923899478515625 0.0602018515625 0.915747916015625 0.053418517578125 0.906208853515625 0.0555768515625 0.901699478515625 0.066368517578125 0.901005728515625 0.080860185546875 0.907076041015625 0.0879518515625 0.919910416015625 0.090418517578125 0.925633853515625 0.0916518515625 0.933438541015625 0.089185185546875 0.934305728515625 0.079318517578125 0.932571353515625 0.0685268515625 0.923899478515625 0.0602018515625
2 0.480245833984375 0.988321296875 0.484259896484375 0.98502592578125 0.486730208984375 0.9680018515625 0.481172396484375 0.958666666015625 0.473761978515625 0.963059259765625 0.468204166015625 0.976239814453125 0.473761978515625 0.9866731484375 0.480245833984375 0.988321296875
2 0.942430208984375 0.097009259765625 0.941660416015625 0.11070277734375 0.94294375 0.12074537109375 0.95115625 0.124853703125 0.957059375 0.115267591796875 0.957829166015625 0.104312962890625 0.955263021484375 0.095639814453125 0.949103125 0.093357408203125 0.942430208984375 0.097009259765625
7 0.8854015625 0.748591666015625 0.8854015625 0.763587037109375 0.893606771484375 0.774571296875 0.895175521484375 0.782243517578125 0.899294791015625 0.78887037109375 0.900275 0.7958444453125 0.901059896484375 0.798635185546875 0.904394271484375 0.804214814453125 0.904786458984375 0.80805092578125 0.927538021484375 0.841878703125 0.955389583984375 0.8572231484375 0.97421875 0.8582694453125 0.999479166015625 0.840483333984375 0.999128125 0.83037037109375 0.983240625 0.846761111328125 0.97166875 0.85059722265625 0.954605208984375 0.848853703125 0.929303646484375 0.831764814453125 0.912828125 0.80839907421875 0.900863541015625 0.78084907421875 0.8949796875 0.76655092578125 0.895960416015625 0.75852962890625 0.895175521484375 0.7543444453125 0.896352603515625 0.729932408203125 0.8957640625 0.71807592578125 0.890893228515625 0.71825092578125 0.886382291015625 0.729062037109375 0.8854015625 0.748591666015625
4 0.795319791015625 0.604961111328125 0.813888541015625 0.588985185546875 0.825269271484375 0.578335185546875 0.835152603515625 0.5618268515625 0.84773125 0.549578703125 0.865701041015625 0.537863888671875 0.878878646484375 0.52827777734375 0.8932546875 0.52295277734375 0.899244791015625 0.518160185546875 0.9007421875 0.51230277734375 0.8950515625 0.514432408203125 0.881873958984375 0.52242037109375 0.866599478515625 0.5314731484375 0.852822916015625 0.541058333984375 0.839944271484375 0.550111111328125 0.8300609375 0.56555462890625 0.8135890625 0.583660185546875 0.795619271484375 0.59910277734375 0.785436458984375 0.6022981484375 0.7800453125 0.600168517578125 0.772857291015625 0.5975055546875 0.770461458984375 0.592712962890625 0.771359896484375 0.5921805546875 0.77345625 0.5921805546875 0.775852603515625 0.5921805546875 0.779446353515625 0.5916481484375 0.779745833984375 0.584725 0.768065625 0.584192591796875 0.7650703125 0.589517591796875 0.766867708984375 0.596440740234375 0.77345625 0.603896296875 0.785136978515625 0.6076231484375 0.795319791015625 0.604961111328125
4 0.888899478515625 0.721265740234375 0.888114583984375 0.726846296875 0.88791875 0.7310305546875 0.886545833984375 0.7390518515625 0.886349478515625 0.75335 0.886938021484375 0.762417591796875 0.891448958984375 0.76799722265625 0.9016484375 0.7965944453125 0.912239583984375 0.817867591796875 0.920869791015625 0.83042222265625 0.931853125 0.840884259765625 0.943817708984375 0.8503 0.962058333984375 0.857275 0.975199478515625 0.85587962890625 0.986771353515625 0.852043517578125 0.99579375 0.84262777734375 0.999323958984375 0.838442591796875 0.998539583984375 0.8311194453125 0.985986978515625 0.848207408203125 0.971865103515625 0.852043517578125 0.95264375 0.84960277734375 0.939894791015625 0.841581482421875 0.923027083984375 0.82832962890625 0.906159375 0.798641666015625 0.900471353515625 0.78190277734375 0.8941953125 0.76795277734375 0.890272396484375 0.76062962890625 0.8890953125 0.7553981484375 0.889488021484375 0.743540740234375 0.890468228515625 0.72715 0.891448958984375 0.722965740234375 0.893214583984375 0.724709259765625 0.8921046875 0.7277305546875 0.895568228515625 0.7258 0.8949796875 0.720917591796875 0.893214583984375 0.72022037109375 0.891448958984375 0.71812777734375 0.888899478515625 0.721265740234375