7 0.322417640625 0.333023896484375 0.334639392578125 0.3511642578125 0.36980480078125 0.4301044140625 0.3770916953125 0.451500462890625 0.3794823046875 0.465869498046875 0.3788228515625 0.47556071875 0.372971755859375 0.505068939453125 0.368462244140625 0.523768322265625 0.369506677734375 0.53066175 0.373238931640625 0.53422009765625 0.374480890625 0.5262641484375 0.379291623046875 0.5081469296875 0.38460465234375 0.494046912109375 0.38650430078125 0.46725707421875 0.381700833984375 0.429948189453125 0.373309203125 0.4033706171875 0.364596447265625 0.376780904296875 0.332144533203125 0.321364591796875 0.30362875 0.282084365234375 0.299451646484375 0.271028146484375 0.291606314453125 0.25823637109375 0.2833981015625 0.24480746875 0.27097934765625 0.2415165 0.264502291015625 0.25214785546875 0.26524778515625 0.267601806640625 0.271167326171875 0.27295054296875 0.2843719375 0.290554509765625 0.29340132421875 0.298869138671875 0.31111948828125 0.316059076171875 0.322417640625 0.333023896484375
7 0.33559030078125 0.28711676171875 0.325828517578125 0.235349173828125 0.3248768671875 0.198174798828125 0.330508775390625 0.17494330859375 0.333250025390625 0.142469193359375 0.3330860234375 0.128749556640625 0.32552012890625 0.115343083984375 0.314486904296875 0.11838580859375 0.309736474609375 0.134791126953125 0.3107655625 0.16053994921875 0.31227093359375 0.173067708984375 0.3146340625 0.233815892578125 0.3166079296875 0.26931195703125 0.328724888671875 0.307899080078125 0.352398029296875 0.357987255859375 0.383545892578125 0.41392967578125 0.38950299609375 0.40899475390625 0.38711235546875 0.394626642578125 0.3565664453125 0.33984760546875 0.33559030078125 0.28711676171875
5 0.270739080078125 0.657921037109375 0.28077987109375 0.645003400390625 0.285593556640625 0.621324564453125 0.28133716015625 0.60828566796875 0.271902177734375 0.608601029296875 0.26459698046875 0.62059134765625 0.260550212890625 0.632695455078125 0.256502892578125 0.644800466796875 0.258180466796875 0.659038056640625 0.2660994140625 0.66060333984375 0.270739080078125 0.657921037109375
7 0.376439150390625 0.64576547265625 0.38958580078125 0.653314068359375 0.397028466796875 0.647774142578125 0.394556826171875 0.625129646484375 0.384960337890625 0.609325845703125 0.37581809375 0.601273177734375 0.3661337734375 0.5983565703125 0.361929115234375 0.614967169921875 0.364558126953125 0.63310515625 0.376439150390625 0.64576547265625
5 0.610027025390625 0.8913440234375 0.6137021953125 0.87682269921875 0.61197867578125 0.862677080078125 0.6074456640625 0.847306740234375 0.6020635546875 0.838104041015625 0.59646787109375 0.8441059296875 0.5965505703125 0.859885095703125 0.5962971796875 0.87621490234375 0.598990291015625 0.88983107421875 0.6066854296875 0.896298015625 0.610027025390625 0.8913440234375
5 0.480997197265625 0.2737425 0.486579666015625 0.280296875 0.49590127734375 0.288570751953125 0.50473369140625 0.2916614375 0.50969868359375 0.28388645703125 0.510156158203125 0.270786111328125 0.505591626953125 0.26069103125 0.49558628125 0.252789814453125 0.486056759765625 0.25046971484375 0.480435693359375 0.257825244140625 0.480997197265625 0.2737425
6 0.18109578515625 0.896631466796875 0.1930133828125 0.962850685546875 0.203317576171875 0.988907650390625 0.214447568359375 0.989406572265625 0.20044609765625 0.94792506640625 0.191273134765625 0.896264203125 0.18839250390625 0.8390380703125 0.18505840625 0.79481236328125 0.1814211328125 0.759253576171875 0.171980626953125 0.76181641015625 0.173188779296875 0.831999474609375 0.18109578515625 0.896631466796875
2 0.41564021875 0.734947158203125 0.41051001171875 0.7188592421875 0.40294573046875 0.7142563359375 0.398050404296875 0.72637898828125 0.396277037109375 0.742224900390625 0.40587962109375 0.748392486328125 0.41274973046875 0.7478615546875 0.41564021875 0.734947158203125
6 0.58744380859375 0.624526677734375 0.575430248046875 0.584336630859375 0.555393990234375 0.529404837890625 0.537193939453125 0.515030353515625 0.538366978515625 0.5396566640625 0.5619821015625 0.5968832734375 0.585552255859375 0.67869366015625 0.600258998046875 0.734885591796875 0.6053664609375 0.763265388671875 0.59918243359375 0.800651048828125 0.6071022734375 0.806712619140625 0.619170689453125 0.752177431640625 0.610940744140625 0.720074357421875 0.601643630859375 0.683594337890625 0.58744380859375 0.624526677734375
2 0.58606384765625 0.578798810546875 0.583638892578125 0.570547115234375 0.57780182421875 0.57034328125 0.573464197265625 0.575016970703125 0.571264044921875 0.58422079296875 0.57385888671875 0.593592060546875 0.57955351171875 0.597874888671875 0.584569669921875 0.597678533203125 0.585261859375 0.590512216796875 0.58606384765625 0.578798810546875
6 0.79644103515625 1 0.788761927734375 0.9480848671875 0.780690939453125 0.892073701171875 0.76894497265625 0.84559379296875 0.751463193359375 0.807830126953125 0.745677361328125 0.828365712890625 0.7681262890625 0.91689847265625 0.781023228515625 0.978279478515625 0.788386833984375 1 0.79644103515625 1
6 0.843558587890625 0.779095224609375 0.843302220703125 0.798405447265625 0.868657873046875 0.82604144140625 0.908384951171875 0.86086577734375 0.9420319609375 0.878387751953125 0.986515783203125 0.87994116015625 0.98724143359375 0.859161234375 0.9757224140625 0.858758982421875 0.948207826171875 0.857055107421875 0.91774391015625 0.84410255859375 0.882529025390625 0.811664001953125 0.843558587890625 0.779095224609375
4 0.3298817578125 0.289634810546875 0.32461394921875 0.26735405859375 0.320646376953125 0.2463129609375 0.32009159765625 0.20448941796875 0.321730787109375 0.1287013828125 0.318061171875 0.127975650390625 0.31720883203125 0.12838596875 0.316903515625 0.199600177734375 0.320188126953125 0.25943551953125 0.33143634375 0.30282765625 0.356104900390625 0.356243337890625 0.382890958984375 0.40674688671875 0.38381185546875 0.399612642578125 0.366088212890625 0.368536275390625 0.3447133203125 0.32658233984375 0.337580953125 0.309611048828125 0.3298817578125 0.289634810546875
8 0.29279927734375 0.2757256953125 0.291074103515625 0.277655552734375 0.290986251953125 0.283126189453125 0.29225800390625 0.286763529296875 0.294811263671875 0.289341244140625 0.2972956875 0.289428001953125 0.298993544921875 0.285340322265625 0.29920565625 0.279266248046875 0.29930208203125 0.276504966796875 0.297641962890625 0.275064669921875 0.295467767578125 0.27498874609375 0.29279927734375 0.2757256953125
1 0.39055640234375 0.644502759765625 0.3918805703125 0.63974422265625 0.390963369140625 0.632848751953125 0.376985869140625 0.62412507421875 0.375175376953125 0.6096493671875 0.37141618359375 0.606772904296875 0.367946423828125 0.606651736328125 0.36664619921875 0.61072458203125 0.3658296484375 0.623048962890625 0.370940126953125 0.631463921875 0.379062369140625 0.642041791015625 0.38513473828125 0.64499903515625 0.39055640234375 0.644502759765625
5 0.786239494140625 0.06835815234375 0.778940185546875 0.0611221484375 0.7722094375 0.06357207421875 0.76785878125 0.084363458984375 0.767975083984375 0.098329732421875 0.77497197265625 0.105555171875 0.776291439453125 0.102378916015625 0.78479114453125 0.083880951171875 0.786239494140625 0.06835815234375
1 0.78320553515625 0.077381837890625 0.790562767578125 0.09160004296875 0.79731444140625 0.0972066796875 0.805478740234375 0.09695441796875 0.8080966796875 0.08254719140625 0.8042285703125 0.07220867578125 0.79815508203125 0.0644781171875 0.79321373046875 0.058935623046875 0.7860851875 0.05546528125 0.782144390625 0.05586410546875 0.779036046875 0.067032798828125 0.78320553515625 0.077381837890625
7 0.8201118125 0.179626578125 0.834713333984375 0.211282298828125 0.862239564453125 0.357234638671875 0.8668773203125 0.354174259765625 0.867418765625 0.330028447265625 0.84831482421875 0.23699672265625 0.833161265625 0.186526015625 0.80613009375 0.138862865234375 0.768941140625 0.096617958984375 0.777741484375 0.095448447265625 0.782662396484375 0.0929353203125 0.78926031640625 0.085648181640625 0.78328047265625 0.07523592578125 0.7709483828125 0.0737314765625 0.75678944140625 0.08129194140625 0.75918827734375 0.09909669140625 0.77408996875 0.12217155078125 0.802890099609375 0.15378666015625 0.8201118125 0.179626578125
7 0.85490687890625 0.126067541015625 0.8966281015625 0.1769286484375 0.902403634765625 0.201832419921875 0.901862712890625 0.22597825 0.9068227734375 0.230984958984375 0.9105349140625 0.219837349609375 0.9095656875 0.18704651171875 0.9005457265625 0.15988183984375 0.851055783203125 0.10660091015625 0.812919515625 0.06553106640625 0.77816046875 0.03156026171875 0.772126125 0.0313495390625 0.77260051953125 0.0437171484375 0.76659625390625 0.06861258203125 0.765218154296875 0.08212364453125 0.769934759765625 0.09410202734375 0.77489533984375 0.099108755859375 0.779476900390625 0.09765758203125 0.78309539453125 0.089191669921875 0.785223623046875 0.08013728125 0.785575556640625 0.052762515625 0.810376998046875 0.077793322265625 0.85490687890625 0.126067541015625