7 0.2633828125 0.281075 0.27719375 0.298207408203125 0.2865078125 0.3062018515625 0.304815103515625 0.322762962890625 0.3166984375 0.3393231484375 0.329545833984375 0.35702592578125 0.367444791015625 0.434690740234375 0.375473958984375 0.4558194453125 0.378364583984375 0.470096296875 0.37804375 0.47980462890625 0.373226041015625 0.50949907421875 0.369371875 0.5283444453125 0.37065625 0.53519722265625 0.374510416015625 0.5386231484375 0.375473958984375 0.530628703125 0.379649478515625 0.51235462890625 0.3844671875 0.49807777734375 0.385430728515625 0.471237962890625 0.379328125 0.4341194453125 0.3700140625 0.40785092578125 0.360378646484375 0.381581482421875 0.3260125 0.327331482421875 0.296143228515625 0.28907037109375 0.2915828125 0.278166666015625 0.283295833984375 0.265656482421875 0.274623958984375 0.25252222265625 0.262097916015625 0.249666666015625 0.255995833984375 0.260517591796875 0.257280208984375 0.275936111328125 0.2633828125 0.281075
7 0.380613021484375 0.418046296875 0.386394271484375 0.412906482421875 0.383503646484375 0.3986305546875 0.351064583984375 0.34495092578125 0.3282609375 0.292984259765625 0.3166984375 0.241588888671875 0.31445 0.20447037109375 0.319267708984375 0.181056482421875 0.320873958984375 0.148506482421875 0.32023125 0.13480092578125 0.312202083984375 0.121666666015625 0.301281771484375 0.125092591796875 0.297106771484375 0.141653703125 0.299033853515625 0.16735092578125 0.300975521484375 0.179818517578125 0.305457291015625 0.24044722265625 0.30866875 0.27585277734375 0.322125 0.313993517578125 0.347531771484375 0.363225 0.380613021484375 0.418046296875
5 0.265327083984375 0.640971296875 0.2617046875 0.653210185546875 0.263878125 0.6673805546875 0.271846875 0.668668517578125 0.276390103515625 0.66582592578125 0.285973958984375 0.652565740234375 0.289958333984375 0.628733333984375 0.285249478515625 0.61585092578125 0.27583125 0.61649537109375 0.268948958984375 0.628733333984375 0.265327083984375 0.640971296875
7 0.379428125 0.60554537109375 0.369647916015625 0.602968517578125 0.366025521484375 0.619715740234375 0.3692859375 0.63775092578125 0.3816015625 0.649988888671875 0.395003646484375 0.65707407421875 0.4022484375 0.65127777734375 0.398988021484375 0.628733333984375 0.388845833984375 0.61327407421875 0.379428125 0.60554537109375
5 0.6090515625 0.856296296875 0.609368228515625 0.872625 0.612534896484375 0.886138888671875 0.620451041015625 0.892333333984375 0.623617708984375 0.887265740234375 0.626783853515625 0.872625 0.624567708984375 0.8585481484375 0.619501041015625 0.84334537109375 0.613801041015625 0.834336111328125 0.608418228515625 0.84052962890625 0.6090515625 0.856296296875
5 0.497236458984375 0.260641666015625 0.486961458984375 0.2530944453125 0.477356771484375 0.251108333984375 0.471995833984375 0.2586555546875 0.4731125 0.274543517578125 0.4789203125 0.28089907421875 0.488525 0.288842591796875 0.497459896484375 0.2916231484375 0.502150521484375 0.28367962890625 0.502150521484375 0.270571296875 0.497236458984375 0.260641666015625
6 0.1955390625 0.80562407421875 0.190663021484375 0.770213888671875 0.181317708984375 0.77310462890625 0.184974478515625 0.84320277734375 0.195132291015625 0.9075194453125 0.209353646484375 0.973282408203125 0.2205609375 0.998963888671875 0.2317015625 0.99907407421875 0.2162609375 0.958106482421875 0.205290625 0.90679722265625 0.200414583984375 0.849706482421875 0.1955390625 0.80562407421875
2 0.406013021484375 0.72979907421875 0.40479375 0.74569722265625 0.414605728515625 0.75152592578125 0.421453125 0.7507555546875 0.423891146484375 0.7377481484375 0.418202603515625 0.72184907421875 0.410482291015625 0.717512962890625 0.406013021484375 0.72979907421875
6 0.617741146484375 0.802787962890625 0.627898958984375 0.747864814453125 0.618553646484375 0.716068517578125 0.6079890625 0.679935185546875 0.591736458984375 0.62139907421875 0.578327603515625 0.58165277734375 0.556386458984375 0.527453703125 0.537695833984375 0.5137231484375 0.539727603515625 0.538293517578125 0.565325521484375 0.594661111328125 0.591736458984375 0.67559907421875 0.6083953125 0.731243517578125 0.614490103515625 0.75942777734375 0.609614583984375 0.797006482421875 0.617741146484375 0.802787962890625
2 0.577080208984375 0.590957408203125 0.582920833984375 0.595038888671875 0.587927083984375 0.594667591796875 0.58836875 0.587481482421875 0.588761458984375 0.57574722265625 0.58605 0.567585185546875 0.580209375 0.567585185546875 0.5760375 0.572407408203125 0.574159896484375 0.581682408203125 0.577080208984375 0.590957408203125
6 0.794203125 0.882038888671875 0.7808421875 0.83599722265625 0.762053125 0.798866666015625 0.7569875 0.819591666015625 0.7825125 0.907287037109375 0.79754375 0.9681805546875 0.809234375 0.99907407421875 0.815497396484375 0.99907407421875 0.804223958984375 0.937734259765625 0.794203125 0.882038888671875
6 0.987953125 0.841937962890625 0.960395833984375 0.84119537109375 0.9294984375 0.829313888671875 0.893172916015625 0.79812407421875 0.853089583984375 0.766935185546875 0.853507291015625 0.786242591796875 0.879811978515625 0.8129768515625 0.920730208984375 0.846393517578125 0.954968228515625 0.8627305546875 0.999479166015625 0.8627305546875 0.999479166015625 0.841937962890625 0.987953125 0.841937962890625
4 0.380379166015625 0.403728703125 0.361581771484375 0.373289814453125 0.338755728515625 0.332107408203125 0.331035416015625 0.31539537109375 0.32264375 0.2957 0.3166015625 0.273616666015625 0.311902083984375 0.2527268515625 0.309888021484375 0.2109481484375 0.30888125 0.13514907421875 0.305188541015625 0.1345518515625 0.304351041015625 0.134991666015625 0.30653125 0.2061731484375 0.311902083984375 0.265857408203125 0.3246578125 0.3088305546875 0.351175521484375 0.36135277734375 0.3797078125 0.410890740234375 0.380379166015625 0.403728703125
8 0.291624478515625 0.286408333984375 0.291624478515625 0.28364537109375 0.289915103515625 0.282263888671875 0.287739583984375 0.282263888671875 0.2850984375 0.283093517578125 0.283441666015625 0.285082408203125 0.283544791015625 0.29055277734375 0.284942708984375 0.294143517578125 0.287584375 0.2966305546875 0.2900703125 0.2966305546875 0.291624478515625 0.292486111328125 0.291624478515625 0.286408333984375
1 0.370205728515625 0.627656482421875 0.375606771484375 0.635887962890625 0.384093228515625 0.64617592578125 0.390265103515625 0.6489194453125 0.395666146484375 0.648234259765625 0.3968234375 0.643432408203125 0.395666146484375 0.6365731484375 0.381392708984375 0.628342591796875 0.379078125 0.613938888671875 0.375220833984375 0.61119537109375 0.371748958984375 0.61119537109375 0.370591666015625 0.615311111328125 0.370205728515625 0.627656482421875
5 0.75379375 0.08922222265625 0.761038541015625 0.09619907421875 0.762246353515625 0.092978703125 0.7700953125 0.07419537109375 0.771001041015625 0.058631482421875 0.763453646484375 0.05165462890625 0.7568125 0.054337962890625 0.753190103515625 0.075268517578125 0.75379375 0.08922222265625
1 0.7776421875 0.048971296875 0.770396875 0.0457518515625 0.766472396484375 0.046287962890625 0.763755728515625 0.057558333984375 0.768283853515625 0.0677555546875 0.7761328125 0.081708333984375 0.783076041015625 0.08707592578125 0.7912265625 0.086538888671875 0.793340103515625 0.07204907421875 0.789113541015625 0.0618518515625 0.782773958984375 0.054337962890625 0.7776421875 0.048971296875
7 0.7420203125 0.072585185546875 0.7450390625 0.09029537109375 0.760736978515625 0.112836111328125 0.790622916015625 0.1434268515625 0.8087359375 0.16865 0.824433333984375 0.1997768515625 0.857036458984375 0.34467962890625 0.861564583984375 0.341459259765625 0.861263021484375 0.317309259765625 0.838923958984375 0.22500092578125 0.822018228515625 0.175089814453125 0.793340103515625 0.12839907421875 0.754699478515625 0.08747777734375 0.763453646484375 0.0860018515625 0.768283853515625 0.083318517578125 0.7746234375 0.0758055546875 0.768283853515625 0.065608333984375 0.755906771484375 0.064535185546875 0.7420203125 0.072585185546875
7 0.7685859375 0.079562037109375 0.770396875 0.070438888671875 0.769793228515625 0.043068517578125 0.795453125 0.067218517578125 0.841640625 0.113909259765625 0.885111458984375 0.163283333984375 0.891752603515625 0.18797037109375 0.8920546875 0.21212037109375 0.897186458984375 0.21695092578125 0.900507291015625 0.2056805546875 0.898394271484375 0.172943517578125 0.888431771484375 0.146110185546875 0.8371125 0.094588888671875 0.797566146484375 0.054875 0.761642708984375 0.022137962890625 0.7556046875 0.022137962890625 0.756510416015625 0.034481482421875 0.751378646484375 0.059571296875 0.750472916015625 0.07312222265625 0.7556046875 0.084928703125 0.760736978515625 0.089759259765625 0.765265103515625 0.08814907421875 0.7685859375 0.079562037109375