5 0.971260966796875 0.79988078515625 0.976216646484375 0.821922853515625 0.985801896484375 0.823735314453125 0.9931363125 0.814958421875 0.99712788671875 0.800637810546875 0.998489111328125 0.78158284375 0.9894728125 0.7709888984375 0.976057185546875 0.7829828515625 0.971260966796875 0.79988078515625
1 0.13870654296875 0.604136279296875 0.130516943359375 0.58912484765625 0.11869518359375 0.58958633203125 0.113288458984375 0.60304341015625 0.113940560546875 0.62239175 0.118574166015625 0.643286828125 0.117354681640625 0.671921669921875 0.122657900390625 0.679684064453125 0.13233708203125 0.677284017578125 0.137234158203125 0.6324831484375 0.13870654296875 0.604136279296875
7 0.655171265625 0.96016224609375 0.6614825625 0.971409728515625 0.66844754296875 0.968743171875 0.658101197265625 0.94162105859375 0.63345738671875 0.918351107421875 0.60730523828125 0.911692947265625 0.579419865234375 0.918434251953125 0.53619509375 0.928436994140625 0.51733808203125 0.92592869921875 0.502767416015625 0.93065491015625 0.4925899140625 0.940963796875 0.4874683203125 0.959970837890625 0.493956486328125 0.97325285546875 0.51236451171875 0.969340109375 0.540891296875 0.9526877578125 0.55918234765625 0.94391346484375 0.58065880078125 0.93934850390625 0.611456494140625 0.937688662109375 0.634375166015625 0.94422003125 0.647261390625 0.948811541015625 0.655171265625 0.96016224609375
7 0.62694109765625 0.60042798046875 0.639040822265625 0.59127147265625 0.64297516015625 0.58391873046875 0.635931892578125 0.565868291015625 0.6237665234375 0.566825001953125 0.61073524609375 0.574482240234375 0.596164388671875 0.579207544921875 0.580482814453125 0.574396119140625 0.572038341796875 0.571304638671875 0.56532568359375 0.554812099609375 0.566502904296875 0.536642513671875 0.5721213671875 0.51997306640625 0.57526594921875 0.498128013671875 0.5737060546875 0.48216933984375 0.566448642578125 0.46742265625 0.558062208984375 0.46676109765625 0.545517646484375 0.470242560546875 0.527050685546875 0.471723681640625 0.51285991796875 0.4739259375 0.486659181640625 0.471350427734375 0.476636890625 0.475923935546875 0.473248009765625 0.48153162109375 0.4866796875 0.484378072265625 0.499079197265625 0.493145359375 0.51929949609375 0.49129060546875 0.529711333984375 0.49070662109375 0.5463182578125 0.491249033203125 0.5567888359375 0.493095765625 0.558600091796875 0.4951539765625 0.55801691015625 0.507495853515625 0.547090279296875 0.52936591015625 0.54529953125 0.54033534375 0.547569931640625 0.555327962890625 0.556152587890625 0.5763094296875 0.569000576171875 0.5914978671875 0.579588828125 0.598206943359375 0.59493908984375 0.601459673828125 0.607542587890625 0.600409833984375 0.619493810546875 0.60275687890625 0.62694109765625 0.60042798046875
7 0.71885408203125 0.29614858984375 0.709945919921875 0.29005646484375 0.69911610546875 0.295515361328125 0.688577921875 0.319062603515625 0.696197037109375 0.33401544140625 0.72370226953125 0.3234340703125 0.74407855078125 0.30647610546875 0.7764654296875 0.291701109375 0.811787802734375 0.28656058203125 0.825931826171875 0.294602080078125 0.834324744140625 0.329909197265625 0.84391692578125 0.349966125 0.861932275390625 0.353239271484375 0.86233874609375 0.340526966796875 0.853237048828125 0.329045265625 0.8433418515625 0.3201006484375 0.835977859375 0.29799115625 0.83191816796875 0.283070267578125 0.823298130859375 0.273854607421875 0.80528278125 0.2705814609375 0.770913630859375 0.273941373046875 0.71885408203125 0.29614858984375
7 0.39915456640625 1 0.40018268359375 0.974923060546875 0.395094259765625 0.946805455078125 0.39336691796875 0.928232806640625 0.39232898046875 0.908725095703125 0.3781286875 0.898327134765625 0.37232080078125 0.92323639453125 0.372934048828125 0.942835326171875 0.363132458984375 0.961491048828125 0.347930712890625 1 0.3619057578125 1 0.3662002421875 0.988459205078125 0.37631079296875 0.970462916015625 0.38097708203125 0.993210193359375 0.38695626953125 1 0.39915456640625 1
1 0.38663818359375 1 0.387142583984375 0.995056625 0.383139478515625 0.98249118359375 0.3779277109375 0.978864029296875 0.373254 0.97985745703125 0.3678431875 0.98574251171875 0.365526611328125 1 0.38663818359375 1
7 0.700608642578125 0.90314525390625 0.719000072265625 0.88149369140625 0.735240560546875 0.8456419921875 0.74789257421875 0.805152626953125 0.749533439453125 0.79246098046875 0.765839802734375 0.76508070703125 0.76902968359375 0.747431822265625 0.756547642578125 0.73157018359375 0.742904986328125 0.736784486328125 0.735270439453125 0.766178951171875 0.72874334375 0.80690845703125 0.71298259375 0.851144556640625 0.68755418359375 0.886634744140625 0.64922872265625 0.906352455078125 0.620744744140625 0.9131783984375 0.626003400390625 0.923632017578125 0.653141376953125 0.91863515234375 0.6812661484375 0.9142000234375 0.700248923828125 0.9055361796875 0.700608642578125 0.90314525390625
6 0.418734306640625 0.501138560546875 0.438455861328125 0.533844591796875 0.446228447265625 0.537868361328125 0.45831021875 0.52962441796875 0.424013462890625 0.45838824609375 0.377082060546875 0.40781286328125 0.3115511328125 0.349838216796875 0.271534673828125 0.324284888671875 0.266671787109375 0.348970568359375 0.3098915 0.38708895703125 0.373758998046875 0.43974034765625 0.418734306640625 0.501138560546875
7 0.75459803515625 0.202661115234375 0.771465568359375 0.189679744140625 0.77450565234375 0.170241419921875 0.76743381640625 0.152953396484375 0.75834872265625 0.1475018671875 0.743727283203125 0.15329434375 0.7384727421875 0.171189921875 0.727937498046875 0.190878150390625 0.70664248828125 0.230974421875 0.68956984765625 0.2856096015625 0.6851481875 0.3731265546875 0.705317033203125 0.476891470703125 0.7175470625 0.472278455078125 0.709926296875 0.4222218203125 0.701839791015625 0.362867169921875 0.706431716796875 0.297461896484375 0.717197337890625 0.252221087890625 0.72817349609375 0.22572671875 0.74183087109375 0.21007289453125 0.75459803515625 0.202661115234375
6 0.88042490234375 0.329390884765625 0.90885273828125 0.366951189453125 0.91571576171875 0.372895857421875 0.9255455546875 0.364094994140625 0.915255052734375 0.338766201171875 0.8885602265625 0.305513796875 0.859314884765625 0.286898568359375 0.815817427734375 0.279365546875 0.77947190234375 0.2823929921875 0.762098361328125 0.289441591796875 0.7654706640625 0.30885921484375 0.785556865234375 0.303918615234375 0.8302173203125 0.30449295703125 0.85853835546875 0.309881697265625 0.88042490234375 0.329390884765625
7 0.830278142578125 0 0.818222185546875 0.015642400390625 0.778540037109375 0.07152601171875 0.766164755859375 0.08139519921875 0.754770001953125 0.0958798984375 0.7557138671875 0.11095948046875 0.7598505703125 0.1261650234375 0.771967375 0.123589517578125 0.781793943359375 0.11024181640625 0.78787929296875 0.092058888671875 0.81573486328125 0.05075271484375 0.84679298046875 0.016003611328125 0.857455705078125 0 0.830278142578125 0
4 0.730601646484375 0.298862666015625 0.694596798828125 0.311877341796875 0.695818615234375 0.320265880859375 0.72595398046875 0.306469265625 0.754803669921875 0.294625220703125 0.774324759765625 0.287787509765625 0.79186162109375 0.28405993359375 0.7971485625 0.282264064453125 0.80659832421875 0.28227173828125 0.81161657421875 0.281877171875 0.820166541015625 0.284763533203125 0.82558278125 0.29335575 0.8292070078125 0.297961205078125 0.832791541015625 0.305934619140625 0.83459219921875 0.315295353515625 0.83648517578125 0.325979703125 0.839977392578125 0.332629501953125 0.842834533203125 0.33807009765625 0.847880923828125 0.34136512109375 0.853425708984375 0.34522630078125 0.855458271484375 0.344122173828125 0.855434103515625 0.34311916796875 0.8531236953125 0.340250736328125 0.844320365234375 0.3343938046875 0.84033045703125 0.327178646484375 0.837762712890625 0.318653056640625 0.836074060546875 0.30893247265625 0.83324847265625 0.294749833984375 0.814702279296875 0.277861759765625 0.797113109375 0.276896740234375 0.76249051953125 0.2886236640625 0.730601646484375 0.298862666015625
4 0.527823384765625 0.94155496875 0.499251521484375 0.951562224609375 0.500222244140625 0.958731888671875 0.549985875 0.93782771484375 0.571678099609375 0.9292827734375 0.5932468828125 0.92666524609375 0.6192560859375 0.928021525390625 0.6303110390625 0.930588423828125 0.652304744140625 0.945584107421875 0.65681590234375 0.95249346875 0.66120342578125 0.965329337890625 0.663320705078125 0.964879294921875 0.65723876953125 0.947977228515625 0.649252775390625 0.940331646484375 0.623318791015625 0.92371514453125 0.591717466796875 0.922072685546875 0.558276283203125 0.92868858984375 0.527823384765625 0.94155496875
4 0.35667222265625 1 0.361654162109375 0.988324595703125 0.378649029296875 0.957209369140625 0.387189638671875 0.938024630859375 0.388738126953125 0.93190506640625 0.3894035703125 0.92163108984375 0.387784552734375 0.91401421875 0.3854906796875 0.910882900390625 0.378680291015625 0.915226177734375 0.378698419921875 0.926802224609375 0.3797468671875 0.943225537109375 0.38128587109375 0.94425626171875 0.3777864140625 0.95131737109375 0.356308578125 0.99079650390625 0.35308478125 1 0.35667222265625 1
4 0.383757849609375 0.919559634765625 0.381947359375 0.92535340625 0.382691619140625 0.941419783203125 0.38514130859375 0.936476865234375 0.385852111328125 0.925506955078125 0.383757849609375 0.919559634765625
1 0.3832250546875 1 0.3841941875 0.99785674609375 0.382903208984375 0.991783173828125 0.380758388671875 0.98589109375 0.37635518359375 0.983653033203125 0.372726958984375 0.985058466796875 0.368146203125 0.992063 0.367949673828125 1 0.3832250546875 1
1 0.129591494140625 0.665847537109375 0.129354841796875 0.645911080078125 0.125866462890625 0.650371794921875 0.12735484375 0.6686468828125 0.12235253515625 0.66971015625 0.12119394921875 0.662210298828125 0.123495193359375 0.65048866015625 0.129496638671875 0.63875484765625 0.136785341796875 0.61667641796875 0.1347506015625 0.598904626953125 0.13203564453125 0.596382501953125 0.130683349609375 0.598219544921875 0.126886037109375 0.60290022265625 0.124056806640625 0.610086224609375 0.1182351796875 0.620619376953125 0.118319099609375 0.62408791015625 0.12773113671875 0.62634801953125 0.12876829296875 0.623028359375 0.120449486328125 0.619761548828125 0.124376427734375 0.614666150390625 0.128428517578125 0.60605873046875 0.13277269921875 0.600874646484375 0.133717927734375 0.605321595703125 0.13440908203125 0.613696083984375 0.131820736328125 0.625091583984375 0.1248328359375 0.639359005859375 0.121151259765625 0.65176120703125 0.11984664453125 0.6671445390625 0.12069028125 0.673162685546875 0.123224208984375 0.676884783203125 0.126456787109375 0.677746333984375 0.12848558203125 0.67499116796875 0.129591494140625 0.665847537109375
7 0.54258881640625 0.590088947265625 0.559532654296875 0.588569021484375 0.566850166015625 0.588575546875 0.57537334375 0.576353052734375 0.575943599609375 0.561137171875 0.56921007421875 0.5542410859375 0.561786171875 0.5537365390625 0.55262144921875 0.558807431640625 0.546013919921875 0.5648966875 0.54099421875 0.57845608984375 0.523049833984375 0.589036669921875 0.491310193359375 0.599426646484375 0.46079312109375 0.629336208984375 0.45132018359375 0.660497810546875 0.449162177734375 0.710925298828125 0.44304281640625 0.7372099296875 0.4331745625 0.740348763671875 0.43438308203125 0.751543046875 0.4457270234375 0.751213416015625 0.455134693359375 0.744529921875 0.458368341796875 0.730829515625 0.456059765625 0.68967971875 0.45720027734375 0.659247958984375 0.468155162109375 0.635058375 0.477729677734375 0.6236536875 0.5121500390625 0.603845923828125 0.54258881640625 0.590088947265625