7 0.29158195703125 0.373594173828125 0.307308228515625 0.388797078125 0.358117767578125 0.458700904296875 0.369693916015625 0.4781143671875 0.375019775390625 0.491672369140625 0.376389650390625 0.501288921875 0.37680151953125 0.531368828125 0.37627837109375 0.550597166015625 0.378733205078125 0.5571228046875 0.383123724609375 0.5598274140625 0.382684408203125 0.551787103515625 0.383623232421875 0.533065583984375 0.385888599609375 0.51816904296875 0.382176818359375 0.49156966796875 0.36972136328125 0.45607476953125 0.355987322265625 0.43182269921875 0.3419366484375 0.40762551953125 0.2986721875 0.360167318359375 0.262612724609375 0.32767422265625 0.25622818359375 0.317728078125 0.245894732421875 0.306846970703125 0.23507386328125 0.29541810546875 0.222242255859375 0.2947810546875 0.21811712109375 0.30652674609375 0.2220593828125 0.321487994140625 0.2289616328125 0.32548910546875 0.24553776171875 0.339962990234375 0.25609854296875 0.346218609375 0.27700351171875 0.35934909375 0.29158195703125 0.373594173828125
7 0.2949221328125 0.32595146875 0.27461058203125 0.277344716796875 0.265950740234375 0.241180548828125 0.266629478515625 0.217285783203125 0.262559078125 0.184951369140625 0.2595461875 0.17156563671875 0.24935826171875 0.160025166015625 0.239198759765625 0.1652953359375 0.237962994140625 0.182329828125 0.244323076171875 0.207302017578125 0.24840021875 0.21924303125 0.26334196484375 0.278172400390625 0.272652744140625 0.312482400390625 0.292527634765625 0.34770704296875 0.326097376953125 0.39177875 0.368195666015625 0.440022689453125 0.37299656640625 0.433957056640625 0.367670869140625 0.420399962890625 0.3264032578125 0.373168833984375 0.2949221328125 0.32595146875
5 0.308582609375 0.702136107421875 0.3157182578125 0.68741315625 0.3155036484375 0.6632509375 0.30862932421875 0.65138192578125 0.2994660859375 0.6536520390625 0.294813453125 0.666899177734375 0.293371701171875 0.679580150390625 0.29192959765625 0.692262125 0.29653067578125 0.70583980078125 0.304602013671875 0.7057244375 0.308582609375 0.702136107421875
7 0.40944559765625 0.668269892578125 0.423874404296875 0.67292019140625 0.43000261328125 0.665953908203125 0.4228769296875 0.644318130859375 0.4102043515625 0.630854904296875 0.39958764453125 0.624878986328125 0.389508552734375 0.624039595703125 0.388849314453125 0.6411614140625 0.395191974609375 0.6583564375 0.40944559765625 0.668269892578125
5 0.68898766796875 0.859916314453125 0.689563375 0.844948203125 0.684936478515625 0.831470041015625 0.677306849609375 0.817378044921875 0.67012900390625 0.809495451171875 0.6659034609375 0.816529591796875 0.66926502734375 0.83194675 0.67241233203125 0.84797239453125 0.677877552734375 0.860731091796875 0.686749087890625 0.8654568046875 0.68898766796875 0.859916314453125
5 0.434370875 0.282637673828125 0.441194083984375 0.287888158203125 0.452032232421875 0.29404316015625 0.4613142265625 0.2952299453125 0.464554212890625 0.286592587890625 0.462277974609375 0.273683400390625 0.4557143046875 0.26475794140625 0.44428484375 0.259109615234375 0.434481189453125 0.258821513671875 0.4305122578125 0.2671849921875 0.434370875 0.282637673828125
6 0.299951630859375 1 0.28040751953125 0.9517928046875 0.265691853515625 0.8964161171875 0.253235572265625 0.853850044921875 0.2422846953125 0.81982453515625 0.233583330078125 0.824294154296875 0.2493569609375 0.89269236328125 0.27052892578125 0.95426803125 0.28919404296875 1 0.299951630859375 1
2 0.466331943359375 0.7473523828125 0.4579689765625 0.73268265625 0.44961299609375 0.7297530390625 0.4473450859375 0.742628578125 0.448905021484375 0.758496921875 0.459580078125 0.7625332421875 0.466189673828125 0.76058553515625 0.466331943359375 0.7473523828125
6 0.61142350390625 0.603624880859375 0.591316486328125 0.566810841796875 0.560297107421875 0.517245212890625 0.5395061484375 0.506968849609375 0.54577365234375 0.530813126953125 0.58077080859375 0.581879337890625 0.620835234375 0.6570014609375 0.64690355859375 0.708907759765625 0.65779990234375 0.73560548828125 0.65952392578125 0.7734599140625 0.66853097265625 0.7777423984375 0.66899716015625 0.72188976953125 0.654272455078125 0.692199326171875 0.6375938828125 0.6584494609375 0.61142350390625 0.603624880859375
2 0.60056633984375 0.5591831875 0.596478751953125 0.55161598828125 0.590726859375 0.552630203125 0.587455734375 0.558103603515625 0.5872172421875 0.56756373828125 0.591703775390625 0.57619072265625 0.59816441015625 0.579195982421875 0.60303012890625 0.577961 0.60221723046875 0.570807369140625 0.60056633984375 0.5591831875
6 0.84894515234375 0.852041650390625 0.874322091796875 0.90939991015625 0.891199712890625 0.93779403125 0.8973675859375 0.93670646875 0.875613869140625 0.87825615625 0.856073875 0.8251470234375 0.834920869140625 0.782124935546875 0.8099696015625 0.748821162109375 0.80857979296875 0.770110939453125 0.84894515234375 0.852041650390625
6 1 0.753598359375 0.9801581484375 0.74972925 0.9389684375 0.725321138671875 0.89407816796875 0.7015664765625 0.897842224609375 0.72050802734375 0.928389640625 0.74226837109375 0.974488974609375 0.76807198828125 1 0.77515096484375 1 0.753598359375
4 0.2898618671875 0.329601365234375 0.280076744140625 0.3089027421875 0.271821181640625 0.289146345703125 0.262582921875 0.24835209375 0.24842907421875 0.17387940234375 0.244688759765625 0.173932484375 0.24394035546875 0.174511048828125 0.258447978515625 0.24423253515625 0.274101279296875 0.302077419921875 0.294125427734375 0.34218269921875 0.329360662109375 0.389302240234375 0.36606166015625 0.433133029296875 0.365479140625 0.425963220703125 0.341681662109375 0.399250900390625 0.3120511484375 0.36265784765625 0.301546109375 0.347540322265625 0.2898618671875 0.329601365234375
8 0.250697859375 0.323706080078125 0.249411625 0.32595244921875 0.250463103515625 0.3313218046875 0.25246330859375 0.33461524609375 0.255496712890625 0.336605779296875 0.2579448828125 0.3361741015625 0.25875576171875 0.3318227421875 0.2577003671875 0.32583730078125 0.257220583984375 0.323116314453125 0.255297287109375 0.3220526484375 0.253154818359375 0.322430423828125 0.250697859375 0.323706080078125
1 0.4229918203125 0.664099630859375 0.423297697265625 0.65916976953125 0.420966890625 0.6526156796875 0.405481078125 0.64698871875 0.40070048046875 0.633205763671875 0.3964253828125 0.63117373828125 0.39300625390625 0.631776623046875 0.392581234375 0.636030796875 0.39434491015625 0.6482556328125 0.40109328125 0.655424177734375 0.411237296875 0.664082185546875 0.4177918125 0.6657122890625 0.4229918203125 0.664099630859375
5 0.690241087890625 0.018278025390625 0.681596837890625 0.0127177578125 0.675522541015625 0.016513548828125 0.675589728515625 0.037755142578125 0.678607240234375 0.051392037109375 0.686953484375 0.0570048515625 0.687583736328125 0.053623669921875 0.692051759765625 0.0337627421875 0.690241087890625 0.018278025390625
1 0.68914955859375 0.02773531640625 0.6993021484375 0.0401131640625 0.707071966796875 0.04419353125 0.715005408203125 0.042249330078125 0.714570708984375 0.02761263671875 0.70863762890625 0.018304267578125 0.7010895859375 0.012005388671875 0.6951038671875 0.007611376953125 0.687409576171875 0.0056989765625 0.683637814453125 0.006908421875 0.682919498046875 0.01847931640625 0.68914955859375 0.02773531640625
7 0.746507220703125 0.120072517578125 0.767371259765625 0.148000658203125 0.824641173828125 0.285040564453125 0.828541294921875 0.281082818359375 0.8240507109375 0.257352078125 0.786021853515625 0.170325251953125 0.760705986328125 0.12410805078125 0.72435578515625 0.083106552734375 0.6791962890625 0.04951681640625 0.687561169921875 0.04654316796875 0.6918520390625 0.04306184375 0.696790697265625 0.034562162109375 0.688776697265625 0.025620716796875 0.67640130078125 0.026713130859375 0.66412367578125 0.03705219140625 0.67017190625 0.053969119140625 0.689545494140625 0.0734415 0.724289423828125 0.098377859375 0.746507220703125 0.120072517578125
7 0.671695626953125 0 0.671079998046875 0.022610955078125 0.67254112109375 0.0361132890625 0.679645103515625 0.04684928125 0.685538240234375 0.050715236328125 0.68971796875 0.048343212890625 0.6914972265625 0.0393099765625 0.691696435546875 0.030010962890625 0.68634914453125 0.00316123046875 0.7158128125 0.022488544921875 0.7694063828125 0.06044957421875 0.820790515625 0.1015249140625 0.831617625 0.12468367578125 0.83610872265625 0.148414328125 0.84200134765625 0.152280373046875 0.843314650390625 0.14060456640625 0.835549005859375 0.10873180078125 0.821078298828125 0.08403609765625 0.761592103515625 0.0422090234375 0.715750302734375 0.00996562890625 0.700012349609375 0 0.671695626953125 0