0 0.26484375 0.43515625 0.0265625 0.0375
0 0.23828125 0.57734375 0.0265625 0.0375
0 0.240625 0.85625 0.0265625 0.0375
0 0.19453125 0.84609375 0.0265625 0.0375
0 0.08359375 0.80625 0.0265625 0.0375
0 0.00546875 0.80546875 0.0109375 0.03359375
0 0.13515625 0.18984375 0.0265625 0.0375
0 0.31171875 0.22109375 0.0265625 0.04140625
0 0.2390625 0.17265625 0.0265625 0.0375
0 0.27421875 0.23515625 0.0265625 0.0375
0 0.2421875 0.375 0.0265625 0.0375
0 0.5375 0.978125 0.0265625 0.0375
0 0.6296875 0.609375 0.0265625 0.0375
0 0.48828125 0.86875 0.0265625 0.0375
0 0.84296875 0.85625 0.0265625 0.0375
0 0.83359375 0.98125 0.0265625 0.0375
0 0.84375 0.75390625 0.0265625 0.0375
0 0.828125 0.43671875 0.025 0.03984375
0 0.86484375 0.409375 0.025 0.03984375
0 0.6359375 0.234375 0.0265625 0.03359375
0 0.7578125 0.10546875 0.0265625 0.03359375
0 0.71015625 0.63515625 0.0265625 0.03359375
0 0.528125 0.59140625 0.0296875 0.03359375
0 0.46484375 0.43359375 0.0265625 0.03359375
0 0.8625 0.35625 0.028125 0.0375
0 0.940625 0.95390625 0.0234375 0.03515625
0 0.58828125 0.11875 0.0296875 0.05
0 0.6015625 0.20625 0.025 0.04609375
0 0.85625 0.22421875 0.0375 0.04375
0 0.490625 0.75234375 0.0421875 0.04375
0 0.92578125 0.53515625 0.0296875 0.03984375
0 0.14609375 0.96796875 0.0203125 0.03125
0 0.4859375 0.04453125 0.025 0.02734375
0 0.50703125 0.02265625 0.0296875 0.03125
0 0.3578125 0.059375 0.0234375 0.02734375
1 0.57109375 0.13359375 0.0890625 0.1125
1 0.3203125 0.21015625 0.103125 0.09609375