0 0.26484375 0.56484375 0.0265625 0.0375
0 0.23828125 0.42265625 0.0265625 0.0375
0 0.24140625 0.14375 0.0265625 0.0375
0 0.19453125 0.15390625 0.0265625 0.0375
0 0.08359375 0.19375 0.0265625 0.0375
0 0.00546875 0.19609375 0.0109375 0.03359375
0 0.13515625 0.81015625 0.0265625 0.0375
0 0.31328125 0.77421875 0.0265625 0.04140625
0 0.2390625 0.828125 0.0265625 0.0375
0 0.275 0.765625 0.0265625 0.0375
0 0.24375 0.62578125 0.0265625 0.0375
0 0.5375 0.021875 0.0265625 0.0375
0 0.6296875 0.39140625 0.0265625 0.0375
0 0.48828125 0.13125 0.0265625 0.0375
0 0.84296875 0.14375 0.0265625 0.0375
0 0.83359375 0.01875 0.0265625 0.0375
0 0.84375 0.24609375 0.0265625 0.0375
0 0.828125 0.56328125 0.025 0.03984375
0 0.86484375 0.590625 0.025 0.03984375
0 0.6375 0.76640625 0.0265625 0.03359375
0 0.75859375 0.89609375 0.0265625 0.03359375
0 0.71015625 0.36484375 0.0265625 0.03359375
0 0.52890625 0.409375 0.0296875 0.03359375
0 0.465625 0.56796875 0.0265625 0.03359375
0 0.8578125 0.59765625 0.028125 0.0375
0 0.94140625 0.04921875 0.0234375 0.03515625
0 0.58828125 0.88125 0.0296875 0.05
0 0.6015625 0.79375 0.025 0.04609375
0 0.85625 0.77578125 0.0375 0.04375
0 0.49140625 0.24921875 0.0421875 0.04375
0 0.94140625 0.47734375 0.0296875 0.03984375
0 0.1453125 0.02109375 0.0203125 0.03125
0 0.4859375 0.95546875 0.025 0.02734375
0 0.50703125 0.978125 0.0296875 0.03125
0 0.35859375 0.94140625 0.0234375 0.02734375
1 0.57109375 0.86640625 0.0890625 0.1125
1 0.3203125 0.78984375 0.103125 0.09609375