0 0.26796875 0.43203125 0.0265625 0.0375
0 0.23828125 0.57734375 0.0265625 0.0375
0 0.2421875 0.85625 0.0265625 0.0375
0 0.19453125 0.84609375 0.0265625 0.0375
0 0.08359375 0.80625 0.0265625 0.0375
0 0.0203125 0.74921875 0.0265625 0.0375
0 0.13515625 0.18984375 0.0265625 0.0375
0 0.2265625 0.18984375 0.0265625 0.04140625
0 0.26171875 0.12890625 0.0265625 0.0375
0 0.2828125 0.21953125 0.0265625 0.0375
0 0.29140625 0.32890625 0.0265625 0.0375
0 0.1671875 0.53984375 0.028125 0.04609375
0 0.5484375 0.94375 0.0265625 0.0375
0 0.63828125 0.578125 0.0265625 0.0375
0 0.48828125 0.86875 0.0265625 0.0375
0 0.8453125 0.84921875 0.0265625 0.0375
0 0.8359375 0.97421875 0.0265625 0.0375
0 0.85234375 0.75234375 0.0265625 0.0375
0 0.828125 0.43671875 0.025 0.03984375
0 0.8671875 0.409375 0.025 0.03984375
0 0.6640625 0.17265625 0.0265625 0.03359375
0 0.77265625 0.078125 0.0265625 0.03359375
0 0.71015625 0.63515625 0.0265625 0.03359375
0 0.5796875 0.51640625 0.0265625 0.03359375
0 0.49140625 0.40546875 0.0265625 0.03359375
0 0.0078125 0.2875 0.015625 0.03359375
0 0.42421875 0.42578125 0.028125 0.0375
0 0.76328125 0.253125 0.0265625 0.03359375
0 0.98125 0.83203125 0.0203125 0.03515625
0 0.82109375 0.975 0.0328125 0.04140625
0 0.58828125 0.11875 0.0296875 0.05
0 0.6015625 0.20625 0.025 0.04609375
0 0.06796875 0.20234375 0.0359375 0.04609375
0 0.85625 0.22421875 0.0375 0.04375
0 0.50078125 0.73671875 0.0421875 0.04375
0 0.5 0.01953125 0.025 0.02734375
0 0.31953125 0.10546875 0.028125 0.0375
0 0.521875 0.01015625 0.0296875 0.01875
0 0.37421875 0.01015625 0.0234375 0.0203125
1 0.57109375 0.13359375 0.0890625 0.1125
1 0.3203125 0.21015625 0.103125 0.09609375