0 0.734375 0.565625 0.0265625 0.0375
0 0.76171875 0.42265625 0.0265625 0.0375
0 0.7578125 0.14375 0.0265625 0.0375
0 0.80546875 0.15390625 0.0265625 0.0375
0 0.91640625 0.19375 0.0265625 0.0375
0 0.98203125 0.24375 0.0265625 0.0375
0 0.86484375 0.81015625 0.0265625 0.0375
0 0.7515625 0.80625 0.0265625 0.04140625
0 0.7453125 0.86171875 0.0265625 0.0375
0 0.71796875 0.77890625 0.0265625 0.0375
0 0.7171875 0.659375 0.0265625 0.0375
0 0.86875 0.47109375 0.028125 0.05
0 0.4609375 0.0375 0.0265625 0.0375
0 0.365625 0.41171875 0.0265625 0.0375
0 0.51171875 0.13125 0.0265625 0.0375
0 0.15546875 0.14765625 0.0265625 0.0375
0 0.16484375 0.02265625 0.0265625 0.0375
0 0.1484375 0.246875 0.0265625 0.0375
0 0.171875 0.56328125 0.025 0.03984375
0 0.13359375 0.590625 0.025 0.03984375
0 0.3375 0.81953125 0.0265625 0.03359375
0 0.2296875 0.91796875 0.0265625 0.03359375
0 0.28984375 0.36484375 0.0265625 0.03359375
0 0.428125 0.47109375 0.028125 0.03359375
0 0.5140625 0.59375 0.0265625 0.03359375
0 0.99453125 0.69453125 0.0109375 0.03515625
0 0.4921875 0.55234375 0.028125 0.0375
0 0.27265625 0.88671875 0.0265625 0.03359375
0 0.0234375 0.14921875 0.0234375 0.03515625
0 0.41171875 0.88125 0.0296875 0.05
0 0.3984375 0.79375 0.025 0.04609375
0 0.98515625 0.96171875 0.0296875 0.03984375
0 0.14375 0.77578125 0.0375 0.04375
0 0.01328125 0.703125 0.01875 0.0375
0 0.5015625 0.25859375 0.0421875 0.04375
0 0.49765625 0.97734375 0.025 0.02734375
0 0.78515625 0.71328125 0.028125 0.0375
0 0.4828125 0.9875 0.0296875 0.01875
0 0.63046875 0.98125 0.0234375 0.025
1 0.42890625 0.86640625 0.0890625 0.1125
1 0.6796875 0.78984375 0.103125 0.09609375