0 0.27265625 0.42421875 0.0265625 0.0375
0 0.23828125 0.57734375 0.0265625 0.0375
0 0.24296875 0.85625 0.0265625 0.0375
0 0.19453125 0.84609375 0.0265625 0.0375
0 0.08359375 0.80625 0.0265625 0.0375
0 0.02578125 0.73203125 0.0265625 0.0375
0 0.13515625 0.18984375 0.0265625 0.0375
0 0.21640625 0.18046875 0.0265625 0.0375
0 0.28828125 0.11015625 0.0265625 0.0375
0 0.28359375 0.21875 0.0265625 0.0375
0 0.3109375 0.31171875 0.0265625 0.0375
0 0.33046875 0.37890625 0.0265625 0.04140625
0 0.5703125 0.89375 0.0265625 0.0375
0 0.64140625 0.56875 0.0265625 0.0375
0 0.48828125 0.86875 0.0265625 0.0375
0 0.84296875 0.83515625 0.0234375 0.0375
0 0.846875 0.84375 0.0265625 0.0375
0 0.8375 0.96875 0.0265625 0.0375
0 0.85390625 0.75 0.0265625 0.0375
0 0.828125 0.43671875 0.025 0.03984375
0 0.86796875 0.409375 0.025 0.03984375
0 0.59140625 0.05390625 0.0234375 0.02890625
0 0.66953125 0.14921875 0.0265625 0.03359375
0 0.771875 0.06953125 0.0265625 0.03359375
0 0.71015625 0.63515625 0.0265625 0.03359375
0 0.590625 0.49453125 0.0265625 0.03359375
0 0.49765625 0.390625 0.0265625 0.03359375
0 0.01328125 0.25 0.0265625 0.03359375
0 0.2453125 0.35078125 0.028125 0.0375
0 0.7625 0.58984375 0.0265625 0.03359375
0 0.99375 0.778125 0.0125 0.03515625
0 0.68125 0.5875 0.025 0.04140625
0 0.58828125 0.11875 0.0296875 0.05
0 0.6015625 0.20625 0.025 0.04609375
0 0.246875 0.49375 0.0359375 0.04609375
0 0.17734375 0.425 0.0328125 0.0375
0 0.85625 0.22421875 0.0375 0.04375
0 0.5078125 0.72578125 0.0421875 0.04375
1 0.57109375 0.13359375 0.0890625 0.1125
1 0.3203125 0.21015625 0.103125 0.09609375