0 0.7296875 0.56953125 0.0265625 0.0375
0 0.76171875 0.42265625 0.0265625 0.0375
0 0.75703125 0.14375 0.0265625 0.0375
0 0.80546875 0.15390625 0.0265625 0.0375
0 0.91640625 0.19375 0.0265625 0.0375
0 0.978125 0.25703125 0.0265625 0.0375
0 0.86484375 0.81015625 0.0265625 0.0375
0 0.77890625 0.81875 0.0265625 0.04140625
0 0.73046875 0.878125 0.0265625 0.0375
0 0.7171875 0.78046875 0.0265625 0.0375
0 0.703125 0.678125 0.0265625 0.0375
0 0.77265625 0.53515625 0.028125 0.04609375
0 0.44453125 0.071875 0.0265625 0.0375
0 0.36171875 0.42578125 0.0265625 0.0375
0 0.51171875 0.13125 0.0265625 0.0375
0 0.15390625 0.153125 0.0265625 0.0375
0 0.16328125 0.028125 0.0265625 0.0375
0 0.146875 0.24921875 0.0265625 0.0375
0 0.171875 0.56328125 0.025 0.03984375
0 0.1328125 0.590625 0.025 0.03984375
0 0.334375 0.83515625 0.0265625 0.03359375
0 0.22578125 0.92578125 0.0265625 0.03359375
0 0.28984375 0.36484375 0.0265625 0.03359375
0 0.41640625 0.49296875 0.0265625 0.03359375
0 0.50390625 0.59609375 0.0265625 0.03359375
0 0.9890625 0.72421875 0.021875 0.03359375
0 0.63046875 0.55859375 0.028125 0.0375
0 0.22890625 0.6125 0.0265625 0.03359375
0 0.01328125 0.18359375 0.0171875 0.03515625
0 0.22109375 0.16640625 0.0296875 0.04140625
0 0.41171875 0.88125 0.0296875 0.05
0 0.3984375 0.79375 0.025 0.04609375
0 0.8453125 0.67890625 0.0359375 0.04609375
0 0.14375 0.77578125 0.0375 0.04375
0 0.496875 0.26640625 0.0421875 0.04375
0 0.6703125 0.93203125 0.0234375 0.02890625
0 0.50234375 0.98203125 0.025 0.02734375
0 0.5546875 0.99296875 0.028125 0.0140625
0 0.47421875 0.990625 0.0296875 0.01875
1 0.42890625 0.86640625 0.0890625 0.1125
1 0.6796875 0.78984375 0.103125 0.09609375