0 0.26484375 0.56484375 0.0265625 0.0375
0 0.23828125 0.42265625 0.0265625 0.0375
0 0.240625 0.14375 0.0265625 0.0375
0 0.19453125 0.15390625 0.0265625 0.0375
0 0.08359375 0.19375 0.0265625 0.0375
0 0.13515625 0.81015625 0.0265625 0.0375
0 0.29765625 0.790625 0.0265625 0.04140625
0 0.2265625 0.82734375 0.0265625 0.0375
0 0.26953125 0.753125 0.0265625 0.0375
0 0.2328125 0.61640625 0.0265625 0.0375
0 0.5390625 0.01953125 0.0265625 0.0375
0 0.63125 0.38828125 0.0265625 0.0375
0 0.48828125 0.13125 0.0265625 0.0375
0 0.84296875 0.14375 0.0265625 0.0375
0 0.83359375 0.01875 0.0265625 0.0375
0 0.8390625 0.24609375 0.0265625 0.0375
0 0.828125 0.56328125 0.025 0.03984375
0 0.8640625 0.590625 0.025 0.03984375
0 0.63046875 0.76328125 0.0265625 0.03359375
0 0.7546875 0.88515625 0.0265625 0.03359375
0 0.71015625 0.36484375 0.0265625 0.03359375
0 0.51640625 0.39921875 0.0296875 0.03359375
0 0.4609375 0.55 0.0265625 0.03359375
0 0.92109375 0.01796875 0.0234375 0.03515625
0 0.58828125 0.88125 0.0296875 0.05
0 0.6015625 0.79375 0.025 0.04609375
0 0.85625 0.77578125 0.0375 0.04375
0 0.4890625 0.24609375 0.0421875 0.04375
0 0.86640625 0.25859375 0.0296875 0.03984375
0 0.153125 0.09765625 0.025 0.03984375
0 0.10703125 0.06875 0.03125 0.03984375
0 0.484375 0.953125 0.025 0.02734375
0 0.50859375 0.975 0.0296875 0.03125
0 0.35703125 0.93671875 0.0234375 0.02734375
0 0.74140625 0.92109375 0.0296875 0.03359375
0 0.984375 0.98125 0.021875 0.025
1 0.57109375 0.86640625 0.0890625 0.1125
1 0.3203125 0.78984375 0.103125 0.09609375