0 0.725 0.415625 0.0265625 0.0375
0 0.76171875 0.58125 0.0265625 0.0375
0 0.7546875 0.85 0.0265625 0.0375
0 0.80546875 0.84609375 0.0265625 0.0375
0 0.91640625 0.80625 0.0265625 0.0375
0 0.97109375 0.728125 0.0265625 0.0375
0 0.86484375 0.18984375 0.0265625 0.0375
0 0.7984375 0.13203125 0.0265625 0.0375
0 0.6921875 0.09765625 0.0265625 0.0375
0 0.71484375 0.21640625 0.0265625 0.0375
0 0.6859375 0.30625 0.0265625 0.0375
0 0.58125 0.16328125 0.0265625 0.04140625
0 0.41796875 0.878125 0.0265625 0.0375
0 0.35390625 0.56484375 0.0265625 0.0375
0 0.51171875 0.86875 0.0265625 0.0375
0 0.45234375 0.78515625 0.0265625 0.0375
0 0.1515625 0.83828125 0.0265625 0.0375
0 0.1609375 0.96328125 0.0265625 0.0375
0 0.14453125 0.74765625 0.0265625 0.0375
0 0.07578125 0.70390625 0.0265625 0.0375
0 0.171875 0.43671875 0.025 0.03984375
0 0.13125 0.409375 0.025 0.03984375
0 0.296875 0.165625 0.0234375 0.03515625
0 0.32734375 0.134375 0.0265625 0.03359375
0 0.2296875 0.06484375 0.0265625 0.03359375
0 0.2875 0.63828125 0.0265625 0.03359375
0 0.4109375 0.48359375 0.0265625 0.03359375
0 0.5 0.38515625 0.0265625 0.03359375
0 0.884375 0.5125 0.0296875 0.0375
0 0.98203125 0.21875 0.0265625 0.03359375
0 0.9265625 0.26171875 0.028125 0.0375
0 0.25859375 0.80078125 0.0265625 0.03359375
0 0.01171875 0.77109375 0.0234375 0.03359375
0 0.40078125 0.29140625 0.025 0.03515625
0 0.41171875 0.11875 0.0296875 0.05
0 0.3984375 0.20625 0.025 0.04609375
0 0.64453125 0.72109375 0.0390625 0.04140625
0 0.31875 0.61953125 0.028125 0.03515625
0 0.14375 0.22421875 0.0375 0.04375
0 0.48671875 0.71875 0.0421875 0.04375