0 0.27578125 0.5875 0.0265625 0.0375
0 0.23828125 0.41640625 0.0265625 0.0375
0 0.24609375 0.15234375 0.0265625 0.0375
0 0.19453125 0.15390625 0.0265625 0.0375
0 0.08359375 0.19375 0.0265625 0.0375
0 0.03046875 0.27265625 0.0265625 0.0375
0 0.13515625 0.81015625 0.0265625 0.0375
0 0.190625 0.89609375 0.0265625 0.0375
0 0.3140625 0.90625 0.0265625 0.0375
0 0.28515625 0.78359375 0.0265625 0.0375
0 0.31484375 0.69609375 0.0265625 0.0375
0 0.46484375 0.89453125 0.0265625 0.0375
0 0.58671875 0.12734375 0.0265625 0.0375
0 0.64765625 0.4375 0.0265625 0.0375
0 0.48828125 0.13125 0.0265625 0.0375
0 0.4265625 0.24921875 0.0265625 0.0375
0 0.84921875 0.1625 0.0265625 0.0375
0 0.83984375 0.0375 0.0265625 0.0375
0 0.85546875 0.25234375 0.0265625 0.0375
0 0.87734375 0.37890625 0.0265625 0.0375
0 0.828125 0.56328125 0.025 0.03984375
0 0.86875 0.590625 0.025 0.03984375
0 0.67265625 0.80390625 0.0234375 0.03359375
0 0.67421875 0.87109375 0.0265625 0.03359375
0 0.72421875 0.88046875 0.0265625 0.03359375
0 0.76953125 0.9375 0.0265625 0.03359375
0 0.71328125 0.36015625 0.0265625 0.03359375
0 0.58828125 0.52109375 0.0265625 0.03359375
0 0.50078125 0.61640625 0.0265625 0.03359375
0 0.20625 0.35234375 0.0265625 0.03359375
0 0.01484375 0.78515625 0.0265625 0.03359375
0 0.03046875 0.79453125 0.0265625 0.03359375
0 0.7453125 0.03515625 0.0265625 0.03359375
0 0.6859375 0.04375 0.0265625 0.03359375
0 0.73359375 0.14140625 0.0265625 0.03359375
0 0.98671875 0.23125 0.0265625 0.03359375
0 0.5609375 0.7875 0.025 0.03515625
0 0.58828125 0.88125 0.0296875 0.05
0 0.6015625 0.79375 0.025 0.04609375
0 0.39921875 0.221875 0.0328125 0.03515625
0 0.815625 0.29140625 0.028125 0.03359375
0 0.85625 0.77578125 0.0375 0.04375
0 0.51484375 0.284375 0.0421875 0.04375