0 0.73515625 0.56484375 0.0265625 0.0375
0 0.76171875 0.42265625 0.0265625 0.0375
0 0.7578125 0.14375 0.0265625 0.0375
0 0.80546875 0.15390625 0.0265625 0.0375
0 0.91640625 0.19375 0.0265625 0.0375
0 0.98515625 0.23359375 0.0265625 0.0375
0 0.86484375 0.81015625 0.0265625 0.0375
0 0.71171875 0.75859375 0.0265625 0.04140625
0 0.75390625 0.84921875 0.0265625 0.0375
0 0.71875 0.778125 0.0265625 0.0375
0 0.72734375 0.64453125 0.0265625 0.0375
0 0.96875 0.42265625 0.028125 0.05
0 0.465625 0.02578125 0.0265625 0.0375
0 0.371875 0.396875 0.0265625 0.0375
0 0.51171875 0.13125 0.0265625 0.0375
0 0.15703125 0.14453125 0.0265625 0.0375
0 0.16640625 0.01953125 0.0265625 0.0375
0 0.14921875 0.24609375 0.0265625 0.0375
0 0.171875 0.56328125 0.025 0.03984375
0 0.13359375 0.590625 0.025 0.03984375
0 0.33984375 0.81171875 0.0265625 0.03359375
0 0.2328125 0.91015625 0.0265625 0.03359375
0 0.28984375 0.36484375 0.0265625 0.03359375
0 0.43984375 0.45546875 0.0296875 0.03359375
0 0.52109375 0.58828125 0.0265625 0.03359375
0 0.346875 0.44765625 0.028125 0.0375
0 0.39609375 0.94140625 0.0265625 0.03359375
0 0.02890625 0.12578125 0.0234375 0.03515625
0 0.41171875 0.88125 0.0296875 0.05
0 0.3984375 0.79375 0.025 0.04609375
0 0.14375 0.77578125 0.0375 0.04375
0 0.11328125 0.784375 0.0328125 0.04375
0 0.5046875 0.25390625 0.0421875 0.04375
0 0.49453125 0.97265625 0.025 0.02734375
0 0.98515625 0.72578125 0.0296875 0.03984375
0 0.4890625 0.98515625 0.0296875 0.01875
0 0.634375 0.96953125 0.0234375 0.02734375
1 0.42890625 0.86640625 0.0890625 0.1125
1 0.6796875 0.78984375 0.103125 0.09609375