0 0.725 0.41328125 0.0265625 0.0375
0 0.76171875 0.58203125 0.0265625 0.0375
0 0.7546875 0.84921875 0.0265625 0.0375
0 0.80546875 0.84609375 0.0265625 0.0375
0 0.91640625 0.80625 0.0265625 0.0375
0 0.9703125 0.728125 0.0265625 0.0375
0 0.86484375 0.18984375 0.0265625 0.0375
0 0.80703125 0.11875 0.0265625 0.0375
0 0.6890625 0.09609375 0.0265625 0.0375
0 0.71484375 0.21640625 0.0265625 0.0375
0 0.6859375 0.30546875 0.0265625 0.0375
0 0.5640625 0.12578125 0.0265625 0.04140625
0 0.415625 0.87578125 0.0265625 0.0375
0 0.353125 0.56328125 0.0265625 0.0375
0 0.51171875 0.86875 0.0265625 0.0375
0 0.51640625 0.78828125 0.0265625 0.0375
0 0.15078125 0.83828125 0.0265625 0.0375
0 0.16015625 0.96328125 0.0265625 0.0375
0 0.14453125 0.74765625 0.0265625 0.0375
0 0.096875 0.64453125 0.0265625 0.0375
0 0.171875 0.43671875 0.025 0.03984375
0 0.13125 0.409375 0.025 0.03984375
0 0.33671875 0.18125 0.0234375 0.03359375
0 0.3265625 0.13125 0.0265625 0.03359375
0 0.24140625 0.05859375 0.0265625 0.03359375
0 0.23046875 0.06328125 0.0265625 0.03359375
0 0.2875 0.63828125 0.0265625 0.03359375
0 0.4109375 0.48125 0.0265625 0.03359375
0 0.5 0.384375 0.0265625 0.03359375
0 0.82109375 0.57421875 0.0265625 0.03359375
0 0.98359375 0.21640625 0.0265625 0.03359375
0 0.92890625 0.20859375 0.0265625 0.03359375
0 0.34921875 0.9828125 0.0265625 0.034375
0 0.24765625 0.85625 0.0265625 0.03359375
0 0.0125 0.76953125 0.025 0.03359375
0 0.4234375 0.25078125 0.025 0.03515625
0 0.41171875 0.11875 0.0296875 0.05
0 0.3984375 0.20625 0.025 0.04609375
0 0.6203125 0.734375 0.0390625 0.04140625
0 0.2359375 0.60546875 0.028125 0.03515625
0 0.14375 0.22421875 0.0375 0.04375
0 0.4859375 0.71640625 0.0421875 0.04375