0 0.26484375 0.56484375 0.0265625 0.0375
0 0.23828125 0.42265625 0.0265625 0.0375
0 0.24140625 0.14375 0.0265625 0.0375
0 0.19453125 0.15390625 0.0265625 0.0375
0 0.08359375 0.19375 0.0265625 0.0375
0 0.01328125 0.22890625 0.0265625 0.0375
0 0.13515625 0.81015625 0.0265625 0.0375
0 0.3015625 0.75234375 0.0265625 0.04140625
0 0.24453125 0.84609375 0.0265625 0.0375
0 0.28125 0.778125 0.0265625 0.0375
0 0.26953125 0.63984375 0.0265625 0.0375
0 0.534375 0.02578125 0.0265625 0.0375
0 0.62734375 0.39453125 0.0265625 0.0375
0 0.48828125 0.13125 0.0265625 0.0375
0 0.84296875 0.14375 0.0265625 0.0375
0 0.83359375 0.01875 0.0265625 0.0375
0 0.85078125 0.24609375 0.0265625 0.0375
0 0.828125 0.56328125 0.025 0.03984375
0 0.865625 0.590625 0.025 0.03984375
0 0.659375 0.80234375 0.0265625 0.03359375
0 0.765625 0.90859375 0.0265625 0.03359375
0 0.71015625 0.36484375 0.0265625 0.03359375
0 0.55625 0.44765625 0.0296875 0.03359375
0 0.4765625 0.58515625 0.0265625 0.03359375
0 0.66640625 0.49609375 0.028125 0.0375
0 0.54765625 0.98046875 0.0203125 0.02734375
0 0.9640625 0.115625 0.0234375 0.03515625
0 0.58828125 0.88125 0.0296875 0.05
0 0.6015625 0.79375 0.025 0.04609375
0 0.85625 0.77578125 0.0375 0.04375
0 0.87265625 0.86484375 0.0328125 0.0375
0 0.49453125 0.253125 0.0421875 0.04375
0 0.50234375 0.96953125 0.025 0.02734375
0 0.50859375 0.984375 0.0296875 0.01875
0 0.36484375 0.96484375 0.0234375 0.02734375
1 0.57109375 0.86640625 0.0890625 0.1125
1 0.3203125 0.78984375 0.103125 0.09609375