0 0.72734375 0.42265625 0.0265625 0.0375
0 0.76171875 0.57734375 0.0265625 0.0375
0 0.75703125 0.85625 0.0265625 0.0375
0 0.80546875 0.84609375 0.0265625 0.0375
0 0.91640625 0.80625 0.0265625 0.0375
0 0.97421875 0.73125 0.0265625 0.0375
0 0.86484375 0.18984375 0.0265625 0.0375
0 0.78203125 0.16875 0.0265625 0.0375
0 0.709375 0.10859375 0.0265625 0.0375
0 0.715625 0.21796875 0.0265625 0.0375
0 0.68828125 0.31015625 0.0265625 0.0375
0 0.64609375 0.36640625 0.0265625 0.04140625
0 0.428125 0.890625 0.0265625 0.0375
0 0.3578125 0.56875 0.0265625 0.0375
0 0.51171875 0.86875 0.0265625 0.0375
0 0.20078125 0.82109375 0.0234375 0.0375
0 0.15234375 0.84296875 0.0265625 0.0375
0 0.16171875 0.96796875 0.0265625 0.0375
0 0.14609375 0.75 0.0265625 0.0375
0 0.171875 0.43671875 0.025 0.03984375
0 0.13203125 0.409375 0.025 0.03984375
0 0.38515625 0.05625 0.0234375 0.03359375
0 0.33046875 0.146875 0.0265625 0.03359375
0 0.228125 0.06875 0.0265625 0.03359375
0 0.28984375 0.63515625 0.0265625 0.03359375
0 0.40859375 0.49296875 0.0265625 0.03359375
0 0.50234375 0.38984375 0.0265625 0.03359375
0 0.9859375 0.24609375 0.0265625 0.03359375
0 0.78203125 0.33125 0.028125 0.0375
0 0.2359375 0.615625 0.0265625 0.03359375
0 0.00703125 0.77734375 0.0140625 0.03515625
0 0.3484375 0.54609375 0.025 0.04140625
0 0.41171875 0.11875 0.0296875 0.05
0 0.3984375 0.20625 0.025 0.04609375
0 0.74921875 0.51015625 0.0359375 0.04609375
0 0.73828125 0.47265625 0.0328125 0.0375
0 0.14375 0.22421875 0.0375 0.04375
0 0.49140625 0.725 0.0421875 0.04375
1 0.42890625 0.13359375 0.0890625 0.1125
1 0.6796875 0.21015625 0.103125 0.09609375