0 0.27265625 0.42421875 0.0265625 0.0375
0 0.23828125 0.57734375 0.0265625 0.0375
0 0.24296875 0.85625 0.0265625 0.0375
0 0.19453125 0.84609375 0.0265625 0.0375
0 0.08359375 0.80625 0.0265625 0.0375
0 0.025 0.73359375 0.0265625 0.0375
0 0.13515625 0.18984375 0.0265625 0.0375
0 0.21953125 0.18046875 0.0265625 0.0375
0 0.2859375 0.11171875 0.0265625 0.0375
0 0.28359375 0.21875 0.0265625 0.0375
0 0.30859375 0.3125 0.0265625 0.0375
0 0.31171875 0.37734375 0.0265625 0.04140625
0 0.56953125 0.89765625 0.0265625 0.0375
0 0.64140625 0.56953125 0.0265625 0.0375
0 0.48828125 0.86875 0.0265625 0.0375
0 0.8671875 0.87421875 0.0234375 0.0375
0 0.846875 0.84375 0.0265625 0.0375
0 0.8375 0.96875 0.0265625 0.0375
0 0.85390625 0.75 0.0265625 0.0375
0 0.828125 0.43671875 0.025 0.03984375
0 0.86796875 0.409375 0.025 0.03984375
0 0.66875 0.15078125 0.0265625 0.03359375
0 0.77265625 0.06953125 0.0265625 0.03359375
0 0.71015625 0.63515625 0.0265625 0.03359375
0 0.58984375 0.49609375 0.0265625 0.03359375
0 0.49765625 0.39296875 0.0265625 0.03359375
0 0.01328125 0.253125 0.0265625 0.03359375
0 0.2609375 0.39453125 0.028125 0.0375
0 0.77109375 0.57578125 0.0265625 0.03359375
0 0.99296875 0.784375 0.0125 0.03515625
0 0.6828125 0.61328125 0.028125 0.0375
0 0.58828125 0.11875 0.0296875 0.05
0 0.6015625 0.20625 0.025 0.04609375
0 0.24921875 0.46640625 0.0359375 0.04609375
0 0.1421875 0.378125 0.0328125 0.0375
0 0.85625 0.22421875 0.0375 0.04375
0 0.50703125 0.72734375 0.0421875 0.04375
1 0.57109375 0.13359375 0.0890625 0.1125
1 0.3203125 0.21015625 0.103125 0.09609375