0 0.265625 0.565625 0.0265625 0.0375
0 0.23828125 0.42265625 0.0265625 0.0375
0 0.2421875 0.14375 0.0265625 0.0375
0 0.19453125 0.15390625 0.0265625 0.0375
0 0.08359375 0.19375 0.0265625 0.0375
0 0.01796875 0.24375 0.0265625 0.0375
0 0.13515625 0.81015625 0.0265625 0.0375
0 0.2453125 0.81015625 0.0265625 0.04140625
0 0.25546875 0.8625 0.0265625 0.0375
0 0.28203125 0.77890625 0.0265625 0.0375
0 0.28359375 0.66015625 0.0265625 0.0375
0 0.134375 0.46796875 0.028125 0.05
0 0.540625 0.03984375 0.0265625 0.0375
0 0.63515625 0.4125 0.0265625 0.0375
0 0.48828125 0.13125 0.0265625 0.0375
0 0.84453125 0.14921875 0.0265625 0.0375
0 0.83515625 0.02421875 0.0265625 0.0375
0 0.85234375 0.24765625 0.0265625 0.0375
0 0.828125 0.56328125 0.025 0.03984375
0 0.86640625 0.590625 0.025 0.03984375
0 0.6625 0.82109375 0.0265625 0.03359375
0 0.7703125 0.91796875 0.0265625 0.03359375
0 0.71015625 0.36484375 0.0265625 0.03359375
0 0.57265625 0.471875 0.028125 0.03359375
0 0.48671875 0.59453125 0.0265625 0.03359375
0 0.00546875 0.69453125 0.0109375 0.03515625
0 0.5125 0.52734375 0.028125 0.0375
0 0.71953125 0.86015625 0.0265625 0.03359375
0 0.9765625 0.15078125 0.0234375 0.03515625
0 0.58828125 0.88125 0.0296875 0.05
0 0.6015625 0.79375 0.025 0.04609375
0 0.04375 0.95390625 0.0296875 0.03984375
0 0.85625 0.77578125 0.0375 0.04375
0 0.9921875 0.675 0.0125 0.0375
0 0.4984375 0.259375 0.0421875 0.04375
0 0.50234375 0.97734375 0.025 0.02734375
0 0.25 0.71484375 0.028125 0.0375
0 0.51796875 0.9875 0.0296875 0.01875
0 0.3703125 0.98203125 0.0234375 0.025
1 0.57109375 0.86640625 0.0890625 0.1125
1 0.3203125 0.78984375 0.103125 0.09609375