0 0.26875 0.56875 0.0265625 0.0375
0 0.23828125 0.42265625 0.0265625 0.0375
0 0.2421875 0.14375 0.0265625 0.0375
0 0.19453125 0.15390625 0.0265625 0.0375
0 0.08359375 0.19375 0.0265625 0.0375
0 0.02109375 0.253125 0.0265625 0.0375
0 0.13515625 0.81015625 0.0265625 0.0375
0 0.22421875 0.82265625 0.0265625 0.04140625
0 0.2640625 0.87421875 0.0265625 0.0375
0 0.2828125 0.78046875 0.0265625 0.0375
0 0.29296875 0.67265625 0.0265625 0.0375
0 0.2046875 0.4875 0.028125 0.04609375
0 0.5515625 0.0625 0.0265625 0.0375
0 0.63828125 0.42265625 0.0265625 0.0375
0 0.48828125 0.13125 0.0265625 0.0375
0 0.8453125 0.15078125 0.0265625 0.0375
0 0.8359375 0.02578125 0.0265625 0.0375
0 0.85234375 0.24765625 0.0265625 0.0375
0 0.828125 0.56328125 0.025 0.03984375
0 0.8671875 0.590625 0.025 0.03984375
0 0.66484375 0.83046875 0.0265625 0.03359375
0 0.7734375 0.92421875 0.0265625 0.03359375
0 0.71015625 0.36484375 0.0265625 0.03359375
0 0.58125 0.48671875 0.0265625 0.03359375
0 0.49375 0.59453125 0.0265625 0.03359375
0 0.00859375 0.71484375 0.0171875 0.03359375
0 0.40234375 0.525 0.028125 0.0375
0 0.79296875 0.68984375 0.0265625 0.03359375
0 0.9828125 0.17421875 0.01875 0.03515625
0 0.7859375 0.071875 0.0328125 0.04140625
0 0.58828125 0.88125 0.0296875 0.05
0 0.6015625 0.79375 0.025 0.04609375
0 0.10625 0.753125 0.0359375 0.04609375
0 0.85625 0.77578125 0.0375 0.04375
0 0.50234375 0.26484375 0.0421875 0.04375
0 0.41484375 0.92734375 0.0234375 0.02890625
0 0.4984375 0.98046875 0.025 0.02734375
0 0.35703125 0.94140625 0.028125 0.0375
0 0.5234375 0.98984375 0.0296875 0.01875
1 0.57109375 0.86640625 0.0890625 0.1125
1 0.3203125 0.78984375 0.103125 0.09609375