0 0.26796875 0.43203125 0.0265625 0.0375
0 0.23828125 0.57734375 0.0265625 0.0375
0 0.2421875 0.85625 0.0265625 0.0375
0 0.19453125 0.84609375 0.0265625 0.0375
0 0.08359375 0.80625 0.0265625 0.0375
0 0.01953125 0.75 0.0265625 0.0375
0 0.13515625 0.18984375 0.0265625 0.0375
0 0.228125 0.18515625 0.0265625 0.04140625
0 0.2609375 0.13046875 0.0265625 0.0375
0 0.2828125 0.21953125 0.0265625 0.0375
0 0.28984375 0.33125 0.0265625 0.0375
0 0.165625 0.521875 0.028125 0.04765625
0 0.54765625 0.94609375 0.0265625 0.0375
0 0.63828125 0.57890625 0.0265625 0.0375
0 0.48828125 0.86875 0.0265625 0.0375
0 0.8453125 0.85 0.0265625 0.0375
0 0.8359375 0.975 0.0265625 0.0375
0 0.85234375 0.75234375 0.0265625 0.0375
0 0.828125 0.43671875 0.025 0.03984375
0 0.8671875 0.409375 0.025 0.03984375
0 0.66328125 0.17421875 0.0265625 0.03359375
0 0.77265625 0.078125 0.0265625 0.03359375
0 0.71015625 0.63515625 0.0265625 0.03359375
0 0.57890625 0.51875 0.0265625 0.03359375
0 0.490625 0.40546875 0.0265625 0.03359375
0 0.0078125 0.2875 0.015625 0.03359375
0 0.425 0.42109375 0.028125 0.0375
0 0.7515625 0.24921875 0.0265625 0.03359375
0 0.98046875 0.834375 0.021875 0.03515625
0 0.58828125 0.11875 0.0296875 0.05
0 0.6015625 0.20625 0.025 0.04609375
0 0.08671875 0.16484375 0.0359375 0.04609375
0 0.85625 0.22421875 0.0375 0.04375
0 0.50078125 0.7375 0.0421875 0.04375
0 0.5 0.02109375 0.025 0.02734375
0 0.31796875 0.134375 0.028125 0.0375
0 0.52109375 0.01015625 0.0296875 0.01875
0 0.3734375 0.01171875 0.0234375 0.02109375
1 0.57109375 0.13359375 0.0890625 0.1125
1 0.3203125 0.21015625 0.103125 0.09609375