0 0.73515625 0.56484375 0.0265625 0.0375
0 0.76171875 0.42265625 0.0265625 0.0375
0 0.76015625 0.14375 0.0265625 0.0375
0 0.80546875 0.15390625 0.0265625 0.0375
0 0.91640625 0.19375 0.0265625 0.0375
0 0.86484375 0.81015625 0.0265625 0.0375
0 0.7875 0.77734375 0.0265625 0.04140625
0 0.79140625 0.80703125 0.0265625 0.0375
0 0.73671875 0.734375 0.0265625 0.0375
0 0.78203125 0.6 0.0265625 0.0375
0 0.46015625 0.01875 0.0265625 0.0375
0 0.37109375 0.39375 0.0265625 0.0375
0 0.51171875 0.13125 0.0265625 0.0375
0 0.15703125 0.14375 0.0265625 0.0375
0 0.16640625 0.01875 0.0265625 0.0375
0 0.15859375 0.22265625 0.0265625 0.0375
0 0.171875 0.56328125 0.025 0.03984375
0 0.1359375 0.590625 0.025 0.03984375
0 0.371875 0.76171875 0.0265625 0.03359375
0 0.26328125 0.85 0.0265625 0.03359375
0 0.28984375 0.36484375 0.0265625 0.03359375
0 0.5046875 0.38828125 0.0296875 0.03359375
0 0.54140625 0.53046875 0.0265625 0.03359375
0 0.41171875 0.88125 0.0296875 0.05
0 0.3984375 0.79375 0.025 0.04609375
0 0.14375 0.77578125 0.0375 0.04375
0 0.5140625 0.24140625 0.0421875 0.04375
0 0.29453125 0.04765625 0.0296875 0.03984375
0 0.7921875 0.26875 0.025 0.03984375
0 0.51796875 0.95 0.025 0.02734375
0 0.490625 0.97109375 0.0296875 0.03125
0 0.64296875 0.93671875 0.0234375 0.02734375
0 0.21171875 0.6375 0.034375 0.03984375
0 0.028125 0.9625 0.025 0.0375
1 0.42890625 0.86640625 0.0890625 0.1125
1 0.6796875 0.78984375 0.103125 0.09609375