0 0.26484375 0.56484375 0.0265625 0.0375
0 0.23828125 0.42265625 0.0265625 0.0375
0 0.2421875 0.14375 0.0265625 0.0375
0 0.19453125 0.15390625 0.0265625 0.0375
0 0.08359375 0.19375 0.0265625 0.0375
0 0.0140625 0.23359375 0.0265625 0.0375
0 0.13515625 0.81015625 0.0265625 0.0375
0 0.28828125 0.75859375 0.0265625 0.04140625
0 0.24609375 0.84921875 0.0265625 0.0375
0 0.28125 0.778125 0.0265625 0.0375
0 0.27265625 0.64453125 0.0265625 0.0375
0 0.02890625 0.42578125 0.028125 0.05
0 0.534375 0.02578125 0.0265625 0.0375
0 0.628125 0.396875 0.0265625 0.0375
0 0.48828125 0.13125 0.0265625 0.0375
0 0.84296875 0.14453125 0.0265625 0.0375
0 0.83359375 0.01953125 0.0265625 0.0375
0 0.85078125 0.24609375 0.0265625 0.0375
0 0.828125 0.56328125 0.025 0.03984375
0 0.86640625 0.590625 0.025 0.03984375
0 0.66015625 0.81171875 0.0265625 0.03359375
0 0.7671875 0.91015625 0.0265625 0.03359375
0 0.71015625 0.36484375 0.0265625 0.03359375
0 0.56015625 0.45390625 0.0296875 0.03359375
0 0.47890625 0.58828125 0.0265625 0.03359375
0 0.65703125 0.44921875 0.028125 0.0375
0 0.60703125 0.946875 0.0265625 0.03359375
0 0.9703125 0.12578125 0.0234375 0.03515625
0 0.58828125 0.88125 0.0296875 0.05
0 0.6015625 0.79375 0.025 0.04609375
0 0.85625 0.77578125 0.0375 0.04375
0 0.8875 0.78671875 0.0328125 0.04375
0 0.4953125 0.25390625 0.0421875 0.04375
0 0.50546875 0.97265625 0.025 0.02734375
0 0.01484375 0.72421875 0.0296875 0.03984375
0 0.5109375 0.98515625 0.0296875 0.01875
0 0.365625 0.96875 0.0234375 0.02734375
1 0.57109375 0.86640625 0.0890625 0.1125
1 0.3203125 0.78984375 0.103125 0.09609375