0 0.26484375 0.43515625 0.0265625 0.0375
0 0.23828125 0.57734375 0.0265625 0.0375
0 0.2421875 0.85625 0.0265625 0.0375
0 0.19453125 0.84609375 0.0265625 0.0375
0 0.08359375 0.80625 0.0265625 0.0375
0 0.01640625 0.76015625 0.0265625 0.0375
0 0.13515625 0.18984375 0.0265625 0.0375
0 0.25859375 0.21875 0.0265625 0.04140625
0 0.25078125 0.14375 0.0265625 0.0375
0 0.28203125 0.22109375 0.0265625 0.0375
0 0.27890625 0.34609375 0.0265625 0.0375
0 0.1015625 0.54140625 0.028125 0.05
0 0.53359375 0.971875 0.0265625 0.0375
0 0.63203125 0.59375 0.0265625 0.0375
0 0.48828125 0.86875 0.0265625 0.0375
0 0.84375 0.853125 0.0265625 0.0375
0 0.834375 0.978125 0.0265625 0.0375
0 0.8515625 0.753125 0.0265625 0.0375
0 0.828125 0.43671875 0.025 0.03984375
0 0.86640625 0.409375 0.025 0.03984375
0 0.66171875 0.18359375 0.0265625 0.03359375
0 0.76875 0.08515625 0.0265625 0.03359375
0 0.71015625 0.63515625 0.0265625 0.03359375
0 0.5671875 0.53515625 0.028125 0.03359375
0 0.48203125 0.40625 0.0265625 0.03359375
0 0.56953125 0.54296875 0.028125 0.0375
0 0.6984375 0.08671875 0.0265625 0.03359375
0 0.975 0.86015625 0.0234375 0.03515625
0 0.58828125 0.11875 0.0296875 0.05
0 0.6015625 0.20625 0.025 0.04609375
0 0.85625 0.22421875 0.0375 0.04375
0 0.95 0.25390625 0.0328125 0.04140625
0 0.49609375 0.74375 0.0421875 0.04375
0 0.50390625 0.02421875 0.025 0.02734375
0 0.12890625 0.27734375 0.028125 0.0375
0 0.51484375 0.01328125 0.0296875 0.01875
0 0.3671875 0.02265625 0.0234375 0.02734375
0 0.11796875 0.01328125 0.0265625 0.0265625
1 0.57109375 0.13359375 0.0890625 0.1125
1 0.3203125 0.21015625 0.103125 0.09609375