0 0.7265625 0.421875 0.0265625 0.0375
0 0.76171875 0.57734375 0.0265625 0.0375
0 0.75703125 0.85546875 0.0265625 0.0375
0 0.80546875 0.84609375 0.0265625 0.0375
0 0.91640625 0.80625 0.0265625 0.0375
0 0.97421875 0.73125 0.0265625 0.0375
0 0.86484375 0.18984375 0.0265625 0.0375
0 0.78203125 0.16796875 0.0265625 0.0375
0 0.70859375 0.10859375 0.0265625 0.0375
0 0.715625 0.21796875 0.0265625 0.0375
0 0.68828125 0.31015625 0.0265625 0.0375
0 0.62734375 0.34140625 0.0265625 0.04140625
0 0.42734375 0.890625 0.0265625 0.0375
0 0.3578125 0.56875 0.0265625 0.0375
0 0.51171875 0.86875 0.0265625 0.0375
0 0.21015625 0.85 0.0234375 0.0375
0 0.15234375 0.84296875 0.0265625 0.0375
0 0.16171875 0.96796875 0.0265625 0.0375
0 0.14609375 0.75 0.0265625 0.0375
0 0.171875 0.43671875 0.025 0.03984375
0 0.13203125 0.409375 0.025 0.03984375
0 0.37578125 0.075 0.0234375 0.03515625
0 0.3296875 0.14609375 0.0265625 0.03359375
0 0.228125 0.06875 0.0265625 0.03359375
0 0.28984375 0.63515625 0.0265625 0.03359375
0 0.40859375 0.49296875 0.0265625 0.03359375
0 0.50234375 0.38984375 0.0265625 0.03359375
0 0.9859375 0.24453125 0.0265625 0.03359375
0 0.79375 0.328125 0.028125 0.0375
0 0.2078125 0.62578125 0.0265625 0.03359375
0 0.00703125 0.77734375 0.0140625 0.03515625
0 0.3359375 0.53984375 0.025 0.04140625
0 0.41171875 0.11875 0.0296875 0.05
0 0.3984375 0.20625 0.025 0.04609375
0 0.73125 0.540625 0.0359375 0.04609375
0 0.73046875 0.44609375 0.0328125 0.0375
0 0.14375 0.22421875 0.0375 0.04375
0 0.49140625 0.725 0.0421875 0.04375
1 0.42890625 0.13359375 0.0890625 0.1125
1 0.6796875 0.21015625 0.103125 0.09609375