0 0.26484375 0.43515625 0.0265625 0.0375
0 0.23828125 0.57734375 0.0265625 0.0375
0 0.23984375 0.85625 0.0265625 0.0375
0 0.19453125 0.84609375 0.0265625 0.0375
0 0.08359375 0.80625 0.0265625 0.0375
0 0.13515625 0.18984375 0.0265625 0.0375
0 0.25 0.19921875 0.0265625 0.04140625
0 0.2125 0.184375 0.0265625 0.0375
0 0.2671875 0.25625 0.0265625 0.0375
0 0.2234375 0.39609375 0.0265625 0.0375
0 0.53984375 0.98125 0.0265625 0.0375
0 0.6296875 0.609375 0.0265625 0.0375
0 0.48828125 0.86875 0.0265625 0.0375
0 0.84296875 0.85625 0.0265625 0.0375
0 0.83359375 0.98125 0.0265625 0.0375
0 0.84140625 0.76875 0.0265625 0.0375
0 0.828125 0.43671875 0.025 0.03984375
0 0.8640625 0.409375 0.025 0.03984375
0 0.62890625 0.23828125 0.0265625 0.03359375
0 0.740625 0.13984375 0.0265625 0.03359375
0 0.71015625 0.63515625 0.0265625 0.03359375
0 0.5015625 0.60703125 0.0296875 0.03359375
0 0.459375 0.46328125 0.0265625 0.03359375
0 0.58828125 0.11875 0.0296875 0.05
0 0.6015625 0.20625 0.025 0.04609375
0 0.85625 0.22421875 0.0375 0.04375
0 0.48671875 0.75703125 0.0421875 0.04375
0 0.746875 0.909375 0.0296875 0.03984375
0 0.196875 0.80390625 0.025 0.03984375
0 0.4828125 0.04921875 0.025 0.02734375
0 0.509375 0.028125 0.0296875 0.03125
0 0.35703125 0.06328125 0.0234375 0.02734375
0 0.7859375 0.24765625 0.034375 0.03984375
0 0.97578125 0.03203125 0.0234375 0.03359375
1 0.57109375 0.13359375 0.0890625 0.1125
1 0.3203125 0.21015625 0.103125 0.09609375