0 0.725 0.41484375 0.0265625 0.0375
0 0.76171875 0.58203125 0.0265625 0.0375
0 0.7546875 0.84921875 0.0265625 0.0375
0 0.80546875 0.84609375 0.0265625 0.0375
0 0.91640625 0.80625 0.0265625 0.0375
0 0.9703125 0.728125 0.0265625 0.0375
0 0.86484375 0.18984375 0.0265625 0.0375
0 0.8078125 0.125 0.0265625 0.0375
0 0.68984375 0.096875 0.0265625 0.0375
0 0.71484375 0.21640625 0.0265625 0.0375
0 0.6859375 0.30546875 0.0265625 0.0375
0 0.56328125 0.14765625 0.0265625 0.04140625
0 0.41640625 0.87578125 0.0265625 0.0375
0 0.353125 0.56328125 0.0265625 0.0375
0 0.51171875 0.86875 0.0265625 0.0375
0 0.49921875 0.80625 0.0265625 0.0375
0 0.15078125 0.83828125 0.0265625 0.0375
0 0.16015625 0.96328125 0.0265625 0.0375
0 0.14453125 0.74765625 0.0265625 0.0375
0 0.115625 0.68359375 0.0265625 0.0375
0 0.171875 0.43671875 0.025 0.03984375
0 0.13125 0.409375 0.025 0.03984375
0 0.3265625 0.171875 0.0234375 0.03359375
0 0.3265625 0.13203125 0.0265625 0.03359375
0 0.22890625 0.05625 0.0265625 0.03359375
0 0.2296875 0.06328125 0.0265625 0.03359375
0 0.2875 0.63828125 0.0265625 0.03359375
0 0.4109375 0.48125 0.0265625 0.03359375
0 0.5 0.384375 0.0265625 0.03359375
0 0.840625 0.57265625 0.0265625 0.03359375
0 0.9828125 0.21796875 0.0265625 0.03359375
0 0.91953125 0.2125 0.0265625 0.03359375
0 0.35234375 0.99375 0.0265625 0.0125
0 0.24140625 0.8375 0.0265625 0.03359375
0 0.01171875 0.77109375 0.0234375 0.03359375
0 0.4140625 0.26796875 0.025 0.03515625
0 0.41171875 0.11875 0.0296875 0.05
0 0.3984375 0.20625 0.025 0.04609375
0 0.65703125 0.75625 0.0390625 0.04140625
0 0.24140625 0.6 0.028125 0.03515625
0 0.14375 0.22421875 0.0375 0.04375
0 0.4859375 0.71796875 0.0421875 0.04375