0 0.73515625 0.56484375 0.0265625 0.0375
0 0.76171875 0.42265625 0.0265625 0.0375
0 0.759375 0.14375 0.0265625 0.0375
0 0.80546875 0.15390625 0.0265625 0.0375
0 0.91640625 0.19375 0.0265625 0.0375
0 0.99453125 0.18984375 0.0109375 0.03359375
0 0.86484375 0.81015625 0.0265625 0.0375
0 0.69140625 0.77890625 0.0265625 0.04140625
0 0.76484375 0.825 0.0265625 0.0375
0 0.728125 0.759375 0.0265625 0.0375
0 0.7625 0.621875 0.0265625 0.0375
0 0.4625 0.021875 0.0265625 0.0375
0 0.36953125 0.38984375 0.0265625 0.0375
0 0.51171875 0.13125 0.0265625 0.0375
0 0.15703125 0.14375 0.0265625 0.0375
0 0.16640625 0.01875 0.0265625 0.0375
0 0.15859375 0.24609375 0.0265625 0.0375
0 0.171875 0.56328125 0.025 0.03984375
0 0.13515625 0.590625 0.025 0.03984375
0 0.36796875 0.76484375 0.0265625 0.03359375
0 0.24375 0.89296875 0.0265625 0.03359375
0 0.28984375 0.36484375 0.0265625 0.03359375
0 0.4765625 0.403125 0.0296875 0.03359375
0 0.53671875 0.559375 0.0265625 0.03359375
0 0.04765625 0.62734375 0.028125 0.0375
0 0.0671875 0.03359375 0.0234375 0.03515625
0 0.41171875 0.88125 0.0296875 0.05
0 0.3984375 0.79375 0.025 0.04609375
0 0.14375 0.77578125 0.0375 0.04375
0 0.51015625 0.246875 0.0421875 0.04375
0 0.1078125 0.39375 0.0296875 0.03984375
0 0.8578125 0.05546875 0.025 0.03984375
0 0.51484375 0.95390625 0.025 0.02734375
0 0.4921875 0.97578125 0.0296875 0.03125
0 0.64296875 0.93671875 0.0234375 0.02734375
0 0.0109375 0.98828125 0.0203125 0.02109375
1 0.42890625 0.86640625 0.0890625 0.1125
1 0.6796875 0.78984375 0.103125 0.09609375