0 0.73515625 0.56484375 0.0265625 0.0375
0 0.76171875 0.42265625 0.0265625 0.0375
0 0.7578125 0.14375 0.0265625 0.0375
0 0.80546875 0.15390625 0.0265625 0.0375
0 0.91640625 0.19375 0.0265625 0.0375
0 0.9828125 0.240625 0.0265625 0.0375
0 0.86484375 0.81015625 0.0265625 0.0375
0 0.746875 0.78828125 0.0265625 0.04140625
0 0.74765625 0.85859375 0.0265625 0.0375
0 0.71796875 0.77890625 0.0265625 0.0375
0 0.71953125 0.65625 0.0265625 0.0375
0 0.88125 0.48046875 0.028125 0.05
0 0.4640625 0.03203125 0.0265625 0.0375
0 0.3671875 0.40859375 0.0265625 0.0375
0 0.51171875 0.13125 0.0265625 0.0375
0 0.15546875 0.146875 0.0265625 0.0375
0 0.16484375 0.021875 0.0265625 0.0375
0 0.1484375 0.246875 0.0265625 0.0375
0 0.171875 0.56328125 0.025 0.03984375
0 0.13359375 0.590625 0.025 0.03984375
0 0.33828125 0.81796875 0.0265625 0.03359375
0 0.23046875 0.915625 0.0265625 0.03359375
0 0.28984375 0.36484375 0.0265625 0.03359375
0 0.43125 0.46640625 0.028125 0.03359375
0 0.51640625 0.59375 0.0265625 0.03359375
0 0.4359375 0.49375 0.028125 0.0375
0 0.29296875 0.903125 0.0265625 0.03359375
0 0.02421875 0.14296875 0.0234375 0.03515625
0 0.41171875 0.88125 0.0296875 0.05
0 0.3984375 0.79375 0.025 0.04609375
0 0.14375 0.77578125 0.0375 0.04375
0 0.0453125 0.71875 0.0390625 0.04140625
0 0.503125 0.25703125 0.0421875 0.04375
0 0.496875 0.97578125 0.025 0.02734375
0 0.8390625 0.72578125 0.028125 0.0375
0 0.484375 0.9875 0.0296875 0.01875
0 0.63203125 0.978125 0.0234375 0.02734375
1 0.42890625 0.86640625 0.0890625 0.1125
1 0.6796875 0.78984375 0.103125 0.09609375