0 0.734375 0.434375 0.0265625 0.0375
0 0.76171875 0.57734375 0.0265625 0.0375
0 0.7578125 0.85625 0.0265625 0.0375
0 0.80546875 0.84609375 0.0265625 0.0375
0 0.91640625 0.80625 0.0265625 0.0375
0 0.98203125 0.75625 0.0265625 0.0375
0 0.86484375 0.18984375 0.0265625 0.0375
0 0.7546875 0.18984375 0.0265625 0.04140625
0 0.74453125 0.1375 0.0265625 0.0375
0 0.71796875 0.22109375 0.0265625 0.0375
0 0.71640625 0.33984375 0.0265625 0.0375
0 0.865625 0.53203125 0.028125 0.05
0 0.459375 0.96015625 0.0265625 0.0375
0 0.36484375 0.5875 0.0265625 0.0375
0 0.51171875 0.86875 0.0265625 0.0375
0 0.15546875 0.85078125 0.0265625 0.0375
0 0.16484375 0.97578125 0.0265625 0.0375
0 0.14765625 0.75234375 0.0265625 0.0375
0 0.171875 0.43671875 0.025 0.03984375
0 0.13359375 0.409375 0.025 0.03984375
0 0.3375 0.17890625 0.0265625 0.03359375
0 0.2296875 0.08203125 0.0265625 0.03359375
0 0.28984375 0.63515625 0.0265625 0.03359375
0 0.42734375 0.528125 0.028125 0.03359375
0 0.51328125 0.40546875 0.0265625 0.03359375
0 0.99453125 0.30546875 0.0109375 0.03515625
0 0.4875 0.47265625 0.028125 0.0375
0 0.28046875 0.13984375 0.0265625 0.03359375
0 0.0234375 0.84921875 0.0234375 0.03515625
0 0.41171875 0.11875 0.0296875 0.05
0 0.3984375 0.20625 0.025 0.04609375
0 0.95625 0.04609375 0.0296875 0.03984375
0 0.14375 0.22421875 0.0375 0.04375
0 0.0078125 0.325 0.0125 0.0375
0 0.5015625 0.740625 0.0421875 0.04375
0 0.49765625 0.02265625 0.025 0.02734375
0 0.75 0.28515625 0.028125 0.0375
0 0.48203125 0.0125 0.0296875 0.01875
0 0.6296875 0.01796875 0.0234375 0.025
1 0.42890625 0.13359375 0.0890625 0.1125
1 0.6796875 0.21015625 0.103125 0.09609375