0 0.26484375 0.56484375 0.0265625 0.0375
0 0.23828125 0.42265625 0.0265625 0.0375
0 0.24140625 0.14375 0.0265625 0.0375
0 0.19453125 0.15390625 0.0265625 0.0375
0 0.08359375 0.19375 0.0265625 0.0375
0 0.00546875 0.20078125 0.0109375 0.03359375
0 0.13515625 0.81015625 0.0265625 0.0375
0 0.31875 0.77578125 0.0265625 0.04140625
0 0.240625 0.83125 0.0265625 0.0375
0 0.2765625 0.76875 0.0265625 0.0375
0 0.246875 0.628125 0.0265625 0.0375
0 0.53671875 0.02265625 0.0265625 0.0375
0 0.6296875 0.39140625 0.0265625 0.0375
0 0.48828125 0.13125 0.0265625 0.0375
0 0.84296875 0.14375 0.0265625 0.0375
0 0.83359375 0.01875 0.0265625 0.0375
0 0.84453125 0.24609375 0.0265625 0.0375
0 0.828125 0.56328125 0.025 0.03984375
0 0.86484375 0.590625 0.025 0.03984375
0 0.6421875 0.76875 0.0265625 0.03359375
0 0.76015625 0.89765625 0.0265625 0.03359375
0 0.71015625 0.36484375 0.0265625 0.03359375
0 0.534375 0.41328125 0.0296875 0.03359375
0 0.46796875 0.57109375 0.0265625 0.03359375
0 0.81953125 0.58984375 0.028125 0.0375
0 0.94609375 0.059375 0.0234375 0.03515625
0 0.58828125 0.88125 0.0296875 0.05
0 0.6015625 0.79375 0.025 0.04609375
0 0.85625 0.77578125 0.0375 0.04375
0 0.49140625 0.24921875 0.0421875 0.04375
0 0.94375 0.56015625 0.028125 0.04375
0 0.4875 0.95625 0.025 0.02734375
0 0.50703125 0.97890625 0.0296875 0.02890625
0 0.359375 0.94609375 0.0234375 0.02734375
1 0.57109375 0.86640625 0.0890625 0.1125
1 0.3203125 0.78984375 0.103125 0.09609375