0 0.27421875 0.58203125 0.0265625 0.0375
0 0.23828125 0.41953125 0.0265625 0.0375
0 0.24453125 0.14765625 0.0265625 0.0375
0 0.19453125 0.15390625 0.0265625 0.0375
0 0.08359375 0.19375 0.0265625 0.0375
0 0.028125 0.27109375 0.0265625 0.0375
0 0.13515625 0.81015625 0.0265625 0.0375
0 0.2046875 0.859375 0.0265625 0.0375
0 0.303125 0.89921875 0.0265625 0.0375
0 0.284375 0.78203125 0.0265625 0.0375
0 0.31328125 0.69296875 0.0265625 0.0375
0 0.36953125 0.78515625 0.0265625 0.04140625
0 0.57890625 0.11796875 0.0265625 0.0375
0 0.64453125 0.434375 0.0265625 0.0375
0 0.48828125 0.13125 0.0265625 0.0375
0 0.61796875 0.17890625 0.0234375 0.0375
0 0.8484375 0.159375 0.0265625 0.0375
0 0.8390625 0.034375 0.0265625 0.0375
0 0.8546875 0.25078125 0.0265625 0.0375
0 0.94921875 0.21875 0.0265625 0.04375
0 0.828125 0.56328125 0.025 0.03984375
0 0.86796875 0.590625 0.025 0.03984375
0 0.6578125 0.853125 0.0234375 0.03515625
0 0.671875 0.86171875 0.0265625 0.03359375
0 0.77109375 0.934375 0.0265625 0.03359375
0 0.71171875 0.3625 0.0265625 0.03359375
0 0.58984375 0.51328125 0.0265625 0.03359375
0 0.49921875 0.61328125 0.0265625 0.03359375
0 0.0421875 0.52265625 0.0296875 0.0375
0 0.01640625 0.77265625 0.0265625 0.03359375
0 0.1359375 0.71875 0.028125 0.0375
0 0.78203125 0.25 0.0265625 0.03359375
0 0.98984375 0.22734375 0.0203125 0.03359375
0 0.63046875 0.60078125 0.025 0.03515625
0 0.58828125 0.88125 0.0296875 0.05
0 0.6015625 0.79375 0.025 0.04609375
0 0.29296875 0.34375 0.0390625 0.04140625
0 0.55390625 0.40234375 0.028125 0.03515625
0 0.85625 0.77578125 0.0375 0.04375
0 0.51171875 0.27890625 0.0421875 0.04375