0 0.72578125 0.41796875 0.0265625 0.0375
0 0.76171875 0.58046875 0.0265625 0.0375
0 0.75546875 0.85234375 0.0265625 0.0375
0 0.80546875 0.84609375 0.0265625 0.0375
0 0.91640625 0.80625 0.0265625 0.0375
0 0.971875 0.72890625 0.0265625 0.0375
0 0.86484375 0.18984375 0.0265625 0.0375
0 0.79453125 0.140625 0.0265625 0.0375
0 0.69765625 0.10234375 0.0265625 0.0375
0 0.715625 0.21796875 0.0265625 0.0375
0 0.68671875 0.30703125 0.0265625 0.0375
0 0.64296875 0.19453125 0.0265625 0.04140625
0 0.42109375 0.88203125 0.0265625 0.0375
0 0.35546875 0.565625 0.0265625 0.0375
0 0.51171875 0.86875 0.0265625 0.0375
0 0.375 0.80390625 0.0234375 0.0375
0 0.1515625 0.840625 0.0265625 0.0375
0 0.1609375 0.965625 0.0265625 0.0375
0 0.1453125 0.74921875 0.0265625 0.0375
0 0.04296875 0.753125 0.0265625 0.04375
0 0.171875 0.43671875 0.025 0.03984375
0 0.13203125 0.409375 0.025 0.03984375
0 0.34921875 0.14765625 0.0234375 0.03515625
0 0.328125 0.13828125 0.0265625 0.03359375
0 0.22890625 0.065625 0.0265625 0.03359375
0 0.28828125 0.6375 0.0265625 0.03359375
0 0.41015625 0.48671875 0.0265625 0.03359375
0 0.50078125 0.38671875 0.0265625 0.03359375
0 0.96484375 0.45859375 0.0296875 0.0375
0 0.98359375 0.22890625 0.0265625 0.03359375
0 0.871875 0.3 0.028125 0.0375
0 0.21953125 0.74765625 0.0265625 0.03359375
0 0.01015625 0.77265625 0.0203125 0.03359375
0 0.35546875 0.375 0.025 0.03515625
0 0.41171875 0.11875 0.0296875 0.05
0 0.3984375 0.20625 0.025 0.04609375
0 0.68359375 0.63125 0.0390625 0.04140625
0 0.4453125 0.57578125 0.028125 0.03515625
0 0.14375 0.22421875 0.0375 0.04375
0 0.48828125 0.72109375 0.0421875 0.04375