0 0.26875 0.56875 0.0265625 0.0375
0 0.23828125 0.42265625 0.0265625 0.0375
0 0.2421875 0.14375 0.0265625 0.0375
0 0.19453125 0.15390625 0.0265625 0.0375
0 0.08359375 0.19375 0.0265625 0.0375
0 0.02109375 0.253125 0.0265625 0.0375
0 0.13515625 0.81015625 0.0265625 0.0375
0 0.22578125 0.82578125 0.0265625 0.04140625
0 0.2640625 0.87421875 0.0265625 0.0375
0 0.2828125 0.78046875 0.0265625 0.0375
0 0.29375 0.67421875 0.0265625 0.0375
0 0.20234375 0.484375 0.028125 0.04609375
0 0.5515625 0.06328125 0.0265625 0.0375
0 0.63828125 0.42265625 0.0265625 0.0375
0 0.48828125 0.13125 0.0265625 0.0375
0 0.8453125 0.15234375 0.0265625 0.0375
0 0.8359375 0.02734375 0.0265625 0.0375
0 0.853125 0.24921875 0.0265625 0.0375
0 0.828125 0.56328125 0.025 0.03984375
0 0.8671875 0.590625 0.025 0.03984375
0 0.66484375 0.83046875 0.0265625 0.03359375
0 0.7734375 0.92421875 0.0265625 0.03359375
0 0.71015625 0.36484375 0.0265625 0.03359375
0 0.58125 0.48671875 0.0265625 0.03359375
0 0.49375 0.59453125 0.0265625 0.03359375
0 0.00859375 0.71484375 0.0171875 0.03359375
0 0.40390625 0.52734375 0.028125 0.0375
0 0.77890625 0.7 0.0265625 0.03359375
0 0.98359375 0.17421875 0.01875 0.03515625
0 0.7828125 0.075 0.0328125 0.04140625
0 0.58828125 0.88125 0.0296875 0.05
0 0.6015625 0.79375 0.025 0.04609375
0 0.11484375 0.778125 0.0359375 0.04609375
0 0.85625 0.77578125 0.0375 0.04375
0 0.50234375 0.26484375 0.0421875 0.04375
0 0.41953125 0.90703125 0.0234375 0.02890625
0 0.4984375 0.98046875 0.025 0.02734375
0 0.3625 0.94921875 0.028125 0.0375
0 0.5234375 0.98984375 0.0296875 0.01875
1 0.57109375 0.86640625 0.0890625 0.1125
1 0.3203125 0.78984375 0.103125 0.09609375