0 0.7296875 0.43046875 0.0265625 0.0375
0 0.76171875 0.57734375 0.0265625 0.0375
0 0.75703125 0.85625 0.0265625 0.0375
0 0.80546875 0.84609375 0.0265625 0.0375
0 0.91640625 0.80625 0.0265625 0.0375
0 0.978125 0.74296875 0.0265625 0.0375
0 0.86484375 0.18984375 0.0265625 0.0375
0 0.78046875 0.1875 0.0265625 0.04140625
0 0.7296875 0.121875 0.0265625 0.0375
0 0.7171875 0.21953125 0.0265625 0.0375
0 0.70234375 0.32109375 0.0265625 0.0375
0 0.7703125 0.475 0.028125 0.04609375
0 0.44375 0.92734375 0.0265625 0.0375
0 0.36171875 0.57421875 0.0265625 0.0375
0 0.51171875 0.86875 0.0265625 0.0375
0 0.15390625 0.846875 0.0265625 0.0375
0 0.16328125 0.971875 0.0265625 0.0375
0 0.146875 0.75078125 0.0265625 0.0375
0 0.171875 0.43671875 0.025 0.03984375
0 0.1328125 0.409375 0.025 0.03984375
0 0.334375 0.16328125 0.0265625 0.03359375
0 0.22578125 0.07421875 0.0265625 0.03359375
0 0.28984375 0.63515625 0.0265625 0.03359375
0 0.415625 0.50625 0.0265625 0.03359375
0 0.503125 0.40390625 0.0265625 0.03359375
0 0.9890625 0.275 0.021875 0.03359375
0 0.6296875 0.44140625 0.028125 0.0375
0 0.21171875 0.4 0.0265625 0.03359375
0 0.0125 0.815625 0.015625 0.03515625
0 0.22734375 0.82109375 0.0296875 0.04140625
0 0.41171875 0.11875 0.0296875 0.05
0 0.3984375 0.20625 0.025 0.04609375
0 0.84375 0.32421875 0.0359375 0.04609375
0 0.14375 0.22421875 0.0375 0.04375
0 0.49609375 0.73359375 0.0421875 0.04375
0 0.6671875 0.05078125 0.0234375 0.02890625
0 0.503125 0.01796875 0.025 0.02734375
0 0.5484375 0.00859375 0.0296875 0.01640625
0 0.47421875 0.009375 0.0296875 0.01875
1 0.42890625 0.13359375 0.0890625 0.1125
1 0.6796875 0.21015625 0.103125 0.09609375