0 0.26484375 0.43515625 0.0265625 0.0375
0 0.23828125 0.57734375 0.0265625 0.0375
0 0.240625 0.85625 0.0265625 0.0375
0 0.19453125 0.84609375 0.0265625 0.0375
0 0.08359375 0.80625 0.0265625 0.0375
0 0.00546875 0.81015625 0.0109375 0.03359375
0 0.13515625 0.18984375 0.0265625 0.0375
0 0.309375 0.221875 0.0265625 0.04140625
0 0.23671875 0.175 0.0265625 0.0375
0 0.27265625 0.23984375 0.0265625 0.0375
0 0.23828125 0.37734375 0.0265625 0.0375
0 0.5375 0.978125 0.0265625 0.0375
0 0.63046875 0.609375 0.0265625 0.0375
0 0.48828125 0.86875 0.0265625 0.0375
0 0.84296875 0.85625 0.0265625 0.0375
0 0.83359375 0.98125 0.0265625 0.0375
0 0.8421875 0.75390625 0.0265625 0.0375
0 0.828125 0.43671875 0.025 0.03984375
0 0.86484375 0.409375 0.025 0.03984375
0 0.63203125 0.23515625 0.0265625 0.03359375
0 0.75625 0.10703125 0.0265625 0.03359375
0 0.71015625 0.63515625 0.0265625 0.03359375
0 0.52421875 0.59609375 0.0296875 0.03359375
0 0.46328125 0.43828125 0.0265625 0.03359375
0 0.940625 0.37265625 0.028125 0.0375
0 0.934375 0.96484375 0.0234375 0.03515625
0 0.58828125 0.11875 0.0296875 0.05
0 0.6015625 0.20625 0.025 0.04609375
0 0.85625 0.22421875 0.0375 0.04375
0 0.48984375 0.753125 0.0421875 0.04375
0 0.91484375 0.6 0.0296875 0.03984375
0 0.14140625 0.946875 0.025 0.03984375
0 0.48515625 0.04609375 0.025 0.02734375
0 0.5078125 0.02265625 0.0296875 0.03125
0 0.35703125 0.06328125 0.0234375 0.02734375
0 0.98984375 0.01015625 0.0203125 0.0203125
1 0.57109375 0.13359375 0.0890625 0.1125
1 0.3203125 0.21015625 0.103125 0.09609375