0 0.734375 0.565625 0.0265625 0.0375
0 0.76171875 0.42265625 0.0265625 0.0375
0 0.7578125 0.14375 0.0265625 0.0375
0 0.80546875 0.15390625 0.0265625 0.0375
0 0.91640625 0.19375 0.0265625 0.0375
0 0.98203125 0.24453125 0.0265625 0.0375
0 0.86484375 0.81015625 0.0265625 0.0375
0 0.7546875 0.81171875 0.0265625 0.04140625
0 0.74453125 0.8625 0.0265625 0.0375
0 0.71796875 0.77890625 0.0265625 0.0375
0 0.715625 0.66171875 0.0265625 0.0375
0 0.865625 0.46640625 0.028125 0.05
0 0.459375 0.040625 0.0265625 0.0375
0 0.36484375 0.4125 0.0265625 0.0375
0 0.51171875 0.13125 0.0265625 0.0375
0 0.15546875 0.14921875 0.0265625 0.0375
0 0.16484375 0.02421875 0.0265625 0.0375
0 0.14765625 0.24765625 0.0265625 0.0375
0 0.171875 0.56328125 0.025 0.03984375
0 0.13359375 0.590625 0.025 0.03984375
0 0.3375 0.82109375 0.0265625 0.03359375
0 0.2296875 0.91796875 0.0265625 0.03359375
0 0.28984375 0.36484375 0.0265625 0.03359375
0 0.42734375 0.47265625 0.028125 0.03359375
0 0.51328125 0.59453125 0.0265625 0.03359375
0 0.99453125 0.69453125 0.0109375 0.03515625
0 0.49609375 0.53046875 0.028125 0.0375
0 0.28125 0.85859375 0.0265625 0.03359375
0 0.0234375 0.15078125 0.0234375 0.03515625
0 0.41171875 0.88125 0.0296875 0.05
0 0.3984375 0.79375 0.025 0.04609375
0 0.9546875 0.95234375 0.0296875 0.03984375
0 0.14375 0.77578125 0.0375 0.04375
0 0.01015625 0.67421875 0.01875 0.0375
0 0.5015625 0.259375 0.0421875 0.04375
0 0.49765625 0.97734375 0.025 0.02734375
0 0.74609375 0.70625 0.028125 0.0375
0 0.48203125 0.9875 0.0296875 0.01875
0 0.6296875 0.98203125 0.0234375 0.025
1 0.42890625 0.86640625 0.0890625 0.1125
1 0.6796875 0.78984375 0.103125 0.09609375