0 0.72734375 0.57734375 0.0265625 0.0375
0 0.76171875 0.42265625 0.0265625 0.0375
0 0.75703125 0.14375 0.0265625 0.0375
0 0.80546875 0.15390625 0.0265625 0.0375
0 0.91640625 0.19375 0.0265625 0.0375
0 0.97421875 0.26875 0.0265625 0.0375
0 0.86484375 0.81015625 0.0265625 0.0375
0 0.7796875 0.82421875 0.0265625 0.0375
0 0.71015625 0.890625 0.0265625 0.0375
0 0.71640625 0.78125 0.0265625 0.0375
0 0.68828125 0.68984375 0.0265625 0.0375
0 0.665625 0.6375 0.0265625 0.04140625
0 0.42890625 0.10859375 0.0265625 0.0375
0 0.3578125 0.43125 0.0265625 0.0375
0 0.51171875 0.13125 0.0265625 0.0375
0 0.19140625 0.14453125 0.0234375 0.0375
0 0.15234375 0.15703125 0.0265625 0.0375
0 0.16171875 0.03203125 0.0265625 0.0375
0 0.14609375 0.25 0.0265625 0.0375
0 0.171875 0.56328125 0.025 0.03984375
0 0.13203125 0.590625 0.025 0.03984375
0 0.39140625 0.93671875 0.0234375 0.02890625
0 0.33046875 0.85234375 0.0265625 0.03359375
0 0.228125 0.93046875 0.0265625 0.03359375
0 0.28984375 0.36484375 0.0265625 0.03359375
0 0.40859375 0.50625 0.0265625 0.03359375
0 0.50234375 0.61015625 0.0265625 0.03359375
0 0.9859375 0.75234375 0.0265625 0.03359375
0 0.76796875 0.696875 0.028125 0.0375
0 0.2328125 0.403125 0.0265625 0.03359375
0 0.00703125 0.22265625 0.0140625 0.03515625
0 0.346875 0.43125 0.025 0.04140625
0 0.41171875 0.88125 0.0296875 0.05
0 0.3984375 0.79375 0.025 0.04609375
0 0.76328125 0.46484375 0.0359375 0.04609375
0 0.77109375 0.57109375 0.0328125 0.0375
0 0.14375 0.77578125 0.0375 0.04375
0 0.49140625 0.27421875 0.0421875 0.04375
1 0.42890625 0.86640625 0.0890625 0.1125
1 0.6796875 0.78984375 0.103125 0.09609375