0 0.72734375 0.57734375 0.0265625 0.0375
0 0.76171875 0.42265625 0.0265625 0.0375
0 0.75703125 0.14375 0.0265625 0.0375
0 0.80546875 0.15390625 0.0265625 0.0375
0 0.91640625 0.19375 0.0265625 0.0375
0 0.97421875 0.26796875 0.0265625 0.0375
0 0.86484375 0.81015625 0.0265625 0.0375
0 0.7828125 0.81953125 0.0265625 0.0375
0 0.71171875 0.88984375 0.0265625 0.0375
0 0.71640625 0.78125 0.0265625 0.0375
0 0.6890625 0.68984375 0.0265625 0.0375
0 0.66328125 0.61875 0.0265625 0.04140625
0 0.4296875 0.10703125 0.0265625 0.0375
0 0.35859375 0.43125 0.0265625 0.0375
0 0.51171875 0.13125 0.0265625 0.0375
0 0.17890625 0.19375 0.0234375 0.0375
0 0.15234375 0.15625 0.0265625 0.0375
0 0.16171875 0.03125 0.0265625 0.0375
0 0.14609375 0.25 0.0265625 0.0375
0 0.171875 0.56328125 0.025 0.03984375
0 0.13203125 0.590625 0.025 0.03984375
0 0.4 0.940625 0.0234375 0.02890625
0 0.33046875 0.85234375 0.0265625 0.03359375
0 0.228125 0.93046875 0.0265625 0.03359375
0 0.28984375 0.36484375 0.0265625 0.03359375
0 0.40859375 0.50546875 0.0265625 0.03359375
0 0.50234375 0.609375 0.0265625 0.03359375
0 0.98671875 0.75078125 0.0265625 0.03359375
0 0.75703125 0.66171875 0.028125 0.0375
0 0.2390625 0.40703125 0.0265625 0.03359375
0 0.00625 0.221875 0.0125 0.03515625
0 0.3234375 0.40859375 0.025 0.04140625
0 0.41171875 0.88125 0.0296875 0.05
0 0.3984375 0.79375 0.025 0.04609375
0 0.76171875 0.5 0.0359375 0.04609375
0 0.8046875 0.58125 0.0328125 0.0375
0 0.14375 0.77578125 0.0375 0.04375
0 0.4921875 0.27421875 0.0421875 0.04375
1 0.42890625 0.86640625 0.0890625 0.1125
1 0.6796875 0.78984375 0.103125 0.09609375