0 0.2703125 0.56953125 0.0265625 0.0375
0 0.23828125 0.42265625 0.0265625 0.0375
0 0.24296875 0.14375 0.0265625 0.0375
0 0.19453125 0.15390625 0.0265625 0.0375
0 0.08359375 0.19375 0.0265625 0.0375
0 0.021875 0.25703125 0.0265625 0.0375
0 0.13515625 0.81015625 0.0265625 0.0375
0 0.2203125 0.815625 0.0265625 0.04140625
0 0.2703125 0.878125 0.0265625 0.0375
0 0.2828125 0.78046875 0.0265625 0.0375
0 0.29765625 0.67890625 0.0265625 0.0375
0 0.22890625 0.52890625 0.028125 0.04609375
0 0.55625 0.07265625 0.0265625 0.0375
0 0.63828125 0.42578125 0.0265625 0.0375
0 0.48828125 0.13125 0.0265625 0.0375
0 0.84609375 0.153125 0.0265625 0.0375
0 0.83671875 0.028125 0.0265625 0.0375
0 0.853125 0.24921875 0.0265625 0.0375
0 0.828125 0.56328125 0.025 0.03984375
0 0.8671875 0.590625 0.025 0.03984375
0 0.665625 0.83515625 0.0265625 0.03359375
0 0.77421875 0.92578125 0.0265625 0.03359375
0 0.71015625 0.36484375 0.0265625 0.03359375
0 0.584375 0.49375 0.0265625 0.03359375
0 0.496875 0.59609375 0.0265625 0.03359375
0 0.0109375 0.72421875 0.021875 0.03359375
0 0.36875 0.559375 0.028125 0.0375
0 0.78359375 0.60078125 0.0265625 0.03359375
0 0.98671875 0.184375 0.015625 0.03515625
0 0.775 0.17421875 0.0296875 0.04140625
0 0.58828125 0.88125 0.0296875 0.05
0 0.6015625 0.79375 0.025 0.04609375
0 0.15703125 0.68359375 0.0359375 0.04609375
0 0.85625 0.77578125 0.0375 0.04375
0 0.50390625 0.26640625 0.0421875 0.04375
0 0.33125 0.94296875 0.0234375 0.02890625
0 0.496875 0.98203125 0.025 0.02734375
0 0.45 0.99296875 0.028125 0.0140625
0 0.52578125 0.990625 0.0296875 0.01875
1 0.57109375 0.86640625 0.0890625 0.1125
1 0.3203125 0.78984375 0.103125 0.09609375