0 0.2734375 0.58046875 0.0265625 0.0375
0 0.23828125 0.42109375 0.0265625 0.0375
0 0.24375 0.14609375 0.0265625 0.0375
0 0.19453125 0.15390625 0.0265625 0.0375
0 0.08359375 0.19375 0.0265625 0.0375
0 0.02734375 0.26953125 0.0265625 0.0375
0 0.13515625 0.81015625 0.0265625 0.0375
0 0.21796875 0.83828125 0.0265625 0.0375
0 0.296875 0.89453125 0.0265625 0.0375
0 0.284375 0.78203125 0.0265625 0.0375
0 0.3125 0.69140625 0.0265625 0.0375
0 0.3609375 0.703125 0.0265625 0.04140625
0 0.57578125 0.11328125 0.0265625 0.0375
0 0.64375 0.43359375 0.0265625 0.0375
0 0.48828125 0.13125 0.0265625 0.0375
0 0.71171875 0.20625 0.0234375 0.0375
0 0.84765625 0.15859375 0.0265625 0.0375
0 0.83828125 0.03359375 0.0265625 0.0375
0 0.8546875 0.25078125 0.0265625 0.0375
0 0.97265625 0.14921875 0.0265625 0.04375
0 0.828125 0.56328125 0.025 0.03984375
0 0.86796875 0.590625 0.025 0.03984375
0 0.62578125 0.86796875 0.0234375 0.03515625
0 0.67109375 0.85703125 0.0265625 0.03359375
0 0.77109375 0.93203125 0.0265625 0.03359375
0 0.7109375 0.36328125 0.0265625 0.03359375
0 0.590625 0.51015625 0.0265625 0.03359375
0 0.4984375 0.6125 0.0265625 0.03359375
0 0.0078125 0.421875 0.0140625 0.03984375
0 0.01484375 0.7625 0.0265625 0.03359375
0 0.18203125 0.734375 0.028125 0.0375
0 0.78515625 0.31015625 0.0265625 0.03359375
0 0.99140625 0.225 0.0171875 0.03515625
0 0.65 0.54296875 0.025 0.03359375
0 0.58828125 0.88125 0.0296875 0.05
0 0.6015625 0.79375 0.025 0.04609375
0 0.27578125 0.42890625 0.0359375 0.04609375
0 0.38828125 0.46796875 0.0328125 0.0375
0 0.85625 0.77578125 0.0375 0.04375
0 0.51015625 0.27734375 0.0421875 0.04375
1 0.57109375 0.86640625 0.0890625 0.1125
1 0.3203125 0.78984375 0.103125 0.09609375