0 0.72421875 0.58671875 0.0265625 0.0375
0 0.76171875 0.41640625 0.0265625 0.0375
0 0.75390625 0.15234375 0.0265625 0.0375
0 0.80546875 0.15390625 0.0265625 0.0375
0 0.91640625 0.19375 0.0265625 0.0375
0 0.96953125 0.27265625 0.0265625 0.0375
0 0.86484375 0.81015625 0.0265625 0.0375
0 0.80859375 0.89296875 0.0265625 0.0375
0 0.68671875 0.90546875 0.0265625 0.0375
0 0.71484375 0.78359375 0.0265625 0.0375
0 0.68515625 0.69609375 0.0265625 0.0375
0 0.546875 0.890625 0.0265625 0.0375
0 0.4140625 0.12578125 0.0265625 0.0375
0 0.35234375 0.4375 0.0265625 0.0375
0 0.51171875 0.13125 0.0265625 0.0375
0 0.55859375 0.246875 0.0265625 0.0375
0 0.15078125 0.1625 0.0265625 0.0375
0 0.16015625 0.0375 0.0265625 0.0375
0 0.14453125 0.25234375 0.0265625 0.0375
0 0.13515625 0.359375 0.0265625 0.0375
0 0.171875 0.56328125 0.025 0.03984375
0 0.13125 0.590625 0.025 0.03984375
0 0.321875 0.809375 0.0234375 0.03359375
0 0.32578125 0.86953125 0.0265625 0.03359375
0 0.26015625 0.87734375 0.0265625 0.03359375
0 0.23046875 0.9375 0.0265625 0.03359375
0 0.28671875 0.36015625 0.0265625 0.03359375
0 0.41171875 0.51953125 0.0265625 0.03359375
0 0.49921875 0.61640625 0.0265625 0.03359375
0 0.80078125 0.38046875 0.0265625 0.03359375
0 0.984375 0.784375 0.0265625 0.03359375
0 0.959375 0.79375 0.0265625 0.03359375
0 0.25078125 0.02265625 0.0234375 0.03359375
0 0.33046875 0.03359375 0.0265625 0.03359375
0 0.26953125 0.15546875 0.0265625 0.03359375
0 0.01328125 0.23125 0.0265625 0.03359375
0 0.4359375 0.78125 0.025 0.03515625
0 0.41171875 0.88125 0.0296875 0.05
0 0.3984375 0.79375 0.025 0.04609375
0 0.61796875 0.21328125 0.0328125 0.03515625
0 0.190625 0.32890625 0.028125 0.03359375
0 0.14375 0.77578125 0.0375 0.04375
0 0.48515625 0.28359375 0.0421875 0.04375