0 0.27421875 0.41875 0.0265625 0.0375
0 0.23828125 0.57890625 0.0265625 0.0375
0 0.24375 0.853125 0.0265625 0.0375
0 0.19453125 0.84609375 0.0265625 0.0375
0 0.08359375 0.80625 0.0265625 0.0375
0 0.02734375 0.73046875 0.0265625 0.0375
0 0.13515625 0.18984375 0.0265625 0.0375
0 0.2125 0.153125 0.0265625 0.0375
0 0.29921875 0.103125 0.0265625 0.0375
0 0.284375 0.21796875 0.0265625 0.0375
0 0.3125 0.30859375 0.0265625 0.0375
0 0.36171875 0.26640625 0.0265625 0.04140625
0 0.5765625 0.884375 0.0265625 0.0375
0 0.64375 0.56640625 0.0265625 0.0375
0 0.48828125 0.86875 0.0265625 0.0375
0 0.684375 0.81796875 0.0234375 0.0375
0 0.84765625 0.840625 0.0265625 0.0375
0 0.83828125 0.965625 0.0265625 0.0375
0 0.8546875 0.74921875 0.0265625 0.0375
0 0.96796875 0.81328125 0.0265625 0.04375
0 0.828125 0.43671875 0.025 0.03984375
0 0.86796875 0.409375 0.025 0.03984375
0 0.63359375 0.16484375 0.0234375 0.03515625
0 0.67109375 0.140625 0.0265625 0.03359375
0 0.77109375 0.06640625 0.0265625 0.03359375
0 0.7109375 0.63671875 0.0265625 0.03359375
0 0.590625 0.48828125 0.0265625 0.03359375
0 0.4984375 0.3875 0.0265625 0.03359375
0 0.009375 0.521875 0.015625 0.03984375
0 0.015625 0.23359375 0.0265625 0.03359375
0 0.16640625 0.26640625 0.028125 0.0375
0 0.76640625 0.70546875 0.0265625 0.03359375
0 0.990625 0.77421875 0.01875 0.03515625
0 0.6296875 0.45234375 0.025 0.03359375
0 0.58828125 0.11875 0.0296875 0.05
0 0.6015625 0.20625 0.025 0.04609375
0 0.28828125 0.57734375 0.0359375 0.04609375
0 0.45546875 0.55390625 0.0328125 0.0375
0 0.85625 0.22421875 0.0375 0.04375
0 0.5109375 0.721875 0.0421875 0.04375
1 0.57109375 0.13359375 0.0890625 0.1125
1 0.3203125 0.21015625 0.103125 0.09609375