0 0.73515625 0.43515625 0.0265625 0.0375
0 0.76171875 0.57734375 0.0265625 0.0375
0 0.759375 0.85625 0.0265625 0.0375
0 0.80546875 0.84609375 0.0265625 0.0375
0 0.91640625 0.80625 0.0265625 0.0375
0 0.86484375 0.18984375 0.0265625 0.0375
0 0.70703125 0.21953125 0.0265625 0.04140625
0 0.7765625 0.17421875 0.0265625 0.0375
0 0.73125 0.24765625 0.0265625 0.0375
0 0.76875 0.384375 0.0265625 0.0375
0 0.4609375 0.98046875 0.0265625 0.0375
0 0.36796875 0.61171875 0.0265625 0.0375
0 0.51171875 0.86875 0.0265625 0.0375
0 0.15703125 0.85625 0.0265625 0.0375
0 0.16640625 0.98125 0.0265625 0.0375
0 0.16171875 0.75390625 0.0265625 0.0375
0 0.171875 0.43671875 0.025 0.03984375
0 0.1359375 0.409375 0.025 0.03984375
0 0.36953125 0.23671875 0.0265625 0.03359375
0 0.2453125 0.11796875 0.0265625 0.03359375
0 0.28984375 0.63515625 0.0265625 0.03359375
0 0.48515625 0.60078125 0.0296875 0.03359375
0 0.53984375 0.45234375 0.0265625 0.03359375
0 0.08203125 0.98515625 0.025 0.02890625
0 0.41171875 0.11875 0.0296875 0.05
0 0.3984375 0.20625 0.025 0.04609375
0 0.14375 0.22421875 0.0375 0.04375
0 0.51171875 0.75546875 0.0421875 0.04375
0 0.14921875 0.78984375 0.0296875 0.03984375
0 0.8609375 0.853125 0.025 0.03984375
0 0.8953125 0.90859375 0.03125 0.03984375
0 0.51640625 0.04765625 0.025 0.02734375
0 0.49140625 0.02578125 0.0296875 0.03125
0 0.64296875 0.06328125 0.0234375 0.02734375
0 0.2296875 0.0875 0.0296875 0.03359375
0 0.0171875 0.02109375 0.021875 0.02734375
1 0.42890625 0.13359375 0.0890625 0.1125
1 0.6796875 0.21015625 0.103125 0.09609375