0 0.7265625 0.421875 0.0265625 0.0375
0 0.76171875 0.578125 0.0265625 0.0375
0 0.75625 0.85546875 0.0265625 0.0375
0 0.80546875 0.84609375 0.0265625 0.0375
0 0.91640625 0.80625 0.0265625 0.0375
0 0.9734375 0.73046875 0.0265625 0.0375
0 0.86484375 0.18984375 0.0265625 0.0375
0 0.78203125 0.165625 0.0265625 0.0375
0 0.70703125 0.10703125 0.0265625 0.0375
0 0.715625 0.21796875 0.0265625 0.0375
0 0.6875 0.309375 0.0265625 0.0375
0 0.653125 0.359375 0.0265625 0.04140625
0 0.4265625 0.88984375 0.0265625 0.0375
0 0.35703125 0.56796875 0.0265625 0.0375
0 0.51171875 0.86875 0.0265625 0.0375
0 0.23671875 0.80234375 0.0234375 0.0375
0 0.15234375 0.84296875 0.0265625 0.0375
0 0.16171875 0.96796875 0.0265625 0.0375
0 0.14609375 0.75 0.0265625 0.0375
0 0.171875 0.43671875 0.025 0.03984375
0 0.13203125 0.409375 0.025 0.03984375
0 0.39453125 0.103125 0.0234375 0.03515625
0 0.3296875 0.14453125 0.0265625 0.03359375
0 0.228125 0.06875 0.0265625 0.03359375
0 0.2890625 0.63671875 0.0265625 0.03359375
0 0.409375 0.49140625 0.0265625 0.03359375
0 0.5015625 0.38828125 0.0265625 0.03359375
0 0.990625 0.65 0.015625 0.04140625
0 0.9859375 0.24296875 0.0265625 0.03359375
0 0.79296875 0.31015625 0.028125 0.0375
0 0.21171875 0.6375 0.0265625 0.03359375
0 0.0078125 0.77578125 0.015625 0.03515625
0 0.3421875 0.50234375 0.025 0.04140625
0 0.41171875 0.11875 0.0296875 0.05
0 0.3984375 0.20625 0.025 0.04609375
0 0.75078125 0.55078125 0.0359375 0.04609375
0 0.70078125 0.4625 0.0328125 0.0375
0 0.14375 0.22421875 0.0375 0.04375
0 0.490625 0.725 0.0421875 0.04375
1 0.42890625 0.13359375 0.0890625 0.1125
1 0.6796875 0.21015625 0.103125 0.09609375