0 0.725 0.58671875 0.0265625 0.0375
0 0.76171875 0.41796875 0.0265625 0.0375
0 0.7546875 0.15078125 0.0265625 0.0375
0 0.80546875 0.15390625 0.0265625 0.0375
0 0.91640625 0.19375 0.0265625 0.0375
0 0.9703125 0.271875 0.0265625 0.0375
0 0.86484375 0.81015625 0.0265625 0.0375
0 0.80703125 0.88125 0.0265625 0.0375
0 0.6890625 0.90390625 0.0265625 0.0375
0 0.71484375 0.78359375 0.0265625 0.0375
0 0.6859375 0.69453125 0.0265625 0.0375
0 0.5640625 0.87421875 0.0265625 0.04140625
0 0.415625 0.12421875 0.0265625 0.0375
0 0.353125 0.43671875 0.0265625 0.0375
0 0.51171875 0.13125 0.0265625 0.0375
0 0.51640625 0.21171875 0.0265625 0.0375
0 0.15078125 0.16171875 0.0265625 0.0375
0 0.16015625 0.03671875 0.0265625 0.0375
0 0.14453125 0.25234375 0.0265625 0.0375
0 0.096875 0.35546875 0.0265625 0.0375
0 0.171875 0.56328125 0.025 0.03984375
0 0.13125 0.590625 0.025 0.03984375
0 0.33671875 0.81875 0.0234375 0.03359375
0 0.3265625 0.86875 0.0265625 0.03359375
0 0.24140625 0.94140625 0.0265625 0.03359375
0 0.23046875 0.93671875 0.0265625 0.03359375
0 0.2875 0.36171875 0.0265625 0.03359375
0 0.4109375 0.51875 0.0265625 0.03359375
0 0.5 0.615625 0.0265625 0.03359375
0 0.82109375 0.42578125 0.0265625 0.03359375
0 0.98359375 0.78359375 0.0265625 0.03359375
0 0.92890625 0.79140625 0.0265625 0.03359375
0 0.34921875 0.0171875 0.0265625 0.034375
0 0.24765625 0.14375 0.0265625 0.03359375
0 0.0125 0.23046875 0.025 0.03359375
0 0.4234375 0.74921875 0.025 0.03515625
0 0.41171875 0.88125 0.0296875 0.05
0 0.3984375 0.79375 0.025 0.04609375
0 0.6203125 0.265625 0.0390625 0.04140625
0 0.2359375 0.39453125 0.028125 0.03515625
0 0.14375 0.77578125 0.0375 0.04375
0 0.4859375 0.28359375 0.0421875 0.04375