0 0.7265625 0.58046875 0.0265625 0.0375
0 0.76171875 0.42109375 0.0265625 0.0375
0 0.75625 0.146875 0.0265625 0.0375
0 0.80546875 0.15390625 0.0265625 0.0375
0 0.91640625 0.19375 0.0265625 0.0375
0 0.97265625 0.26953125 0.0265625 0.0375
0 0.86484375 0.81015625 0.0265625 0.0375
0 0.784375 0.846875 0.0265625 0.0375
0 0.7015625 0.89609375 0.0265625 0.0375
0 0.715625 0.78203125 0.0265625 0.0375
0 0.6875 0.69140625 0.0265625 0.0375
0 0.62109375 0.728125 0.0265625 0.04140625
0 0.4234375 0.11484375 0.0265625 0.0375
0 0.35625 0.43359375 0.0265625 0.0375
0 0.51171875 0.13125 0.0265625 0.0375
0 0.28828125 0.17890625 0.0234375 0.0375
0 0.15234375 0.15859375 0.0265625 0.0375
0 0.16171875 0.03359375 0.0265625 0.0375
0 0.1453125 0.25078125 0.0265625 0.0375
0 0.015625 0.18359375 0.0265625 0.04375
0 0.171875 0.56328125 0.025 0.03984375
0 0.13203125 0.590625 0.025 0.03984375
0 0.37265625 0.84453125 0.0234375 0.03515625
0 0.32890625 0.85859375 0.0265625 0.03359375
0 0.22890625 0.93359375 0.0265625 0.03359375
0 0.2890625 0.36328125 0.0265625 0.03359375
0 0.409375 0.51171875 0.0265625 0.03359375
0 0.5015625 0.6125 0.0265625 0.03359375
0 0.9796875 0.43046875 0.03125 0.03984375
0 0.984375 0.76484375 0.0265625 0.03359375
0 0.82734375 0.74375 0.028125 0.0375
0 0.2359375 0.31328125 0.0265625 0.03359375
0 0.00859375 0.225 0.0171875 0.03515625
0 0.375 0.54609375 0.025 0.03359375
0 0.41171875 0.88125 0.0296875 0.05
0 0.3984375 0.79375 0.025 0.04609375
0 0.72890625 0.39140625 0.0359375 0.04609375
0 0.58046875 0.45 0.0328125 0.0375
0 0.14375 0.77578125 0.0375 0.04375
0 0.48984375 0.27734375 0.0421875 0.04375
1 0.42890625 0.86640625 0.0890625 0.1125
1 0.6796875 0.78984375 0.103125 0.09609375