0 0.2671875 0.43359375 0.0265625 0.0375
0 0.23828125 0.57734375 0.0265625 0.0375
0 0.2421875 0.85625 0.0265625 0.0375
0 0.19453125 0.84609375 0.0265625 0.0375
0 0.08359375 0.80625 0.0265625 0.0375
0 0.01953125 0.75234375 0.0265625 0.0375
0 0.13515625 0.18984375 0.0265625 0.0375
0 0.23046875 0.18671875 0.0265625 0.04140625
0 0.259375 0.13203125 0.0265625 0.0375
0 0.2828125 0.21953125 0.0265625 0.0375
0 0.28828125 0.33359375 0.0265625 0.0375
0 0.16328125 0.52890625 0.028125 0.05
0 0.5453125 0.95078125 0.0265625 0.0375
0 0.6375 0.58203125 0.0265625 0.0375
0 0.48828125 0.86875 0.0265625 0.0375
0 0.8453125 0.85 0.0265625 0.0375
0 0.8359375 0.975 0.0265625 0.0375
0 0.85234375 0.75234375 0.0265625 0.0375
0 0.828125 0.43671875 0.025 0.03984375
0 0.8671875 0.409375 0.025 0.03984375
0 0.66328125 0.17578125 0.0265625 0.03359375
0 0.771875 0.07890625 0.0265625 0.03359375
0 0.71015625 0.63515625 0.0265625 0.03359375
0 0.5765625 0.521875 0.0265625 0.03359375
0 0.4890625 0.40546875 0.0265625 0.03359375
0 0.00703125 0.29453125 0.0140625 0.03359375
0 0.4421875 0.43203125 0.028125 0.0375
0 0.74921875 0.20234375 0.0265625 0.03359375
0 0.978125 0.83984375 0.0234375 0.03515625
0 0.58828125 0.11875 0.0296875 0.05
0 0.6015625 0.20625 0.025 0.04609375
0 0.075 0.11875 0.0296875 0.03984375
0 0.85625 0.22421875 0.0375 0.04375
0 0.5 0.73828125 0.0421875 0.04375
0 0.50078125 0.02109375 0.025 0.02734375
0 0.3125 0.18515625 0.028125 0.0375
0 0.5203125 0.01171875 0.0296875 0.01875
0 0.37265625 0.01328125 0.0234375 0.02265625
1 0.57109375 0.13359375 0.0890625 0.1125
1 0.3203125 0.21015625 0.103125 0.09609375