0 0.26484375 0.56484375 0.0265625 0.0375
0 0.23828125 0.42265625 0.0265625 0.0375
0 0.24140625 0.14375 0.0265625 0.0375
0 0.19453125 0.15390625 0.0265625 0.0375
0 0.08359375 0.19375 0.0265625 0.0375
0 0.00546875 0.19921875 0.0109375 0.03359375
0 0.13515625 0.81015625 0.0265625 0.0375
0 0.31875 0.77421875 0.0265625 0.04140625
0 0.23984375 0.83046875 0.0265625 0.0375
0 0.27578125 0.76796875 0.0265625 0.0375
0 0.2453125 0.62734375 0.0265625 0.0375
0 0.53671875 0.02265625 0.0265625 0.0375
0 0.6296875 0.39140625 0.0265625 0.0375
0 0.48828125 0.13125 0.0265625 0.0375
0 0.84296875 0.14375 0.0265625 0.0375
0 0.83359375 0.01875 0.0265625 0.0375
0 0.84453125 0.24609375 0.0265625 0.0375
0 0.828125 0.56328125 0.025 0.03984375
0 0.86484375 0.590625 0.025 0.03984375
0 0.640625 0.76796875 0.0265625 0.03359375
0 0.759375 0.896875 0.0265625 0.03359375
0 0.71015625 0.36484375 0.0265625 0.03359375
0 0.53125 0.41171875 0.0296875 0.03359375
0 0.46640625 0.56875 0.0265625 0.03359375
0 0.828125 0.63515625 0.028125 0.0375
0 0.94375 0.05546875 0.0234375 0.03515625
0 0.58828125 0.88125 0.0296875 0.05
0 0.6015625 0.79375 0.025 0.04609375
0 0.85625 0.77578125 0.0375 0.04375
0 0.49140625 0.24921875 0.0421875 0.04375
0 0.94765625 0.52265625 0.028125 0.04375
0 0.4859375 0.95546875 0.025 0.02734375
0 0.50703125 0.978125 0.0296875 0.03125
0 0.359375 0.94375 0.0234375 0.02734375
1 0.57109375 0.86640625 0.0890625 0.1125
1 0.3203125 0.78984375 0.103125 0.09609375