0 0.265625 0.434375 0.0265625 0.0375
0 0.23828125 0.57734375 0.0265625 0.0375
0 0.2421875 0.85625 0.0265625 0.0375
0 0.19453125 0.84609375 0.0265625 0.0375
0 0.08359375 0.80625 0.0265625 0.0375
0 0.01796875 0.75625 0.0265625 0.0375
0 0.13515625 0.18984375 0.0265625 0.0375
0 0.24765625 0.19296875 0.0265625 0.04140625
0 0.2546875 0.13828125 0.0265625 0.0375
0 0.28203125 0.22109375 0.0265625 0.0375
0 0.28359375 0.33984375 0.0265625 0.0375
0 0.1359375 0.52734375 0.028125 0.05
0 0.53984375 0.96171875 0.0265625 0.0375
0 0.634375 0.58828125 0.0265625 0.0375
0 0.48828125 0.86875 0.0265625 0.0375
0 0.84453125 0.85234375 0.0265625 0.0375
0 0.83515625 0.97734375 0.0265625 0.0375
0 0.8515625 0.753125 0.0265625 0.0375
0 0.828125 0.43671875 0.025 0.03984375
0 0.86640625 0.409375 0.025 0.03984375
0 0.6625 0.18046875 0.0265625 0.03359375
0 0.7703125 0.08203125 0.0265625 0.03359375
0 0.71015625 0.63515625 0.0265625 0.03359375
0 0.571875 0.52890625 0.028125 0.03359375
0 0.4859375 0.40625 0.0265625 0.03359375
0 0.00546875 0.30546875 0.0109375 0.03515625
0 0.50703125 0.459375 0.028125 0.0375
0 0.73203125 0.11875 0.0265625 0.03359375
0 0.9765625 0.85078125 0.0234375 0.03515625
0 0.58828125 0.11875 0.0296875 0.05
0 0.6015625 0.20625 0.025 0.04609375
0 0.01640625 0.05625 0.0296875 0.03984375
0 0.85625 0.22421875 0.0375 0.04375
0 0.990625 0.290625 0.0171875 0.0375
0 0.4984375 0.74140625 0.0421875 0.04375
0 0.50234375 0.02265625 0.025 0.02734375
0 0.22578125 0.27890625 0.028125 0.0375
0 0.5171875 0.0125 0.0296875 0.01875
0 0.36953125 0.01875 0.0234375 0.025
1 0.57109375 0.13359375 0.0890625 0.1125
1 0.3203125 0.21015625 0.103125 0.09609375