0 0.72421875 0.58671875 0.0265625 0.0375
0 0.76171875 0.41796875 0.0265625 0.0375
0 0.75390625 0.15078125 0.0265625 0.0375
0 0.80546875 0.15390625 0.0265625 0.0375
0 0.91640625 0.19375 0.0265625 0.0375
0 0.9703125 0.27265625 0.0265625 0.0375
0 0.86484375 0.81015625 0.0265625 0.0375
0 0.80625 0.88828125 0.0265625 0.0375
0 0.6875 0.90390625 0.0265625 0.0375
0 0.71484375 0.78359375 0.0265625 0.0375
0 0.68515625 0.69453125 0.0265625 0.0375
0 0.5765625 0.90546875 0.0265625 0.0375
0 0.41484375 0.125 0.0265625 0.0375
0 0.353125 0.43671875 0.0265625 0.0375
0 0.51171875 0.13125 0.0265625 0.0375
0 0.5390625 0.23203125 0.0265625 0.0375
0 0.15078125 0.16171875 0.0265625 0.0375
0 0.16015625 0.03671875 0.0265625 0.0375
0 0.14453125 0.25234375 0.0265625 0.0375
0 0.11640625 0.325 0.0265625 0.0375
0 0.171875 0.56328125 0.025 0.03984375
0 0.13125 0.590625 0.025 0.03984375
0 0.32890625 0.81328125 0.0234375 0.03359375
0 0.3265625 0.86875 0.0265625 0.03359375
0 0.25546875 0.92421875 0.0265625 0.03359375
0 0.23046875 0.93671875 0.0265625 0.03359375
0 0.28671875 0.36015625 0.0265625 0.03359375
0 0.41171875 0.51953125 0.0265625 0.03359375
0 0.49921875 0.615625 0.0265625 0.03359375
0 0.83046875 0.384375 0.0265625 0.03359375
0 0.984375 0.784375 0.0265625 0.03359375
0 0.93125 0.80546875 0.0265625 0.03359375
0 0.284375 0.0109375 0.01875 0.021875
0 0.34921875 0.04609375 0.0265625 0.03359375
0 0.26484375 0.15859375 0.0265625 0.03359375
0 0.0125 0.23046875 0.025 0.03359375
0 0.4484375 0.75078125 0.025 0.03515625
0 0.41171875 0.88125 0.0296875 0.05
0 0.3984375 0.79375 0.025 0.04609375
0 0.61875 0.24453125 0.0390625 0.04140625
0 0.2078125 0.35859375 0.028125 0.03515625
0 0.14375 0.77578125 0.0375 0.04375
0 0.4859375 0.28359375 0.0421875 0.04375