0 0.26484375 0.43515625 0.0265625 0.0375
0 0.23828125 0.57734375 0.0265625 0.0375
0 0.240625 0.85625 0.0265625 0.0375
0 0.19453125 0.84609375 0.0265625 0.0375
0 0.08359375 0.80625 0.0265625 0.0375
0 0.00546875 0.80859375 0.0109375 0.03359375
0 0.13515625 0.18984375 0.0265625 0.0375
0 0.3109375 0.221875 0.0265625 0.04140625
0 0.23828125 0.17421875 0.0265625 0.0375
0 0.2734375 0.23671875 0.0265625 0.0375
0 0.240625 0.375 0.0265625 0.0375
0 0.5375 0.978125 0.0265625 0.0375
0 0.63046875 0.609375 0.0265625 0.0375
0 0.48828125 0.86875 0.0265625 0.0375
0 0.84296875 0.85625 0.0265625 0.0375
0 0.83359375 0.98125 0.0265625 0.0375
0 0.84296875 0.75390625 0.0265625 0.0375
0 0.828125 0.43671875 0.025 0.03984375
0 0.86484375 0.409375 0.025 0.03984375
0 0.63359375 0.234375 0.0265625 0.03359375
0 0.7578125 0.10546875 0.0265625 0.03359375
0 0.71015625 0.63515625 0.0265625 0.03359375
0 0.5265625 0.59375 0.0296875 0.03359375
0 0.4640625 0.43515625 0.0265625 0.03359375
0 0.8953125 0.41484375 0.028125 0.0375
0 0.93828125 0.959375 0.0234375 0.03515625
0 0.58828125 0.11875 0.0296875 0.05
0 0.6015625 0.20625 0.025 0.04609375
0 0.85625 0.22421875 0.0375 0.04375
0 0.490625 0.75234375 0.0421875 0.04375
0 0.9296875 0.56875 0.0296875 0.03984375
0 0.13984375 0.95234375 0.025 0.03984375
0 0.48515625 0.04609375 0.025 0.02734375
0 0.50703125 0.02265625 0.0296875 0.03125
0 0.3578125 0.06171875 0.0234375 0.02734375
1 0.57109375 0.13359375 0.0890625 0.1125
1 0.3203125 0.21015625 0.103125 0.09609375