0 0.73515625 0.43515625 0.0265625 0.0375
0 0.76171875 0.57734375 0.0265625 0.0375
0 0.7578125 0.85625 0.0265625 0.0375
0 0.80546875 0.84609375 0.0265625 0.0375
0 0.91640625 0.80625 0.0265625 0.0375
0 0.98359375 0.76015625 0.0265625 0.0375
0 0.86484375 0.18984375 0.0265625 0.0375
0 0.740625 0.221875 0.0265625 0.04140625
0 0.74921875 0.14375 0.0265625 0.0375
0 0.71796875 0.22109375 0.0265625 0.0375
0 0.72109375 0.34609375 0.0265625 0.0375
0 0.9015625 0.54609375 0.028125 0.05
0 0.46640625 0.97265625 0.0265625 0.0375
0 0.36796875 0.59375 0.0265625 0.0375
0 0.51171875 0.86875 0.0265625 0.0375
0 0.15625 0.853125 0.0265625 0.0375
0 0.165625 0.978125 0.0265625 0.0375
0 0.1484375 0.753125 0.0265625 0.0375
0 0.171875 0.43671875 0.025 0.03984375
0 0.13359375 0.409375 0.025 0.03984375
0 0.33828125 0.18359375 0.0265625 0.03359375
0 0.23125 0.08515625 0.0265625 0.03359375
0 0.28984375 0.63515625 0.0265625 0.03359375
0 0.4328125 0.53515625 0.028125 0.03359375
0 0.51796875 0.40625 0.0265625 0.03359375
0 0.43046875 0.540625 0.028125 0.0375
0 0.3 0.08671875 0.0265625 0.03359375
0 0.025 0.86015625 0.0234375 0.03515625
0 0.41171875 0.11875 0.0296875 0.05
0 0.3984375 0.20625 0.025 0.04609375
0 0.14375 0.22421875 0.0375 0.04375
0 0.053125 0.25234375 0.0328125 0.04140625
0 0.50390625 0.74453125 0.0421875 0.04375
0 0.49609375 0.02421875 0.025 0.02734375
0 0.8734375 0.27734375 0.028125 0.0375
0 0.48515625 0.01328125 0.0296875 0.01875
0 0.6328125 0.02421875 0.0234375 0.02734375
0 0.88984375 0.01328125 0.0265625 0.0265625
1 0.42890625 0.13359375 0.0890625 0.1125
1 0.6796875 0.21015625 0.103125 0.09609375