0 0.73515625 0.43515625 0.0265625 0.0375
0 0.76171875 0.57734375 0.0265625 0.0375
0 0.759375 0.85625 0.0265625 0.0375
0 0.80546875 0.84609375 0.0265625 0.0375
0 0.91640625 0.80625 0.0265625 0.0375
0 0.99453125 0.81015625 0.0109375 0.03359375
0 0.86484375 0.18984375 0.0265625 0.0375
0 0.690625 0.221875 0.0265625 0.04140625
0 0.7640625 0.175 0.0265625 0.0375
0 0.72734375 0.23984375 0.0265625 0.0375
0 0.76171875 0.37734375 0.0265625 0.0375
0 0.4625 0.978125 0.0265625 0.0375
0 0.36953125 0.61015625 0.0265625 0.0375
0 0.51171875 0.86875 0.0265625 0.0375
0 0.15703125 0.85625 0.0265625 0.0375
0 0.16640625 0.98125 0.0265625 0.0375
0 0.15859375 0.75390625 0.0265625 0.0375
0 0.171875 0.43671875 0.025 0.03984375
0 0.13515625 0.409375 0.025 0.03984375
0 0.36796875 0.23515625 0.0265625 0.03359375
0 0.24375 0.10703125 0.0265625 0.03359375
0 0.28984375 0.63515625 0.0265625 0.03359375
0 0.4765625 0.59609375 0.0296875 0.03359375
0 0.53671875 0.43984375 0.0265625 0.03359375
0 0.0609375 0.36171875 0.028125 0.0375
0 0.06640625 0.965625 0.0234375 0.03515625
0 0.41171875 0.11875 0.0296875 0.05
0 0.3984375 0.20625 0.025 0.04609375
0 0.14375 0.22421875 0.0375 0.04375
0 0.51015625 0.753125 0.0421875 0.04375
0 0.10234375 0.60078125 0.0296875 0.03984375
0 0.8578125 0.94609375 0.025 0.03984375
0 0.51484375 0.04609375 0.025 0.02734375
0 0.4921875 0.02421875 0.0296875 0.03125
0 0.64296875 0.06328125 0.0234375 0.02734375
0 0.0109375 0.01171875 0.0203125 0.02109375
1 0.42890625 0.13359375 0.0890625 0.1125
1 0.6796875 0.21015625 0.103125 0.09609375