0 0.26484375 0.43515625 0.0265625 0.0375
0 0.23828125 0.57734375 0.0265625 0.0375
0 0.23984375 0.85625 0.0265625 0.0375
0 0.19453125 0.84609375 0.0265625 0.0375
0 0.08359375 0.80625 0.0265625 0.0375
0 0.13515625 0.18984375 0.0265625 0.0375
0 0.1984375 0.25234375 0.0265625 0.04140625
0 0.20703125 0.196875 0.0265625 0.0375
0 0.2609375 0.27109375 0.0265625 0.0375
0 0.215625 0.403125 0.0265625 0.0375
0 0.53984375 0.98125 0.0265625 0.0375
0 0.628125 0.60546875 0.0265625 0.0375
0 0.48828125 0.86875 0.0265625 0.0375
0 0.84296875 0.85625 0.0265625 0.0375
0 0.83359375 0.98125 0.0265625 0.0375
0 0.84140625 0.78125 0.0265625 0.0375
0 0.828125 0.43671875 0.025 0.03984375
0 0.8640625 0.409375 0.025 0.03984375
0 0.62734375 0.23984375 0.0265625 0.03359375
0 0.73671875 0.15546875 0.0265625 0.03359375
0 0.71015625 0.63515625 0.0265625 0.03359375
0 0.49140625 0.61328125 0.0296875 0.03359375
0 0.45859375 0.47265625 0.0265625 0.03359375
0 0.58828125 0.11875 0.0296875 0.05
0 0.6015625 0.20625 0.025 0.04609375
0 0.85625 0.22421875 0.0375 0.04375
0 0.48515625 0.759375 0.0421875 0.04375
0 0.68359375 0.97421875 0.0296875 0.03984375
0 0.18984375 0.71015625 0.025 0.03984375
0 0.48125 0.05078125 0.025 0.02734375
0 0.51015625 0.03046875 0.0296875 0.03125
0 0.35703125 0.06328125 0.0234375 0.02734375
0 0.7859375 0.40078125 0.034375 0.03984375
0 0.9703125 0.040625 0.025 0.0375
1 0.57109375 0.13359375 0.0890625 0.1125
1 0.3203125 0.21015625 0.103125 0.09609375