0 0.2734375 0.421875 0.0265625 0.0375
0 0.23828125 0.578125 0.0265625 0.0375
0 0.24296875 0.85546875 0.0265625 0.0375
0 0.19453125 0.84609375 0.0265625 0.0375
0 0.08359375 0.80625 0.0265625 0.0375
0 0.0265625 0.73125 0.0265625 0.0375
0 0.13515625 0.18984375 0.0265625 0.0375
0 0.21796875 0.16640625 0.0265625 0.0375
0 0.2921875 0.10859375 0.0265625 0.0375
0 0.284375 0.21796875 0.0265625 0.0375
0 0.31171875 0.309375 0.0265625 0.0375
0 0.36796875 0.34609375 0.0265625 0.04140625
0 0.57265625 0.88984375 0.0265625 0.0375
0 0.6421875 0.56875 0.0265625 0.0375
0 0.48828125 0.86875 0.0265625 0.0375
0 0.7796875 0.840625 0.0234375 0.0375
0 0.84765625 0.84296875 0.0265625 0.0375
0 0.83828125 0.96796875 0.0265625 0.0375
0 0.85390625 0.75 0.0265625 0.0375
0 0.828125 0.43671875 0.025 0.03984375
0 0.86796875 0.409375 0.025 0.03984375
0 0.62109375 0.084375 0.0234375 0.03515625
0 0.6703125 0.14609375 0.0265625 0.03359375
0 0.771875 0.06875 0.0265625 0.03359375
0 0.71015625 0.63515625 0.0265625 0.03359375
0 0.59140625 0.49296875 0.0265625 0.03359375
0 0.49765625 0.38828125 0.0265625 0.03359375
0 0.0140625 0.24453125 0.0265625 0.03359375
0 0.20234375 0.32109375 0.028125 0.0375
0 0.7953125 0.62890625 0.0265625 0.03359375
0 0.99296875 0.77734375 0.0140625 0.03515625
0 0.66953125 0.51953125 0.025 0.04140625
0 0.58828125 0.11875 0.0296875 0.05
0 0.6015625 0.20625 0.025 0.04609375
0 0.2609375 0.54140625 0.0359375 0.04609375
0 0.27578125 0.48125 0.0328125 0.0375
0 0.85625 0.22421875 0.0375 0.04375
0 0.50859375 0.725 0.0421875 0.04375
1 0.57109375 0.13359375 0.0890625 0.1125
1 0.3203125 0.21015625 0.103125 0.09609375