0 0.7296875 0.57109375 0.0265625 0.0375
0 0.76171875 0.42265625 0.0265625 0.0375
0 0.75703125 0.14375 0.0265625 0.0375
0 0.80546875 0.15390625 0.0265625 0.0375
0 0.91640625 0.19375 0.0265625 0.0375
0 0.97734375 0.25859375 0.0265625 0.0375
0 0.86484375 0.81015625 0.0265625 0.0375
0 0.77890625 0.81640625 0.0265625 0.04140625
0 0.72890625 0.87890625 0.0265625 0.0375
0 0.7171875 0.78046875 0.0265625 0.0375
0 0.7015625 0.67890625 0.0265625 0.0375
0 0.7703125 0.53828125 0.028125 0.04609375
0 0.44296875 0.075 0.0265625 0.0375
0 0.36171875 0.42734375 0.0265625 0.0375
0 0.51171875 0.13125 0.0265625 0.0375
0 0.15390625 0.153125 0.0265625 0.0375
0 0.16328125 0.028125 0.0265625 0.0375
0 0.146875 0.24921875 0.0265625 0.0375
0 0.171875 0.56328125 0.025 0.03984375
0 0.1328125 0.590625 0.025 0.03984375
0 0.33359375 0.83671875 0.0265625 0.03359375
0 0.2265625 0.92578125 0.0265625 0.03359375
0 0.28984375 0.36484375 0.0265625 0.03359375
0 0.415625 0.49453125 0.0265625 0.03359375
0 0.503125 0.59609375 0.0265625 0.03359375
0 0.98828125 0.72578125 0.0234375 0.03359375
0 0.62890625 0.565625 0.028125 0.0375
0 0.23203125 0.6 0.0265625 0.03359375
0 0.0125 0.18671875 0.015625 0.03515625
0 0.24921875 0.18125 0.0296875 0.04140625
0 0.41171875 0.88125 0.0296875 0.05
0 0.3984375 0.79375 0.025 0.04609375
0 0.8375 0.69375 0.0359375 0.04609375
0 0.14375 0.77578125 0.0375 0.04375
0 0.49609375 0.26796875 0.0421875 0.04375
0 0.67265625 0.97421875 0.0234375 0.02890625
0 0.503125 0.98203125 0.025 0.02734375
0 0.53125 0.9875 0.0296875 0.025
1 0.42890625 0.86640625 0.0890625 0.1125
1 0.6796875 0.78984375 0.103125 0.09609375