0 0.26484375 0.56484375 0.0265625 0.0375
0 0.23828125 0.42265625 0.0265625 0.0375
0 0.2421875 0.14375 0.0265625 0.0375
0 0.19453125 0.15390625 0.0265625 0.0375
0 0.08359375 0.19375 0.0265625 0.0375
0 0.01640625 0.2375 0.0265625 0.0375
0 0.13515625 0.81015625 0.0265625 0.0375
0 0.26328125 0.77265625 0.0265625 0.04140625
0 0.24921875 0.85390625 0.0265625 0.0375
0 0.28203125 0.77890625 0.0265625 0.0375
0 0.27734375 0.65234375 0.0265625 0.0375
0 0.0875 0.43359375 0.028125 0.05
0 0.53359375 0.02734375 0.0265625 0.0375
0 0.63125 0.40390625 0.0265625 0.0375
0 0.48828125 0.13125 0.0265625 0.0375
0 0.84375 0.14609375 0.0265625 0.0375
0 0.834375 0.02109375 0.0265625 0.0375
0 0.8515625 0.246875 0.0265625 0.0375
0 0.828125 0.56328125 0.025 0.03984375
0 0.86640625 0.590625 0.025 0.03984375
0 0.6609375 0.815625 0.0265625 0.03359375
0 0.76875 0.91328125 0.0265625 0.03359375
0 0.71015625 0.36484375 0.0265625 0.03359375
0 0.565625 0.4625 0.028125 0.03359375
0 0.48125 0.59296875 0.0265625 0.03359375
0 0.6078125 0.47265625 0.028125 0.0375
0 0.67265625 0.91875 0.0265625 0.03359375
0 0.975 0.1375 0.0234375 0.03515625
0 0.58828125 0.88125 0.0296875 0.05
0 0.6015625 0.79375 0.025 0.04609375
0 0.85625 0.77578125 0.0375 0.04375
0 0.91640625 0.74921875 0.0328125 0.04140625
0 0.49609375 0.25546875 0.0421875 0.04375
0 0.5046875 0.975 0.025 0.02734375
0 0.10390625 0.71171875 0.0296875 0.03984375
0 0.5140625 0.98671875 0.0296875 0.01875
0 0.3671875 0.975 0.0234375 0.02734375
0 0.08203125 0.94609375 0.0296875 0.03359375
1 0.57109375 0.86640625 0.0890625 0.1125
1 0.3203125 0.78984375 0.103125 0.09609375