0 0.73125 0.43125 0.0265625 0.0375
0 0.76171875 0.57734375 0.0265625 0.0375
0 0.7578125 0.85625 0.0265625 0.0375
0 0.80546875 0.84609375 0.0265625 0.0375
0 0.91640625 0.80625 0.0265625 0.0375
0 0.97890625 0.746875 0.0265625 0.0375
0 0.86484375 0.18984375 0.0265625 0.0375
0 0.77734375 0.18203125 0.0265625 0.04140625
0 0.7359375 0.12578125 0.0265625 0.0375
0 0.7171875 0.21953125 0.0265625 0.0375
0 0.70703125 0.32734375 0.0265625 0.0375
0 0.79140625 0.528125 0.028125 0.04609375
0 0.44921875 0.93828125 0.0265625 0.0375
0 0.36171875 0.57734375 0.0265625 0.0375
0 0.51171875 0.86875 0.0265625 0.0375
0 0.1546875 0.84921875 0.0265625 0.0375
0 0.1640625 0.97421875 0.0265625 0.0375
0 0.14765625 0.75234375 0.0265625 0.0375
0 0.171875 0.43671875 0.025 0.03984375
0 0.1328125 0.409375 0.025 0.03984375
0 0.3359375 0.16953125 0.0265625 0.03359375
0 0.2265625 0.07734375 0.0265625 0.03359375
0 0.28984375 0.63515625 0.0265625 0.03359375
0 0.41875 0.51484375 0.0265625 0.03359375
0 0.50703125 0.40546875 0.0265625 0.03359375
0 0.9921875 0.28671875 0.015625 0.03359375
0 0.5953125 0.47109375 0.028125 0.0375
0 0.21796875 0.284375 0.0265625 0.03359375
0 0.0171875 0.82734375 0.01875 0.03515625
0 0.196875 0.940625 0.0328125 0.04140625
0 0.41171875 0.11875 0.0296875 0.05
0 0.3984375 0.20625 0.025 0.04609375
0 0.90625 0.25390625 0.0359375 0.04609375
0 0.14375 0.22421875 0.0375 0.04375
0 0.4984375 0.73515625 0.0421875 0.04375
0 0.565625 0.046875 0.0234375 0.02890625
0 0.50078125 0.01953125 0.025 0.02734375
0 0.63828125 0.084375 0.028125 0.0375
0 0.47734375 0.01015625 0.0296875 0.01875
0 0.63515625 0.01015625 0.0234375 0.0203125
1 0.42890625 0.13359375 0.0890625 0.1125
1 0.6796875 0.21015625 0.103125 0.09609375