0 0.2734375 0.57890625 0.0265625 0.0375
0 0.23828125 0.421875 0.0265625 0.0375
0 0.24375 0.14609375 0.0265625 0.0375
0 0.19453125 0.15390625 0.0265625 0.0375
0 0.08359375 0.19375 0.0265625 0.0375
0 0.0265625 0.26953125 0.0265625 0.0375
0 0.13515625 0.81015625 0.0265625 0.0375
0 0.21796875 0.83515625 0.0265625 0.0375
0 0.29453125 0.89375 0.0265625 0.0375
0 0.284375 0.78203125 0.0265625 0.0375
0 0.3125 0.690625 0.0265625 0.0375
0 0.359375 0.678125 0.0265625 0.04140625
0 0.57421875 0.1125 0.0265625 0.0375
0 0.64296875 0.43203125 0.0265625 0.0375
0 0.48828125 0.13125 0.0265625 0.0375
0 0.7515625 0.19609375 0.0234375 0.0375
0 0.84765625 0.15859375 0.0265625 0.0375
0 0.83828125 0.03359375 0.0265625 0.0375
0 0.8546875 0.25078125 0.0265625 0.0375
0 0.828125 0.56328125 0.025 0.03984375
0 0.86796875 0.590625 0.025 0.03984375
0 0.63046875 0.903125 0.0234375 0.03515625
0 0.6703125 0.85625 0.0265625 0.03359375
0 0.771875 0.93203125 0.0265625 0.03359375
0 0.7109375 0.36328125 0.0265625 0.03359375
0 0.590625 0.509375 0.0265625 0.03359375
0 0.4984375 0.61171875 0.0265625 0.03359375
0 0.0125 0.38125 0.021875 0.0375
0 0.01484375 0.759375 0.0265625 0.03359375
0 0.1984375 0.715625 0.028125 0.0375
0 0.77265625 0.34765625 0.0265625 0.03359375
0 0.9921875 0.22421875 0.015625 0.03515625
0 0.64921875 0.490625 0.025 0.03359375
0 0.58828125 0.88125 0.0296875 0.05
0 0.6015625 0.79375 0.025 0.04609375
0 0.24765625 0.428125 0.0359375 0.04609375
0 0.33984375 0.49140625 0.0328125 0.0375
0 0.85625 0.77578125 0.0375 0.04375
0 0.509375 0.27578125 0.0421875 0.04375
1 0.57109375 0.86640625 0.0890625 0.1125
1 0.3203125 0.78984375 0.103125 0.09609375