0 0.73515625 0.43515625 0.0265625 0.0375
0 0.76171875 0.57734375 0.0265625 0.0375
0 0.75859375 0.85625 0.0265625 0.0375
0 0.80546875 0.84609375 0.0265625 0.0375
0 0.91640625 0.80625 0.0265625 0.0375
0 0.990625 0.78046875 0.01875 0.03359375
0 0.86484375 0.18984375 0.0265625 0.0375
0 0.68515625 0.25 0.0265625 0.04140625
0 0.75625 0.15859375 0.0265625 0.0375
0 0.71953125 0.22265625 0.0265625 0.0375
0 0.7390625 0.36484375 0.0265625 0.0375
0 0.46484375 0.975 0.0265625 0.0375
0 0.371875 0.60546875 0.0265625 0.0375
0 0.51171875 0.86875 0.0265625 0.0375
0 0.15703125 0.85625 0.0265625 0.0375
0 0.16640625 0.98125 0.0265625 0.0375
0 0.15078125 0.75390625 0.0265625 0.0375
0 0.171875 0.43671875 0.025 0.03984375
0 0.134375 0.409375 0.025 0.03984375
0 0.3453125 0.21171875 0.0265625 0.03359375
0 0.2359375 0.09453125 0.0265625 0.03359375
0 0.28984375 0.63515625 0.0265625 0.03359375
0 0.4484375 0.56484375 0.0296875 0.03359375
0 0.52578125 0.41875 0.0265625 0.03359375
0 0.29375 0.5125 0.028125 0.0375
0 0.03984375 0.9 0.0234375 0.03515625
0 0.41171875 0.11875 0.0296875 0.05
0 0.3984375 0.20625 0.025 0.04609375
0 0.14375 0.22421875 0.0375 0.04375
0 0.171875 0.07421875 0.0296875 0.03359375
0 0.50625 0.74765625 0.0421875 0.04375
0 0.50234375 0.03359375 0.025 0.02734375
0 0.49296875 0.01640625 0.0296875 0.02109375
0 0.63671875 0.040625 0.0234375 0.02734375
1 0.42890625 0.13359375 0.0890625 0.1125
1 0.6796875 0.21015625 0.103125 0.09609375