0 0.73515625 0.43515625 0.0265625 0.0375
0 0.76171875 0.57734375 0.0265625 0.0375
0 0.75859375 0.85625 0.0265625 0.0375
0 0.80546875 0.84609375 0.0265625 0.0375
0 0.91640625 0.80625 0.0265625 0.0375
0 0.99453125 0.80234375 0.0109375 0.03359375
0 0.86484375 0.18984375 0.0265625 0.0375
0 0.68359375 0.22265625 0.0265625 0.04140625
0 0.76015625 0.16953125 0.0265625 0.0375
0 0.72421875 0.23203125 0.0265625 0.0375
0 0.75546875 0.37265625 0.0265625 0.0375
0 0.46328125 0.97734375 0.0265625 0.0375
0 0.3703125 0.60859375 0.0265625 0.0375
0 0.51171875 0.86875 0.0265625 0.0375
0 0.15703125 0.85625 0.0265625 0.0375
0 0.16640625 0.98125 0.0265625 0.0375
0 0.15546875 0.75390625 0.0265625 0.0375
0 0.171875 0.43671875 0.025 0.03984375
0 0.13515625 0.409375 0.025 0.03984375
0 0.36015625 0.23203125 0.0265625 0.03359375
0 0.240625 0.103125 0.0265625 0.03359375
0 0.28984375 0.63515625 0.0265625 0.03359375
0 0.46953125 0.58984375 0.0296875 0.03359375
0 0.53359375 0.43125 0.0265625 0.03359375
0 0.16171875 0.36640625 0.028125 0.0375
0 0.05625 0.94609375 0.0234375 0.03515625
0 0.41171875 0.11875 0.0296875 0.05
0 0.3984375 0.20625 0.025 0.04609375
0 0.14375 0.22421875 0.0375 0.04375
0 0.50859375 0.75078125 0.0421875 0.04375
0 0.0671875 0.46953125 0.0265625 0.0375
0 0.5140625 0.04453125 0.025 0.02734375
0 0.49296875 0.021875 0.0296875 0.03125
0 0.64140625 0.05625 0.0234375 0.02734375
1 0.42890625 0.13359375 0.0890625 0.1125
1 0.6796875 0.21015625 0.103125 0.09609375