0 0.73515625 0.56484375 0.0265625 0.0375
0 0.76171875 0.42265625 0.0265625 0.0375
0 0.7578125 0.14375 0.0265625 0.0375
0 0.80546875 0.15390625 0.0265625 0.0375
0 0.91640625 0.19375 0.0265625 0.0375
0 0.984375 0.23671875 0.0265625 0.0375
0 0.86484375 0.81015625 0.0265625 0.0375
0 0.728125 0.765625 0.0265625 0.04140625
0 0.75234375 0.85234375 0.0265625 0.0375
0 0.71875 0.778125 0.0265625 0.0375
0 0.72421875 0.64921875 0.0265625 0.0375
0 0.93671875 0.4375 0.028125 0.05
0 0.46640625 0.02734375 0.0265625 0.0375
0 0.3703125 0.40234375 0.0265625 0.0375
0 0.51171875 0.13125 0.0265625 0.0375
0 0.15625 0.14609375 0.0265625 0.0375
0 0.165625 0.02109375 0.0265625 0.0375
0 0.1484375 0.246875 0.0265625 0.0375
0 0.171875 0.56328125 0.025 0.03984375
0 0.13359375 0.590625 0.025 0.03984375
0 0.3390625 0.81484375 0.0265625 0.03359375
0 0.23203125 0.9125 0.0265625 0.03359375
0 0.28984375 0.36484375 0.0265625 0.03359375
0 0.4359375 0.459375 0.028125 0.03359375
0 0.51953125 0.59140625 0.0265625 0.03359375
0 0.3734375 0.42109375 0.028125 0.0375
0 0.34453125 0.925 0.0265625 0.03359375
0 0.02578125 0.134375 0.0234375 0.03515625
0 0.41171875 0.88125 0.0296875 0.05
0 0.3984375 0.79375 0.025 0.04609375
0 0.14375 0.77578125 0.0375 0.04375
0 0.08125 0.771875 0.0328125 0.04140625
0 0.50390625 0.25546875 0.0421875 0.04375
0 0.49453125 0.975 0.025 0.02734375
0 0.91953125 0.69453125 0.0296875 0.03984375
0 0.4875 0.98671875 0.0296875 0.01875
0 0.63359375 0.97265625 0.0234375 0.02734375
0 0.96953125 0.90078125 0.0296875 0.03359375
1 0.42890625 0.86640625 0.0890625 0.1125
1 0.6796875 0.78984375 0.103125 0.09609375