0 0.275 0.584375 0.0265625 0.0375
0 0.23828125 0.41875 0.0265625 0.0375
0 0.2453125 0.14921875 0.0265625 0.0375
0 0.19453125 0.15390625 0.0265625 0.0375
0 0.08359375 0.19375 0.0265625 0.0375
0 0.02890625 0.271875 0.0265625 0.0375
0 0.13515625 0.81015625 0.0265625 0.0375
0 0.20078125 0.86171875 0.0265625 0.0375
0 0.30703125 0.90078125 0.0265625 0.0375
0 0.28515625 0.78359375 0.0265625 0.0375
0 0.3140625 0.69375 0.0265625 0.0375
0 0.39609375 0.82578125 0.0265625 0.04140625
0 0.58203125 0.12109375 0.0265625 0.0375
0 0.64609375 0.43515625 0.0265625 0.0375
0 0.48828125 0.13125 0.0265625 0.0375
0 0.56015625 0.203125 0.0265625 0.0375
0 0.8484375 0.16015625 0.0265625 0.0375
0 0.8390625 0.03515625 0.0265625 0.0375
0 0.8546875 0.25078125 0.0265625 0.0375
0 0.90546875 0.29375 0.0265625 0.0375
0 0.828125 0.56328125 0.025 0.03984375
0 0.86875 0.590625 0.025 0.03984375
0 0.69375 0.84140625 0.0234375 0.03515625
0 0.67265625 0.86484375 0.0265625 0.03359375
0 0.7703125 0.93515625 0.0265625 0.03359375
0 0.7125 0.36171875 0.0265625 0.03359375
0 0.5890625 0.51640625 0.0265625 0.03359375
0 0.5 0.61484375 0.0265625 0.03359375
0 0.0890625 0.49140625 0.0296875 0.0375
0 0.01796875 0.77890625 0.0265625 0.03359375
0 0.0953125 0.73671875 0.028125 0.0375
0 0.73203125 0.20546875 0.0265625 0.03359375
0 0.9890625 0.228125 0.021875 0.03359375
0 0.5796875 0.678125 0.025 0.03515625
0 0.58828125 0.88125 0.0296875 0.05
0 0.6015625 0.79375 0.025 0.04609375
0 0.32890625 0.3 0.0390625 0.04140625
0 0.64140625 0.38359375 0.028125 0.03515625
0 0.85625 0.77578125 0.0375 0.04375
0 0.5125 0.28125 0.0421875 0.04375