0 0.26640625 0.434375 0.0265625 0.0375
0 0.23828125 0.57734375 0.0265625 0.0375
0 0.2421875 0.85625 0.0265625 0.0375
0 0.19453125 0.84609375 0.0265625 0.0375
0 0.08359375 0.80625 0.0265625 0.0375
0 0.01875 0.75390625 0.0265625 0.0375
0 0.13515625 0.18984375 0.0265625 0.0375
0 0.23515625 0.18984375 0.0265625 0.04140625
0 0.25703125 0.13515625 0.0265625 0.0375
0 0.28203125 0.22109375 0.0265625 0.0375
0 0.2859375 0.33671875 0.0265625 0.0375
0 0.1515625 0.534375 0.028125 0.05
0 0.5421875 0.95625 0.0265625 0.0375
0 0.6359375 0.584375 0.0265625 0.0375
0 0.48828125 0.86875 0.0265625 0.0375
0 0.84453125 0.85078125 0.0265625 0.0375
0 0.83515625 0.97578125 0.0265625 0.0375
0 0.85234375 0.75234375 0.0265625 0.0375
0 0.828125 0.43671875 0.025 0.03984375
0 0.86640625 0.409375 0.025 0.03984375
0 0.6625 0.178125 0.0265625 0.03359375
0 0.77109375 0.08125 0.0265625 0.03359375
0 0.71015625 0.63515625 0.0265625 0.03359375
0 0.57421875 0.525 0.0265625 0.03359375
0 0.4875 0.40546875 0.0265625 0.03359375
0 0.00546875 0.30546875 0.0109375 0.03515625
0 0.4625 0.484375 0.028125 0.0375
0 0.74453125 0.14765625 0.0265625 0.03359375
0 0.97734375 0.84609375 0.0234375 0.03515625
0 0.58828125 0.11875 0.0296875 0.05
0 0.6015625 0.20625 0.025 0.04609375
0 0.04296875 0.08515625 0.0296875 0.03984375
0 0.85625 0.22421875 0.0375 0.04375
0 0.49921875 0.73984375 0.0421875 0.04375
0 0.5015625 0.021875 0.025 0.02734375
0 0.2578125 0.22109375 0.028125 0.0375
0 0.51875 0.01171875 0.0296875 0.01875
0 0.37109375 0.01640625 0.0234375 0.025
1 0.57109375 0.13359375 0.0890625 0.1125
1 0.3203125 0.21015625 0.103125 0.09609375