0 0.73515625 0.43515625 0.0265625 0.0375
0 0.76171875 0.57734375 0.0265625 0.0375
0 0.75859375 0.85625 0.0265625 0.0375
0 0.80546875 0.84609375 0.0265625 0.0375
0 0.91640625 0.80625 0.0265625 0.0375
0 0.99375 0.79296875 0.0125 0.03125
0 0.86484375 0.18984375 0.0265625 0.0375
0 0.68828125 0.23203125 0.0265625 0.04140625
0 0.75859375 0.16484375 0.0265625 0.0375
0 0.72109375 0.22578125 0.0265625 0.0375
0 0.74921875 0.36953125 0.0265625 0.0375
0 0.4640625 0.97578125 0.0265625 0.0375
0 0.37109375 0.60703125 0.0265625 0.0375
0 0.51171875 0.86875 0.0265625 0.0375
0 0.15703125 0.85625 0.0265625 0.0375
0 0.16640625 0.98125 0.0265625 0.0375
0 0.15390625 0.75390625 0.0265625 0.0375
0 0.171875 0.43671875 0.025 0.03984375
0 0.134375 0.409375 0.025 0.03984375
0 0.353125 0.225 0.0265625 0.03359375
0 0.23828125 0.1 0.0265625 0.03359375
0 0.28984375 0.63515625 0.0265625 0.03359375
0 0.45859375 0.57890625 0.0296875 0.03359375
0 0.5296875 0.425 0.0265625 0.03359375
0 0.234375 0.40234375 0.028125 0.0375
0 0.04921875 0.92734375 0.0234375 0.03515625
0 0.41171875 0.11875 0.0296875 0.05
0 0.3984375 0.20625 0.025 0.04609375
0 0.14375 0.22421875 0.0375 0.04375
0 0.5078125 0.75 0.0421875 0.04375
0 0.02890625 0.375 0.028125 0.04375
0 0.50859375 0.03984375 0.025 0.02734375
0 0.49296875 0.01953125 0.0296875 0.02734375
0 0.6390625 0.04921875 0.0234375 0.02734375
1 0.42890625 0.13359375 0.0890625 0.1125
1 0.6796875 0.21015625 0.103125 0.09609375