0 0.26484375 0.56484375 0.0265625 0.0375
0 0.23828125 0.42265625 0.0265625 0.0375
0 0.2421875 0.14375 0.0265625 0.0375
0 0.19453125 0.15390625 0.0265625 0.0375
0 0.08359375 0.19375 0.0265625 0.0375
0 0.01484375 0.23515625 0.0265625 0.0375
0 0.13515625 0.81015625 0.0265625 0.0375
0 0.27734375 0.76796875 0.0265625 0.04140625
0 0.246875 0.85078125 0.0265625 0.0375
0 0.28125 0.778125 0.0265625 0.0375
0 0.275 0.64765625 0.0265625 0.0375
0 0.053125 0.42890625 0.028125 0.05
0 0.534375 0.02578125 0.0265625 0.0375
0 0.62890625 0.4 0.0265625 0.0375
0 0.48828125 0.13125 0.0265625 0.0375
0 0.84375 0.14609375 0.0265625 0.0375
0 0.834375 0.02109375 0.0265625 0.0375
0 0.8515625 0.246875 0.0265625 0.0375
0 0.828125 0.56328125 0.025 0.03984375
0 0.86640625 0.590625 0.025 0.03984375
0 0.6609375 0.81328125 0.0265625 0.03359375
0 0.76796875 0.91171875 0.0265625 0.03359375
0 0.71015625 0.36484375 0.0265625 0.03359375
0 0.5625 0.45859375 0.028125 0.03359375
0 0.4796875 0.590625 0.0265625 0.03359375
0 0.63515625 0.41796875 0.028125 0.0375
0 0.6484375 0.95 0.0265625 0.03359375
0 0.97421875 0.13359375 0.0234375 0.03515625
0 0.58828125 0.88125 0.0296875 0.05
0 0.6015625 0.79375 0.025 0.04609375
0 0.85625 0.77578125 0.0375 0.04375
0 0.9015625 0.759375 0.0328125 0.04375
0 0.4953125 0.25390625 0.0421875 0.04375
0 0.50546875 0.97421875 0.025 0.02734375
0 0.05 0.72734375 0.0296875 0.03984375
0 0.51171875 0.98671875 0.0296875 0.01875
0 0.36640625 0.971875 0.0234375 0.02734375
1 0.57109375 0.86640625 0.0890625 0.1125
1 0.3203125 0.78984375 0.103125 0.09609375