0 0.26484375 0.43515625 0.0265625 0.0375
0 0.23828125 0.57734375 0.0265625 0.0375
0 0.24140625 0.85625 0.0265625 0.0375
0 0.19453125 0.84609375 0.0265625 0.0375
0 0.08359375 0.80625 0.0265625 0.0375
0 0.00625 0.79453125 0.0125 0.03125
0 0.13515625 0.18984375 0.0265625 0.0375
0 0.3109375 0.228125 0.0265625 0.04140625
0 0.24140625 0.165625 0.0265625 0.0375
0 0.278125 0.228125 0.0265625 0.0375
0 0.24921875 0.37109375 0.0265625 0.0375
0 0.53671875 0.97734375 0.0265625 0.0375
0 0.62890625 0.60703125 0.0265625 0.0375
0 0.48828125 0.86875 0.0265625 0.0375
0 0.84296875 0.85625 0.0265625 0.0375
0 0.83359375 0.98125 0.0265625 0.0375
0 0.84609375 0.75390625 0.0265625 0.0375
0 0.828125 0.43671875 0.025 0.03984375
0 0.86484375 0.409375 0.025 0.03984375
0 0.6453125 0.22734375 0.0265625 0.03359375
0 0.7609375 0.10078125 0.0265625 0.03359375
0 0.71015625 0.63515625 0.0265625 0.03359375
0 0.5390625 0.58203125 0.0296875 0.03359375
0 0.46953125 0.42734375 0.0265625 0.03359375
0 0.784375 0.39765625 0.028125 0.0375
0 0.94921875 0.93203125 0.0234375 0.03515625
0 0.58828125 0.11875 0.0296875 0.05
0 0.6015625 0.20625 0.025 0.04609375
0 0.85625 0.22421875 0.0375 0.04375
0 0.4921875 0.75 0.0421875 0.04375
0 0.95859375 0.39609375 0.028125 0.04375
0 0.48984375 0.04140625 0.025 0.02734375
0 0.50703125 0.01953125 0.0296875 0.02734375
0 0.36015625 0.05078125 0.0234375 0.02734375
1 0.57109375 0.13359375 0.0890625 0.1125
1 0.3203125 0.21015625 0.103125 0.09609375