0 0.275 0.58515625 0.0265625 0.0375
0 0.23828125 0.41796875 0.0265625 0.0375
0 0.2453125 0.15 0.0265625 0.0375
0 0.19453125 0.15390625 0.0265625 0.0375
0 0.08359375 0.19375 0.0265625 0.0375
0 0.0296875 0.271875 0.0265625 0.0375
0 0.13515625 0.81015625 0.0265625 0.0375
0 0.196875 0.87265625 0.0265625 0.0375
0 0.30859375 0.90234375 0.0265625 0.0375
0 0.28515625 0.78359375 0.0265625 0.0375
0 0.3140625 0.69453125 0.0265625 0.0375
0 0.41171875 0.853125 0.0265625 0.04140625
0 0.5828125 0.12265625 0.0265625 0.0375
0 0.64609375 0.43515625 0.0265625 0.0375
0 0.48828125 0.13125 0.0265625 0.0375
0 0.53828125 0.20625 0.0265625 0.0375
0 0.8484375 0.16171875 0.0265625 0.0375
0 0.8390625 0.03671875 0.0265625 0.0375
0 0.85546875 0.25234375 0.0265625 0.0375
0 0.92265625 0.31875 0.0265625 0.0375
0 0.828125 0.56328125 0.025 0.03984375
0 0.86875 0.590625 0.025 0.03984375
0 0.6921875 0.83203125 0.0234375 0.03359375
0 0.6734375 0.86640625 0.0265625 0.03359375
0 0.7703125 0.93515625 0.0265625 0.03359375
0 0.7125 0.36171875 0.0265625 0.03359375
0 0.5890625 0.51796875 0.0265625 0.03359375
0 0.5 0.615625 0.0265625 0.03359375
0 0.12734375 0.459375 0.0296875 0.0375
0 0.01796875 0.78125 0.0265625 0.03359375
0 0.078125 0.75234375 0.028125 0.0375
0 0.74140625 0.19453125 0.0265625 0.03359375
0 0.98828125 0.22890625 0.0234375 0.03359375
0 0.58125 0.696875 0.025 0.03515625
0 0.58828125 0.88125 0.0296875 0.05
0 0.6015625 0.79375 0.025 0.04609375
0 0.35390625 0.26875 0.0390625 0.04140625
0 0.7109375 0.40078125 0.028125 0.03515625
0 0.85625 0.77578125 0.0375 0.04375
0 0.51328125 0.28203125 0.0421875 0.04375