0 0.73515625 0.43515625 0.0265625 0.0375
0 0.76171875 0.57734375 0.0265625 0.0375
0 0.76015625 0.85625 0.0265625 0.0375
0 0.80546875 0.84609375 0.0265625 0.0375
0 0.91640625 0.80625 0.0265625 0.0375
0 0.86484375 0.18984375 0.0265625 0.0375
0 0.79609375 0.25 0.0265625 0.04140625
0 0.79296875 0.19609375 0.0265625 0.0375
0 0.7390625 0.26953125 0.0265625 0.0375
0 0.784375 0.403125 0.0265625 0.0375
0 0.46015625 0.98125 0.0265625 0.0375
0 0.371875 0.60546875 0.0265625 0.0375
0 0.51171875 0.86875 0.0265625 0.0375
0 0.15703125 0.85625 0.0265625 0.0375
0 0.16640625 0.98125 0.0265625 0.0375
0 0.15859375 0.78125 0.0265625 0.0375
0 0.171875 0.43671875 0.025 0.03984375
0 0.1359375 0.409375 0.025 0.03984375
0 0.37265625 0.23984375 0.0265625 0.03359375
0 0.26328125 0.15390625 0.0265625 0.03359375
0 0.28984375 0.63515625 0.0265625 0.03359375
0 0.50859375 0.6125 0.0296875 0.03359375
0 0.54140625 0.471875 0.0265625 0.03359375
0 0.41171875 0.11875 0.0296875 0.05
0 0.3984375 0.20625 0.025 0.04609375
0 0.14375 0.22421875 0.0375 0.04375
0 0.51484375 0.759375 0.0421875 0.04375
0 0.31328125 0.971875 0.0296875 0.03984375
0 0.80859375 0.71015625 0.025 0.03984375
0 0.51875 0.05078125 0.025 0.02734375
0 0.48984375 0.02890625 0.0296875 0.03125
0 0.64296875 0.06328125 0.0234375 0.02734375
0 0.2171875 0.40078125 0.034375 0.03984375
0 0.0296875 0.03984375 0.025 0.0375
1 0.42890625 0.13359375 0.0890625 0.1125
1 0.6796875 0.21015625 0.103125 0.09609375