0 0.73515625 0.56484375 0.0265625 0.0375
0 0.76171875 0.42265625 0.0265625 0.0375
0 0.76015625 0.14375 0.0265625 0.0375
0 0.80546875 0.15390625 0.0265625 0.0375
0 0.91640625 0.19375 0.0265625 0.0375
0 0.86484375 0.81015625 0.0265625 0.0375
0 0.81015625 0.740625 0.0265625 0.04140625
0 0.79375 0.80078125 0.0265625 0.0375
0 0.740625 0.72734375 0.0265625 0.0375
0 0.78515625 0.59609375 0.0265625 0.0375
0 0.46015625 0.01875 0.0265625 0.0375
0 0.37265625 0.39609375 0.0265625 0.0375
0 0.51171875 0.13125 0.0265625 0.0375
0 0.15703125 0.14375 0.0265625 0.0375
0 0.16640625 0.01875 0.0265625 0.0375
0 0.15859375 0.21875 0.0265625 0.0375
0 0.171875 0.56328125 0.025 0.03984375
0 0.1359375 0.590625 0.025 0.03984375
0 0.37265625 0.76015625 0.0265625 0.03359375
0 0.26328125 0.84296875 0.0265625 0.03359375
0 0.28984375 0.36484375 0.0265625 0.03359375
0 0.5109375 0.38671875 0.0296875 0.03359375
0 0.54140625 0.52734375 0.0265625 0.03359375
0 0.41171875 0.88125 0.0296875 0.05
0 0.3984375 0.79375 0.025 0.04609375
0 0.14375 0.77578125 0.0375 0.04375
0 0.51484375 0.240625 0.0421875 0.04375
0 0.3265625 0.01796875 0.028125 0.02734375
0 0.81640625 0.2875 0.025 0.03984375
0 0.51875 0.94921875 0.025 0.02734375
0 0.48984375 0.96953125 0.0296875 0.03125
0 0.64296875 0.93671875 0.0234375 0.02734375
0 0.2015625 0.58515625 0.034375 0.03984375
0 0.03046875 0.95859375 0.025 0.03984375
1 0.42890625 0.86640625 0.0890625 0.1125
1 0.6796875 0.78984375 0.103125 0.09609375