0 0.26484375 0.56484375 0.0265625 0.0375
0 0.23828125 0.42265625 0.0265625 0.0375
0 0.240625 0.14375 0.0265625 0.0375
0 0.19453125 0.15390625 0.0265625 0.0375
0 0.08359375 0.19375 0.0265625 0.0375
0 0.00546875 0.18984375 0.0109375 0.03359375
0 0.13515625 0.81015625 0.0265625 0.0375
0 0.30625 0.78125 0.0265625 0.04140625
0 0.23359375 0.82578125 0.0265625 0.0375
0 0.271875 0.75859375 0.0265625 0.0375
0 0.23671875 0.62109375 0.0265625 0.0375
0 0.53828125 0.02109375 0.0265625 0.0375
0 0.63046875 0.38984375 0.0265625 0.0375
0 0.48828125 0.13125 0.0265625 0.0375
0 0.84296875 0.14375 0.0265625 0.0375
0 0.83359375 0.01875 0.0265625 0.0375
0 0.84140625 0.24609375 0.0265625 0.0375
0 0.828125 0.56328125 0.025 0.03984375
0 0.86484375 0.590625 0.025 0.03984375
0 0.63125 0.76484375 0.0265625 0.03359375
0 0.75546875 0.89140625 0.0265625 0.03359375
0 0.71015625 0.36484375 0.0265625 0.03359375
0 0.521875 0.40234375 0.0296875 0.03359375
0 0.46328125 0.55859375 0.0265625 0.03359375
0 0.9703125 0.60234375 0.028125 0.0375
0 0.93125 0.03125 0.0234375 0.03515625
0 0.58828125 0.88125 0.0296875 0.05
0 0.6015625 0.79375 0.025 0.04609375
0 0.85625 0.77578125 0.0375 0.04375
0 0.48984375 0.246875 0.0421875 0.04375
0 0.90078125 0.35703125 0.0296875 0.03984375
0 0.14140625 0.065625 0.025 0.03984375
0 0.48515625 0.95390625 0.025 0.02734375
0 0.5078125 0.97578125 0.0296875 0.03125
0 0.35703125 0.93671875 0.0234375 0.02734375
0 0.98828125 0.9875 0.0203125 0.02265625
1 0.57109375 0.86640625 0.0890625 0.1125
1 0.3203125 0.78984375 0.103125 0.09609375