0 0.275 0.41640625 0.0265625 0.0375
0 0.23828125 0.58125 0.0265625 0.0375
0 0.24453125 0.85078125 0.0265625 0.0375
0 0.19453125 0.84609375 0.0265625 0.0375
0 0.08359375 0.80625 0.0265625 0.0375
0 0.02890625 0.72890625 0.0265625 0.0375
0 0.13515625 0.18984375 0.0265625 0.0375
0 0.203125 0.13515625 0.0265625 0.0375
0 0.3046875 0.1 0.0265625 0.0375
0 0.284375 0.21796875 0.0265625 0.0375
0 0.31328125 0.30625 0.0265625 0.0375
0 0.378125 0.175 0.0265625 0.04140625
0 0.58046875 0.88046875 0.0265625 0.0375
0 0.6453125 0.56484375 0.0265625 0.0375
0 0.48828125 0.86875 0.0265625 0.0375
0 0.58046875 0.8125 0.0265625 0.0375
0 0.8484375 0.83984375 0.0265625 0.0375
0 0.8390625 0.96484375 0.0265625 0.0375
0 0.8546875 0.74921875 0.0265625 0.0375
0 0.93828125 0.72578125 0.0265625 0.04375
0 0.828125 0.43671875 0.025 0.03984375
0 0.86875 0.409375 0.025 0.03984375
0 0.68359375 0.13515625 0.0234375 0.03515625
0 0.67265625 0.13671875 0.0265625 0.03359375
0 0.7703125 0.065625 0.0265625 0.03359375
0 0.71171875 0.6375 0.0265625 0.03359375
0 0.58984375 0.48515625 0.0265625 0.03359375
0 0.49921875 0.38515625 0.0265625 0.03359375
0 0.0875 0.50625 0.0296875 0.0375
0 0.0171875 0.22421875 0.0265625 0.03359375
0 0.115625 0.25625 0.028125 0.0375
0 0.7515625 0.77421875 0.0265625 0.03359375
0 0.9890625 0.771875 0.021875 0.03359375
0 0.61953125 0.32421875 0.025 0.03515625
0 0.58828125 0.11875 0.0296875 0.05
0 0.6015625 0.20625 0.025 0.04609375
0 0.32890625 0.67734375 0.0390625 0.04140625
0 0.60625 0.60546875 0.028125 0.03515625
0 0.85625 0.22421875 0.0375 0.04375
0 0.5125 0.71953125 0.0421875 0.04375