0 0.26953125 0.43046875 0.0265625 0.0375
0 0.23828125 0.57734375 0.0265625 0.0375
0 0.2421875 0.85625 0.0265625 0.0375
0 0.19453125 0.84609375 0.0265625 0.0375
0 0.08359375 0.80625 0.0265625 0.0375
0 0.021875 0.74453125 0.0265625 0.0375
0 0.13515625 0.18984375 0.0265625 0.0375
0 0.22109375 0.18359375 0.0265625 0.04140625
0 0.2671875 0.12265625 0.0265625 0.0375
0 0.2828125 0.21953125 0.0265625 0.0375
0 0.29609375 0.32265625 0.0265625 0.0375
0 0.21484375 0.48359375 0.028125 0.04609375
0 0.55390625 0.93125 0.0265625 0.0375
0 0.63828125 0.575 0.0265625 0.0375
0 0.48828125 0.86875 0.0265625 0.0375
0 0.84609375 0.84765625 0.0265625 0.0375
0 0.83671875 0.97265625 0.0265625 0.0375
0 0.853125 0.75078125 0.0265625 0.0375
0 0.828125 0.43671875 0.025 0.03984375
0 0.8671875 0.409375 0.025 0.03984375
0 0.665625 0.16640625 0.0265625 0.03359375
0 0.77421875 0.075 0.0265625 0.03359375
0 0.71015625 0.63515625 0.0265625 0.03359375
0 0.5828125 0.509375 0.0265625 0.03359375
0 0.4953125 0.40390625 0.0265625 0.03359375
0 0.01015625 0.28046875 0.0203125 0.03359375
0 0.384375 0.45859375 0.028125 0.0375
0 0.78828125 0.35625 0.0265625 0.03359375
0 0.98515625 0.81953125 0.0171875 0.03515625
0 0.77890625 0.8625 0.0390625 0.04140625
0 0.58828125 0.11875 0.0296875 0.05
0 0.6015625 0.20625 0.025 0.04609375
0 0.15859375 0.26640625 0.0359375 0.04609375
0 0.85625 0.22421875 0.0375 0.04375
0 0.503125 0.734375 0.0421875 0.04375
0 0.3640625 0.084375 0.0234375 0.02890625
0 0.49765625 0.01875 0.025 0.02734375
0 0.42578125 0.03984375 0.0296875 0.04375
0 0.525 0.009375 0.0296875 0.01875
1 0.57109375 0.13359375 0.0890625 0.1125
1 0.3203125 0.21015625 0.103125 0.09609375