0 0.26484375 0.56484375 0.0265625 0.0375
0 0.23828125 0.42265625 0.0265625 0.0375
0 0.2421875 0.14375 0.0265625 0.0375
0 0.19453125 0.15390625 0.0265625 0.0375
0 0.08359375 0.19375 0.0265625 0.0375
0 0.0171875 0.240625 0.0265625 0.0375
0 0.13515625 0.81015625 0.0265625 0.0375
0 0.2515625 0.790625 0.0265625 0.04140625
0 0.25234375 0.85859375 0.0265625 0.0375
0 0.28203125 0.77890625 0.0265625 0.0375
0 0.28046875 0.65625 0.0265625 0.0375
0 0.11640625 0.47734375 0.028125 0.05
0 0.5359375 0.03203125 0.0265625 0.0375
0 0.6328125 0.40859375 0.0265625 0.0375
0 0.48828125 0.13125 0.0265625 0.0375
0 0.84453125 0.14765625 0.0265625 0.0375
0 0.83515625 0.02265625 0.0265625 0.0375
0 0.8515625 0.246875 0.0265625 0.0375
0 0.828125 0.56328125 0.025 0.03984375
0 0.86640625 0.590625 0.025 0.03984375
0 0.66171875 0.81796875 0.0265625 0.03359375
0 0.76953125 0.915625 0.0265625 0.03359375
0 0.71015625 0.36484375 0.0265625 0.03359375
0 0.56875 0.46796875 0.028125 0.03359375
0 0.48359375 0.59375 0.0265625 0.03359375
0 0.5515625 0.4875 0.028125 0.0375
0 0.70625 0.89921875 0.0265625 0.03359375
0 0.97578125 0.14375 0.0234375 0.03515625
0 0.58828125 0.88125 0.0296875 0.05
0 0.6015625 0.79375 0.025 0.04609375
0 0.85625 0.77578125 0.0375 0.04375
0 0.9625 0.72578125 0.0390625 0.04140625
0 0.496875 0.25703125 0.0421875 0.04375
0 0.503125 0.97578125 0.025 0.02734375
0 0.1609375 0.7375 0.028125 0.0375
0 0.515625 0.9875 0.0296875 0.01875
0 0.36796875 0.97890625 0.0234375 0.02734375
1 0.57109375 0.86640625 0.0890625 0.1125
1 0.3203125 0.78984375 0.103125 0.09609375