0 0.26484375 0.56484375 0.0265625 0.0375
0 0.23828125 0.42265625 0.0265625 0.0375
0 0.24140625 0.14375 0.0265625 0.0375
0 0.19453125 0.15390625 0.0265625 0.0375
0 0.08359375 0.19375 0.0265625 0.0375
0 0.01171875 0.22578125 0.0234375 0.03515625
0 0.13515625 0.81015625 0.0265625 0.0375
0 0.303125 0.75 0.0265625 0.04140625
0 0.24453125 0.84453125 0.0265625 0.0375
0 0.28125 0.778125 0.0265625 0.0375
0 0.2671875 0.63828125 0.0265625 0.0375
0 0.53515625 0.025 0.0265625 0.0375
0 0.628125 0.39453125 0.0265625 0.0375
0 0.48828125 0.13125 0.0265625 0.0375
0 0.84296875 0.14375 0.0265625 0.0375
0 0.83359375 0.01875 0.0265625 0.0375
0 0.85 0.24609375 0.0265625 0.0375
0 0.828125 0.56328125 0.025 0.03984375
0 0.865625 0.590625 0.025 0.03984375
0 0.659375 0.79765625 0.0265625 0.03359375
0 0.765625 0.90703125 0.0265625 0.03359375
0 0.71015625 0.36484375 0.0265625 0.03359375
0 0.5546875 0.44375 0.0296875 0.03359375
0 0.4765625 0.584375 0.0265625 0.03359375
0 0.65546875 0.49609375 0.028125 0.0375
0 0.9625 0.11171875 0.0234375 0.03515625
0 0.58828125 0.88125 0.0296875 0.05
0 0.6015625 0.79375 0.025 0.04609375
0 0.85625 0.77578125 0.0375 0.04375
0 0.84296875 0.8625 0.0328125 0.0375
0 0.49453125 0.253125 0.0421875 0.04375
0 0.50078125 0.96875 0.025 0.02734375
0 0.5078125 0.984375 0.0296875 0.01875
0 0.3640625 0.96328125 0.0234375 0.02734375
1 0.57109375 0.86640625 0.0890625 0.1125
1 0.3203125 0.78984375 0.103125 0.09609375