0 0.27265625 0.42265625 0.0265625 0.0375
0 0.23828125 0.57734375 0.0265625 0.0375
0 0.24296875 0.85625 0.0265625 0.0375
0 0.19453125 0.84609375 0.0265625 0.0375
0 0.08359375 0.80625 0.0265625 0.0375
0 0.02578125 0.73125 0.0265625 0.0375
0 0.13515625 0.18984375 0.0265625 0.0375
0 0.21796875 0.16875 0.0265625 0.0375
0 0.290625 0.10859375 0.0265625 0.0375
0 0.284375 0.21796875 0.0265625 0.0375
0 0.31171875 0.31015625 0.0265625 0.0375
0 0.34765625 0.36328125 0.0265625 0.04140625
0 0.571875 0.890625 0.0265625 0.0375
0 0.6421875 0.56875 0.0265625 0.0375
0 0.48828125 0.86875 0.0265625 0.0375
0 0.81484375 0.825 0.0234375 0.0375
0 0.84765625 0.84296875 0.0265625 0.0375
0 0.83828125 0.96796875 0.0265625 0.0375
0 0.85390625 0.75 0.0265625 0.0375
0 0.828125 0.43671875 0.025 0.03984375
0 0.86796875 0.409375 0.025 0.03984375
0 0.61484375 0.05390625 0.0234375 0.02890625
0 0.66953125 0.146875 0.0265625 0.03359375
0 0.771875 0.06875 0.0265625 0.03359375
0 0.71015625 0.63515625 0.0265625 0.03359375
0 0.59140625 0.49296875 0.0265625 0.03359375
0 0.49765625 0.38984375 0.0265625 0.03359375
0 0.0140625 0.246875 0.0265625 0.03359375
0 0.2234375 0.31875 0.028125 0.0375
0 0.75703125 0.61171875 0.0265625 0.03359375
0 0.99296875 0.77734375 0.0140625 0.03515625
0 0.6578125 0.55 0.025 0.04140625
0 0.58828125 0.11875 0.0296875 0.05
0 0.6015625 0.20625 0.025 0.04609375
0 0.24765625 0.51796875 0.0359375 0.04609375
0 0.253125 0.465625 0.0328125 0.0375
0 0.85625 0.22421875 0.0375 0.04375
0 0.50859375 0.725 0.0421875 0.04375
1 0.57109375 0.13359375 0.0890625 0.1125
1 0.3203125 0.21015625 0.103125 0.09609375