0 0.26484375 0.43515625 0.0265625 0.0375
0 0.23828125 0.57734375 0.0265625 0.0375
0 0.24140625 0.85625 0.0265625 0.0375
0 0.19453125 0.84609375 0.0265625 0.0375
0 0.08359375 0.80625 0.0265625 0.0375
0 0.00625 0.79140625 0.0125 0.03125
0 0.13515625 0.18984375 0.0265625 0.0375
0 0.3140625 0.234375 0.0265625 0.04140625
0 0.24140625 0.16484375 0.0265625 0.0375
0 0.27890625 0.22578125 0.0265625 0.0375
0 0.2515625 0.36875 0.0265625 0.0375
0 0.5359375 0.97578125 0.0265625 0.0375
0 0.62890625 0.60703125 0.0265625 0.0375
0 0.48828125 0.86875 0.0265625 0.0375
0 0.84296875 0.85625 0.0265625 0.0375
0 0.83359375 0.98125 0.0265625 0.0375
0 0.846875 0.75390625 0.0265625 0.0375
0 0.828125 0.43671875 0.025 0.03984375
0 0.865625 0.409375 0.025 0.03984375
0 0.646875 0.22421875 0.0265625 0.03359375
0 0.76171875 0.09921875 0.0265625 0.03359375
0 0.71015625 0.63515625 0.0265625 0.03359375
0 0.54296875 0.57890625 0.0296875 0.03359375
0 0.47109375 0.425 0.0265625 0.03359375
0 0.77890625 0.43671875 0.028125 0.0375
0 0.9515625 0.925 0.0234375 0.03515625
0 0.58828125 0.11875 0.0296875 0.05
0 0.6015625 0.20625 0.025 0.04609375
0 0.85625 0.22421875 0.0375 0.04375
0 0.75859375 0.01796875 0.0296875 0.03359375
0 0.4921875 0.75 0.0421875 0.04375
0 0.9625 0.35703125 0.028125 0.04375
0 0.4921875 0.03984375 0.025 0.02734375
0 0.50703125 0.01875 0.0296875 0.025
0 0.3609375 0.04765625 0.0234375 0.02734375
1 0.57109375 0.13359375 0.0890625 0.1125
1 0.3203125 0.21015625 0.103125 0.09609375