0 0.7265625 0.57890625 0.0265625 0.0375
0 0.76171875 0.421875 0.0265625 0.0375
0 0.75625 0.14609375 0.0265625 0.0375
0 0.80546875 0.15390625 0.0265625 0.0375
0 0.91640625 0.19375 0.0265625 0.0375
0 0.9734375 0.26953125 0.0265625 0.0375
0 0.86484375 0.81015625 0.0265625 0.0375
0 0.78203125 0.83671875 0.0265625 0.0375
0 0.7046875 0.89453125 0.0265625 0.0375
0 0.715625 0.78203125 0.0265625 0.0375
0 0.6875 0.690625 0.0265625 0.0375
0 0.66328125 0.7 0.0265625 0.04140625
0 0.425 0.1125 0.0265625 0.0375
0 0.35703125 0.43203125 0.0265625 0.0375
0 0.51171875 0.13125 0.0265625 0.0375
0 0.27890625 0.19765625 0.0234375 0.0375
0 0.15234375 0.15859375 0.0265625 0.0375
0 0.16171875 0.03359375 0.0265625 0.0375
0 0.1453125 0.25078125 0.0265625 0.0375
0 0.009375 0.1625 0.01875 0.04140625
0 0.171875 0.56328125 0.025 0.03984375
0 0.13203125 0.590625 0.025 0.03984375
0 0.365625 0.8875 0.0234375 0.03515625
0 0.3296875 0.85625 0.0265625 0.03359375
0 0.228125 0.93203125 0.0265625 0.03359375
0 0.2890625 0.36328125 0.0265625 0.03359375
0 0.409375 0.509375 0.0265625 0.03359375
0 0.5015625 0.61171875 0.0265625 0.03359375
0 0.98984375 0.41484375 0.0203125 0.04140625
0 0.98515625 0.76015625 0.0265625 0.03359375
0 0.803125 0.72265625 0.028125 0.0375
0 0.22421875 0.33359375 0.0265625 0.03359375
0 0.0078125 0.22421875 0.015625 0.03515625
0 0.36484375 0.50546875 0.025 0.03359375
0 0.41171875 0.88125 0.0296875 0.05
0 0.3984375 0.79375 0.025 0.04609375
0 0.7484375 0.44140625 0.0359375 0.04609375
0 0.6453125 0.48203125 0.0328125 0.0375
0 0.14375 0.77578125 0.0375 0.04375
0 0.490625 0.27578125 0.0421875 0.04375
1 0.42890625 0.86640625 0.0890625 0.1125
1 0.6796875 0.78984375 0.103125 0.09609375