0 0.734375 0.56484375 0.0265625 0.0375
0 0.76171875 0.42265625 0.0265625 0.0375
0 0.7578125 0.14375 0.0265625 0.0375
0 0.80546875 0.15390625 0.0265625 0.0375
0 0.91640625 0.19375 0.0265625 0.0375
0 0.9828125 0.24296875 0.0265625 0.0375
0 0.86484375 0.81015625 0.0265625 0.0375
0 0.7515625 0.79921875 0.0265625 0.04140625
0 0.74609375 0.86015625 0.0265625 0.0375
0 0.71796875 0.77890625 0.0265625 0.0375
0 0.71796875 0.65859375 0.0265625 0.0375
0 0.87421875 0.47421875 0.028125 0.05
0 0.46171875 0.03671875 0.0265625 0.0375
0 0.36640625 0.41015625 0.0265625 0.0375
0 0.51171875 0.13125 0.0265625 0.0375
0 0.15546875 0.14765625 0.0265625 0.0375
0 0.16484375 0.02265625 0.0265625 0.0375
0 0.1484375 0.246875 0.0265625 0.0375
0 0.171875 0.56328125 0.025 0.03984375
0 0.13359375 0.590625 0.025 0.03984375
0 0.33828125 0.81953125 0.0265625 0.03359375
0 0.2296875 0.91640625 0.0265625 0.03359375
0 0.28984375 0.36484375 0.0265625 0.03359375
0 0.42890625 0.46953125 0.028125 0.03359375
0 0.51484375 0.59375 0.0265625 0.03359375
0 0.99453125 0.69453125 0.0109375 0.03515625
0 0.47421875 0.54140625 0.028125 0.0375
0 0.2796875 0.89609375 0.0265625 0.03359375
0 0.0234375 0.146875 0.0234375 0.03515625
0 0.41171875 0.88125 0.0296875 0.05
0 0.3984375 0.79375 0.025 0.04609375
0 0.9734375 0.97265625 0.0265625 0.03125
0 0.14375 0.77578125 0.0375 0.04375
0 0.0265625 0.69140625 0.021875 0.0375
0 0.50234375 0.25859375 0.0421875 0.04375
0 0.496875 0.97734375 0.025 0.02734375
0 0.79140625 0.74140625 0.028125 0.0375
0 0.48359375 0.9875 0.0296875 0.01875
0 0.63046875 0.98046875 0.0234375 0.025
1 0.42890625 0.86640625 0.0890625 0.1125
1 0.6796875 0.78984375 0.103125 0.09609375