0 0.725 0.41484375 0.0265625 0.0375
0 0.76171875 0.58203125 0.0265625 0.0375
0 0.7546875 0.85 0.0265625 0.0375
0 0.80546875 0.84609375 0.0265625 0.0375
0 0.91640625 0.80625 0.0265625 0.0375
0 0.9703125 0.728125 0.0265625 0.0375
0 0.86484375 0.18984375 0.0265625 0.0375
0 0.80546875 0.12578125 0.0265625 0.0375
0 0.690625 0.096875 0.0265625 0.0375
0 0.71484375 0.21640625 0.0265625 0.0375
0 0.6859375 0.30546875 0.0265625 0.0375
0 0.58984375 0.13125 0.0265625 0.04140625
0 0.41640625 0.87734375 0.0265625 0.0375
0 0.35390625 0.56328125 0.0265625 0.0375
0 0.51171875 0.86875 0.0265625 0.0375
0 0.48046875 0.78125 0.0265625 0.0375
0 0.1515625 0.83828125 0.0265625 0.0375
0 0.1609375 0.96328125 0.0265625 0.0375
0 0.14453125 0.74765625 0.0265625 0.0375
0 0.10546875 0.703125 0.0265625 0.0375
0 0.171875 0.43671875 0.025 0.03984375
0 0.13125 0.409375 0.025 0.03984375
0 0.3109375 0.17421875 0.0234375 0.03359375
0 0.3265625 0.13359375 0.0265625 0.03359375
0 0.2296875 0.06328125 0.0265625 0.03359375
0 0.2875 0.63828125 0.0265625 0.03359375
0 0.4109375 0.48203125 0.0265625 0.03359375
0 0.5 0.384375 0.0265625 0.03359375
0 0.85 0.55546875 0.028125 0.03515625
0 0.9828125 0.21796875 0.0265625 0.03359375
0 0.92734375 0.23125 0.0265625 0.03359375
0 0.253125 0.81796875 0.0265625 0.03359375
0 0.01171875 0.77109375 0.0234375 0.03359375
0 0.43046875 0.29140625 0.025 0.03515625
0 0.41171875 0.11875 0.0296875 0.05
0 0.3984375 0.20625 0.025 0.04609375
0 0.66015625 0.72890625 0.0390625 0.04140625
0 0.26171875 0.58203125 0.028125 0.03515625
0 0.14375 0.22421875 0.0375 0.04375
0 0.48671875 0.71796875 0.0421875 0.04375