0 0.26484375 0.43515625 0.0265625 0.0375
0 0.23828125 0.57734375 0.0265625 0.0375
0 0.2421875 0.85625 0.0265625 0.0375
0 0.19453125 0.84609375 0.0265625 0.0375
0 0.08359375 0.80625 0.0265625 0.0375
0 0.0171875 0.75703125 0.0265625 0.0375
0 0.13515625 0.18984375 0.0265625 0.0375
0 0.24765625 0.20859375 0.0265625 0.04140625
0 0.25390625 0.13984375 0.0265625 0.0375
0 0.28203125 0.22109375 0.0265625 0.0375
0 0.28203125 0.34140625 0.0265625 0.0375
0 0.128125 0.52578125 0.028125 0.05
0 0.5375 0.96484375 0.0265625 0.0375
0 0.63359375 0.58984375 0.0265625 0.0375
0 0.48828125 0.86875 0.0265625 0.0375
0 0.84453125 0.85234375 0.0265625 0.0375
0 0.83515625 0.97734375 0.0265625 0.0375
0 0.8515625 0.753125 0.0265625 0.0375
0 0.828125 0.43671875 0.025 0.03984375
0 0.86640625 0.409375 0.025 0.03984375
0 0.66171875 0.18125 0.0265625 0.03359375
0 0.7703125 0.08359375 0.0265625 0.03359375
0 0.71015625 0.63515625 0.0265625 0.03359375
0 0.5703125 0.53125 0.028125 0.03359375
0 0.48515625 0.40625 0.0265625 0.03359375
0 0.00546875 0.30546875 0.0109375 0.03515625
0 0.53515625 0.471875 0.028125 0.0375
0 0.73359375 0.109375 0.0265625 0.03359375
0 0.97578125 0.85390625 0.0234375 0.03515625
0 0.58828125 0.11875 0.0296875 0.05
0 0.6015625 0.20625 0.025 0.04609375
0 0.03125 0.01875 0.0265625 0.03125
0 0.85625 0.22421875 0.0375 0.04375
0 0.96953125 0.29921875 0.025 0.0375
0 0.49765625 0.74296875 0.0421875 0.04375
0 0.503125 0.02265625 0.025 0.02734375
0 0.19609375 0.28203125 0.028125 0.0375
0 0.51640625 0.0125 0.0296875 0.01875
0 0.36875 0.01953125 0.0234375 0.02734375
1 0.57109375 0.13359375 0.0890625 0.1125
1 0.3203125 0.21015625 0.103125 0.09609375