0 0.72578125 0.41640625 0.0265625 0.0375
0 0.76171875 0.58125 0.0265625 0.0375
0 0.75546875 0.85078125 0.0265625 0.0375
0 0.80546875 0.84609375 0.0265625 0.0375
0 0.91640625 0.80625 0.0265625 0.0375
0 0.97109375 0.72890625 0.0265625 0.0375
0 0.86484375 0.18984375 0.0265625 0.0375
0 0.796875 0.1375 0.0265625 0.0375
0 0.6953125 0.1 0.0265625 0.0375
0 0.715625 0.21796875 0.0265625 0.0375
0 0.68671875 0.30625 0.0265625 0.0375
0 0.62109375 0.17890625 0.0265625 0.04140625
0 0.41953125 0.88046875 0.0265625 0.0375
0 0.3546875 0.56484375 0.0265625 0.0375
0 0.51171875 0.86875 0.0265625 0.0375
0 0.4203125 0.81640625 0.0265625 0.0375
0 0.1515625 0.83984375 0.0265625 0.0375
0 0.1609375 0.96484375 0.0265625 0.0375
0 0.1453125 0.74921875 0.0265625 0.0375
0 0.05859375 0.73203125 0.0265625 0.04375
0 0.171875 0.43671875 0.025 0.03984375
0 0.13125 0.409375 0.025 0.03984375
0 0.32109375 0.13984375 0.0234375 0.03515625
0 0.32734375 0.13671875 0.0265625 0.03359375
0 0.2296875 0.065625 0.0265625 0.03359375
0 0.28828125 0.6375 0.0265625 0.03359375
0 0.41015625 0.48515625 0.0265625 0.03359375
0 0.50078125 0.38515625 0.0265625 0.03359375
0 0.909375 0.50390625 0.0296875 0.0375
0 0.9828125 0.22421875 0.0265625 0.03359375
0 0.88203125 0.25703125 0.028125 0.0375
0 0.2515625 0.77421875 0.0265625 0.03359375
0 0.0109375 0.771875 0.021875 0.03359375
0 0.3796875 0.32734375 0.025 0.03515625
0 0.41171875 0.11875 0.0296875 0.05
0 0.3984375 0.20625 0.025 0.04609375
0 0.6703125 0.67109375 0.0390625 0.04140625
0 0.39765625 0.596875 0.028125 0.03515625
0 0.14375 0.22421875 0.0375 0.04375
0 0.4875 0.71953125 0.0421875 0.04375