0 0.73203125 0.56796875 0.0265625 0.0375
0 0.76171875 0.42265625 0.0265625 0.0375
0 0.7578125 0.14375 0.0265625 0.0375
0 0.80546875 0.15390625 0.0265625 0.0375
0 0.91640625 0.19375 0.0265625 0.0375
0 0.98046875 0.25 0.0265625 0.0375
0 0.86484375 0.81015625 0.0265625 0.0375
0 0.77109375 0.81328125 0.0265625 0.04140625
0 0.7390625 0.86953125 0.0265625 0.0375
0 0.7171875 0.78046875 0.0265625 0.0375
0 0.71015625 0.66875 0.0265625 0.0375
0 0.8375 0.46875 0.028125 0.05
0 0.453125 0.053125 0.0265625 0.0375
0 0.36171875 0.41953125 0.0265625 0.0375
0 0.51171875 0.13125 0.0265625 0.0375
0 0.1546875 0.15 0.0265625 0.0375
0 0.1640625 0.025 0.0265625 0.0375
0 0.14765625 0.24765625 0.0265625 0.0375
0 0.171875 0.56328125 0.025 0.03984375
0 0.1328125 0.590625 0.025 0.03984375
0 0.33671875 0.825 0.0265625 0.03359375
0 0.22734375 0.921875 0.0265625 0.03359375
0 0.28984375 0.36484375 0.0265625 0.03359375
0 0.421875 0.48046875 0.0265625 0.03359375
0 0.509375 0.59453125 0.0265625 0.03359375
0 0.9921875 0.7125 0.015625 0.03359375
0 0.5734375 0.59140625 0.028125 0.0375
0 0.25546875 0.76171875 0.0265625 0.03359375
0 0.0203125 0.16484375 0.021875 0.03515625
0 0.171875 0.01171875 0.028125 0.02265625
0 0.41171875 0.88125 0.0296875 0.05
0 0.3984375 0.79375 0.025 0.04609375
0 0.93125 0.840625 0.0359375 0.04609375
0 0.14375 0.77578125 0.0375 0.04375
0 0.49921875 0.2625 0.0421875 0.04375
0 0.5 0.97890625 0.025 0.02734375
0 0.68828125 0.86171875 0.028125 0.0375
0 0.47890625 0.98828125 0.0296875 0.01875
0 0.6265625 0.9875 0.0234375 0.02109375
1 0.42890625 0.86640625 0.0890625 0.1125
1 0.6796875 0.78984375 0.103125 0.09609375