0 0.7296875 0.43046875 0.0265625 0.0375
0 0.76171875 0.57734375 0.0265625 0.0375
0 0.75703125 0.85625 0.0265625 0.0375
0 0.80546875 0.84609375 0.0265625 0.0375
0 0.91640625 0.80625 0.0265625 0.0375
0 0.978125 0.74296875 0.0265625 0.0375
0 0.86484375 0.18984375 0.0265625 0.0375
0 0.7796875 0.184375 0.0265625 0.04140625
0 0.72890625 0.12109375 0.0265625 0.0375
0 0.7171875 0.21953125 0.0265625 0.0375
0 0.70234375 0.32109375 0.0265625 0.0375
0 0.77265625 0.47578125 0.028125 0.04609375
0 0.44296875 0.92578125 0.0265625 0.0375
0 0.36171875 0.57421875 0.0265625 0.0375
0 0.51171875 0.86875 0.0265625 0.0375
0 0.15390625 0.846875 0.0265625 0.0375
0 0.16328125 0.971875 0.0265625 0.0375
0 0.146875 0.75078125 0.0265625 0.0375
0 0.171875 0.43671875 0.025 0.03984375
0 0.1328125 0.409375 0.025 0.03984375
0 0.334375 0.16328125 0.0265625 0.03359375
0 0.22578125 0.07421875 0.0265625 0.03359375
0 0.28984375 0.63515625 0.0265625 0.03359375
0 0.415625 0.50625 0.0265625 0.03359375
0 0.503125 0.40390625 0.0265625 0.03359375
0 0.98828125 0.27421875 0.0234375 0.03359375
0 0.6171875 0.43984375 0.028125 0.0375
0 0.22265625 0.40703125 0.0265625 0.03359375
0 0.0125 0.81484375 0.015625 0.03515625
0 0.2453125 0.83125 0.0296875 0.04140625
0 0.41171875 0.11875 0.0296875 0.05
0 0.3984375 0.20625 0.025 0.04609375
0 0.84140625 0.325 0.0359375 0.04609375
0 0.14375 0.22421875 0.0375 0.04375
0 0.49609375 0.73203125 0.0421875 0.04375
0 0.66875 0.03671875 0.0234375 0.02890625
0 0.503125 0.01796875 0.025 0.02734375
0 0.53984375 0.01015625 0.0296875 0.0203125
1 0.42890625 0.13359375 0.0890625 0.1125
1 0.6796875 0.21015625 0.103125 0.09609375