0 0.27109375 0.428125 0.0265625 0.0375
0 0.23828125 0.57734375 0.0265625 0.0375
0 0.24296875 0.85625 0.0265625 0.0375
0 0.19453125 0.84609375 0.0265625 0.0375
0 0.08359375 0.80625 0.0265625 0.0375
0 0.0234375 0.73828125 0.0265625 0.0375
0 0.13515625 0.18984375 0.0265625 0.0375
0 0.22265625 0.17734375 0.0265625 0.04140625
0 0.2765625 0.11796875 0.0265625 0.0375
0 0.28359375 0.21875 0.0265625 0.0375
0 0.30234375 0.31796875 0.0265625 0.0375
0 0.2609375 0.41953125 0.0265625 0.04140625
0 0.5609375 0.915625 0.0265625 0.0375
0 0.6390625 0.571875 0.0265625 0.0375
0 0.48828125 0.86875 0.0265625 0.0375
0 0.97109375 0.971875 0.0234375 0.03515625
0 0.846875 0.84609375 0.0265625 0.0375
0 0.8375 0.97109375 0.0265625 0.0375
0 0.853125 0.75078125 0.0265625 0.0375
0 0.828125 0.43671875 0.025 0.03984375
0 0.8671875 0.409375 0.025 0.03984375
0 0.6671875 0.15859375 0.0265625 0.03359375
0 0.7734375 0.07265625 0.0265625 0.03359375
0 0.71015625 0.63515625 0.0265625 0.03359375
0 0.58671875 0.50078125 0.0265625 0.03359375
0 0.49765625 0.4 0.0265625 0.03359375
0 0.01328125 0.26875 0.0265625 0.03359375
0 0.32734375 0.43828125 0.028125 0.0375
0 0.75859375 0.48515625 0.0265625 0.03359375
0 0.99140625 0.80390625 0.0140625 0.03515625
0 0.71796875 0.74609375 0.0296875 0.04140625
0 0.58828125 0.11875 0.0296875 0.05
0 0.6015625 0.20625 0.025 0.04609375
0 0.18203125 0.37109375 0.0359375 0.04609375
0 0.85625 0.22421875 0.0375 0.04375
0 0.50546875 0.73046875 0.0421875 0.04375
1 0.57109375 0.13359375 0.0890625 0.1125
1 0.3203125 0.21015625 0.103125 0.09609375