0 0.2734375 0.578125 0.0265625 0.0375
0 0.23828125 0.421875 0.0265625 0.0375
0 0.24375 0.14453125 0.0265625 0.0375
0 0.19453125 0.15390625 0.0265625 0.0375
0 0.08359375 0.19375 0.0265625 0.0375
0 0.0265625 0.26953125 0.0265625 0.0375
0 0.13515625 0.81015625 0.0265625 0.0375
0 0.21796875 0.83359375 0.0265625 0.0375
0 0.29296875 0.89296875 0.0265625 0.0375
0 0.284375 0.78203125 0.0265625 0.0375
0 0.3125 0.690625 0.0265625 0.0375
0 0.34765625 0.64453125 0.0265625 0.04140625
0 0.5734375 0.11015625 0.0265625 0.0375
0 0.64296875 0.43203125 0.0265625 0.0375
0 0.48828125 0.13125 0.0265625 0.0375
0 0.76953125 0.196875 0.0234375 0.0375
0 0.84765625 0.15703125 0.0265625 0.0375
0 0.83828125 0.03203125 0.0265625 0.0375
0 0.85390625 0.25 0.0265625 0.0375
0 0.828125 0.56328125 0.025 0.03984375
0 0.86796875 0.590625 0.025 0.03984375
0 0.60390625 0.9 0.0234375 0.03515625
0 0.6703125 0.85546875 0.0265625 0.03359375
0 0.771875 0.93125 0.0265625 0.03359375
0 0.7109375 0.36328125 0.0265625 0.03359375
0 0.590625 0.50859375 0.0265625 0.03359375
0 0.4984375 0.61171875 0.0265625 0.03359375
0 0.01015625 0.34765625 0.0171875 0.04609375
0 0.0140625 0.75703125 0.0265625 0.03359375
0 0.20859375 0.68828125 0.028125 0.0375
0 0.79296875 0.375 0.0265625 0.03359375
0 0.9921875 0.22421875 0.015625 0.03515625
0 0.659375 0.49921875 0.025 0.04140625
0 0.58828125 0.88125 0.0296875 0.05
0 0.6015625 0.79375 0.025 0.04609375
0 0.25234375 0.45234375 0.0359375 0.04609375
0 0.29921875 0.54375 0.0328125 0.0375
0 0.85625 0.77578125 0.0375 0.04375
0 0.509375 0.275 0.0421875 0.04375
1 0.57109375 0.86640625 0.0890625 0.1125
1 0.3203125 0.78984375 0.103125 0.09609375