0 0.275 0.41484375 0.0265625 0.0375
0 0.23828125 0.58203125 0.0265625 0.0375
0 0.2453125 0.84921875 0.0265625 0.0375
0 0.19453125 0.84609375 0.0265625 0.0375
0 0.08359375 0.80625 0.0265625 0.0375
0 0.0296875 0.728125 0.0265625 0.0375
0 0.13515625 0.18984375 0.0265625 0.0375
0 0.19140625 0.125 0.0265625 0.0375
0 0.3109375 0.096875 0.0265625 0.0375
0 0.28515625 0.21640625 0.0265625 0.0375
0 0.3140625 0.30546875 0.0265625 0.0375
0 0.44296875 0.1375 0.0265625 0.04140625
0 0.584375 0.87578125 0.0265625 0.0375
0 0.646875 0.56328125 0.0265625 0.0375
0 0.48828125 0.86875 0.0265625 0.0375
0 0.48359375 0.809375 0.0265625 0.0375
0 0.84921875 0.83828125 0.0265625 0.0375
0 0.83984375 0.96328125 0.0265625 0.0375
0 0.85546875 0.74765625 0.0265625 0.0375
0 0.89609375 0.66640625 0.0265625 0.0375
0 0.828125 0.43671875 0.025 0.03984375
0 0.86875 0.409375 0.025 0.03984375
0 0.66796875 0.17265625 0.0234375 0.03359375
0 0.6734375 0.13203125 0.0265625 0.03359375
0 0.76875 0.059375 0.0265625 0.03359375
0 0.7703125 0.06328125 0.0265625 0.03359375
0 0.7125 0.63828125 0.0265625 0.03359375
0 0.5890625 0.48125 0.0265625 0.03359375
0 0.5 0.384375 0.0265625 0.03359375
0 0.165625 0.56484375 0.0265625 0.03359375
0 0.01640625 0.21640625 0.0265625 0.03359375
0 0.07578125 0.20625 0.0265625 0.03359375
0 0.646875 0.990625 0.025 0.01875
0 0.75859375 0.85546875 0.0265625 0.03359375
0 0.9875 0.76953125 0.025 0.03359375
0 0.58359375 0.25546875 0.025 0.03515625
0 0.58828125 0.11875 0.0296875 0.05
0 0.6015625 0.20625 0.025 0.04609375
0 0.35625 0.74375 0.0390625 0.04140625
0 0.759375 0.58515625 0.028125 0.03515625
0 0.85625 0.22421875 0.0375 0.04375
0 0.5140625 0.71796875 0.0421875 0.04375