0 0.72578125 0.41796875 0.0265625 0.0375
0 0.76171875 0.58046875 0.0265625 0.0375
0 0.75546875 0.85234375 0.0265625 0.0375
0 0.80546875 0.84609375 0.0265625 0.0375
0 0.91640625 0.80625 0.0265625 0.0375
0 0.971875 0.72890625 0.0265625 0.0375
0 0.86484375 0.18984375 0.0265625 0.0375
0 0.79609375 0.140625 0.0265625 0.0375
0 0.696875 0.10078125 0.0265625 0.0375
0 0.715625 0.21796875 0.0265625 0.0375
0 0.68671875 0.30703125 0.0265625 0.0375
0 0.62734375 0.2125 0.0265625 0.04140625
0 0.4203125 0.88125 0.0265625 0.0375
0 0.3546875 0.565625 0.0265625 0.0375
0 0.51171875 0.86875 0.0265625 0.0375
0 0.38203125 0.81328125 0.0234375 0.0375
0 0.1515625 0.840625 0.0265625 0.0375
0 0.1609375 0.965625 0.0265625 0.0375
0 0.1453125 0.74921875 0.0265625 0.0375
0 0.06484375 0.78203125 0.0265625 0.04375
0 0.171875 0.43671875 0.025 0.03984375
0 0.13203125 0.409375 0.025 0.03984375
0 0.34140625 0.14296875 0.0234375 0.03515625
0 0.328125 0.1375 0.0265625 0.03359375
0 0.22890625 0.065625 0.0265625 0.03359375
0 0.28828125 0.6375 0.0265625 0.03359375
0 0.41015625 0.48671875 0.0265625 0.03359375
0 0.50078125 0.38671875 0.0265625 0.03359375
0 0.9515625 0.47734375 0.0296875 0.0375
0 0.98359375 0.22734375 0.0265625 0.03359375
0 0.86796875 0.28046875 0.028125 0.0375
0 0.2234375 0.75 0.0265625 0.03359375
0 0.01015625 0.77265625 0.0203125 0.03359375
0 0.378125 0.38359375 0.025 0.03515625
0 0.41171875 0.11875 0.0296875 0.05
0 0.3984375 0.20625 0.025 0.04609375
0 0.7046875 0.67109375 0.0390625 0.04140625
0 0.42890625 0.590625 0.028125 0.03515625
0 0.14375 0.22421875 0.0375 0.04375
0 0.48828125 0.72109375 0.0421875 0.04375