0 0.728125 0.42734375 0.0265625 0.0375
0 0.76171875 0.57734375 0.0265625 0.0375
0 0.75703125 0.85625 0.0265625 0.0375
0 0.80546875 0.84609375 0.0265625 0.0375
0 0.91640625 0.80625 0.0265625 0.0375
0 0.9765625 0.73828125 0.0265625 0.0375
0 0.86484375 0.18984375 0.0265625 0.0375
0 0.778125 0.17890625 0.0265625 0.04140625
0 0.72265625 0.11640625 0.0265625 0.0375
0 0.71640625 0.21875 0.0265625 0.0375
0 0.696875 0.31640625 0.0265625 0.0375
0 0.73203125 0.41640625 0.0265625 0.04140625
0 0.43828125 0.91484375 0.0265625 0.0375
0 0.3609375 0.571875 0.0265625 0.0375
0 0.51171875 0.86875 0.0265625 0.0375
0 0.01484375 0.946875 0.0234375 0.03515625
0 0.153125 0.84609375 0.0265625 0.0375
0 0.1625 0.97109375 0.0265625 0.0375
0 0.146875 0.75078125 0.0265625 0.0375
0 0.171875 0.43671875 0.025 0.03984375
0 0.1328125 0.409375 0.025 0.03984375
0 0.3328125 0.15703125 0.0265625 0.03359375
0 0.2265625 0.071875 0.0265625 0.03359375
0 0.28984375 0.63515625 0.0265625 0.03359375
0 0.41328125 0.50078125 0.0265625 0.03359375
0 0.50234375 0.4 0.0265625 0.03359375
0 0.98671875 0.26875 0.0265625 0.03359375
0 0.68125 0.42890625 0.028125 0.0375
0 0.21953125 0.49921875 0.0265625 0.03359375
0 0.00859375 0.803125 0.0125 0.03515625
0 0.278125 0.73828125 0.0296875 0.04140625
0 0.41171875 0.11875 0.0296875 0.05
0 0.3984375 0.20625 0.025 0.04609375
0 0.82578125 0.3875 0.0359375 0.04609375
0 0.98671875 0.2 0.0265625 0.02890625
0 0.14375 0.22421875 0.0375 0.04375
0 0.49453125 0.73046875 0.0421875 0.04375
1 0.42890625 0.13359375 0.0890625 0.1125
1 0.6796875 0.21015625 0.103125 0.09609375