0 0.73515625 0.43515625 0.0265625 0.0375
0 0.76171875 0.57734375 0.0265625 0.0375
0 0.76015625 0.85625 0.0265625 0.0375
0 0.80546875 0.84609375 0.0265625 0.0375
0 0.91640625 0.80625 0.0265625 0.0375
0 0.86484375 0.18984375 0.0265625 0.0375
0 0.76484375 0.20703125 0.0265625 0.04140625
0 0.7890625 0.1875 0.0265625 0.0375
0 0.73359375 0.25859375 0.0265625 0.0375
0 0.778125 0.396875 0.0265625 0.0375
0 0.46015625 0.98125 0.0265625 0.0375
0 0.3703125 0.60859375 0.0265625 0.0375
0 0.51171875 0.86875 0.0265625 0.0375
0 0.15703125 0.85625 0.0265625 0.0375
0 0.16640625 0.98125 0.0265625 0.0375
0 0.15859375 0.771875 0.0265625 0.0375
0 0.171875 0.43671875 0.025 0.03984375
0 0.1359375 0.409375 0.025 0.03984375
0 0.37109375 0.23828125 0.0265625 0.03359375
0 0.26171875 0.14375 0.0265625 0.03359375
0 0.28984375 0.63515625 0.0265625 0.03359375
0 0.5 0.60859375 0.0296875 0.03359375
0 0.540625 0.465625 0.0265625 0.03359375
0 0.41171875 0.11875 0.0296875 0.05
0 0.3984375 0.20625 0.025 0.04609375
0 0.14375 0.22421875 0.0375 0.04375
0 0.5140625 0.75859375 0.0421875 0.04375
0 0.2671875 0.925 0.0296875 0.03984375
0 0.790625 0.80546875 0.025 0.03984375
0 0.51796875 0.05 0.025 0.02734375
0 0.490625 0.028125 0.0296875 0.03125
0 0.64296875 0.06328125 0.0234375 0.02734375
0 0.25078125 0.28125 0.034375 0.03984375
0 0.025 0.03359375 0.0234375 0.03359375
1 0.42890625 0.13359375 0.0890625 0.1125
1 0.6796875 0.21015625 0.103125 0.09609375