0 0.73515625 0.56484375 0.0265625 0.0375
0 0.76171875 0.42265625 0.0265625 0.0375
0 0.759375 0.14375 0.0265625 0.0375
0 0.80546875 0.15390625 0.0265625 0.0375
0 0.91640625 0.19375 0.0265625 0.0375
0 0.86484375 0.81015625 0.0265625 0.0375
0 0.70859375 0.79140625 0.0265625 0.04140625
0 0.77734375 0.825 0.0265625 0.0375
0 0.73125 0.75078125 0.0265625 0.0375
0 0.76953125 0.615625 0.0265625 0.0375
0 0.4609375 0.01953125 0.0265625 0.0375
0 0.36796875 0.3875 0.0265625 0.0375
0 0.51171875 0.13125 0.0265625 0.0375
0 0.15703125 0.14375 0.0265625 0.0375
0 0.16640625 0.01875 0.0265625 0.0375
0 0.16171875 0.24609375 0.0265625 0.0375
0 0.171875 0.56328125 0.025 0.03984375
0 0.1359375 0.590625 0.025 0.03984375
0 0.36953125 0.76328125 0.0265625 0.03359375
0 0.24609375 0.88125 0.0265625 0.03359375
0 0.28984375 0.36484375 0.0265625 0.03359375
0 0.4859375 0.39921875 0.0296875 0.03359375
0 0.53984375 0.546875 0.0265625 0.03359375
0 0.084375 0.0140625 0.025 0.028125
0 0.41171875 0.88125 0.0296875 0.05
0 0.3984375 0.79375 0.025 0.04609375
0 0.14375 0.77578125 0.0375 0.04375
0 0.51171875 0.24453125 0.0421875 0.04375
0 0.16328125 0.20390625 0.0296875 0.03984375
0 0.84296875 0.14921875 0.025 0.03984375
0 0.91171875 0.125 0.03125 0.03984375
0 0.51640625 0.95234375 0.025 0.02734375
0 0.49140625 0.97421875 0.0296875 0.03125
0 0.64296875 0.93671875 0.0234375 0.02734375
0 0.2359375 0.87890625 0.025 0.03359375
0 0.01796875 0.978125 0.021875 0.02734375
1 0.42890625 0.86640625 0.0890625 0.1125
1 0.6796875 0.78984375 0.103125 0.09609375