0 0.27578125 0.58671875 0.0265625 0.0375
0 0.23828125 0.41640625 0.0265625 0.0375
0 0.24609375 0.15078125 0.0265625 0.0375
0 0.19453125 0.15390625 0.0265625 0.0375
0 0.08359375 0.19375 0.0265625 0.0375
0 0.03046875 0.27265625 0.0265625 0.0375
0 0.13515625 0.81015625 0.0265625 0.0375
0 0.1921875 0.890625 0.0265625 0.0375
0 0.31328125 0.90546875 0.0265625 0.0375
0 0.28515625 0.78359375 0.0265625 0.0375
0 0.31484375 0.69609375 0.0265625 0.0375
0 0.440625 0.89921875 0.0265625 0.0375
0 0.5859375 0.12578125 0.0265625 0.0375
0 0.646875 0.4375 0.0265625 0.0375
0 0.48828125 0.13125 0.0265625 0.0375
0 0.44140625 0.21484375 0.0265625 0.0375
0 0.84921875 0.1625 0.0265625 0.0375
0 0.83984375 0.0375 0.0265625 0.0375
0 0.85546875 0.25234375 0.0265625 0.0375
0 0.8703125 0.33828125 0.0265625 0.0375
0 0.828125 0.56328125 0.025 0.03984375
0 0.86875 0.590625 0.025 0.03984375
0 0.6765625 0.81171875 0.0234375 0.03359375
0 0.67421875 0.86953125 0.0265625 0.03359375
0 0.7390625 0.90234375 0.0265625 0.03359375
0 0.76953125 0.9375 0.0265625 0.03359375
0 0.71328125 0.36015625 0.0265625 0.03359375
0 0.58828125 0.51953125 0.0265625 0.03359375
0 0.50078125 0.61640625 0.0265625 0.03359375
0 0.18828125 0.38125 0.0265625 0.03359375
0 0.015625 0.784375 0.0265625 0.03359375
0 0.04921875 0.81171875 0.0265625 0.03359375
0 0.734375 0.0109375 0.01875 0.021875
0 0.66328125 0.03515625 0.0265625 0.03359375
0 0.73125 0.16015625 0.0265625 0.03359375
0 0.9875 0.23046875 0.025 0.03359375
0 0.5640625 0.76953125 0.025 0.03515625
0 0.58828125 0.88125 0.0296875 0.05
0 0.6015625 0.79375 0.025 0.04609375
0 0.37109375 0.23203125 0.0328125 0.03515625
0 0.8109375 0.35 0.028125 0.03359375
0 0.85625 0.77578125 0.0375 0.04375
0 0.5140625 0.28359375 0.0421875 0.04375