0 0.27265625 0.57734375 0.0265625 0.0375
0 0.23828125 0.42265625 0.0265625 0.0375
0 0.24296875 0.14375 0.0265625 0.0375
0 0.19453125 0.15390625 0.0265625 0.0375
0 0.08359375 0.19375 0.0265625 0.0375
0 0.02578125 0.26875 0.0265625 0.0375
0 0.13515625 0.81015625 0.0265625 0.0375
0 0.2203125 0.82421875 0.0265625 0.0375
0 0.28984375 0.890625 0.0265625 0.0375
0 0.28359375 0.78125 0.0265625 0.0375
0 0.31171875 0.68984375 0.0265625 0.0375
0 0.334375 0.6375 0.0265625 0.04140625
0 0.57109375 0.10859375 0.0265625 0.0375
0 0.6421875 0.43125 0.0265625 0.0375
0 0.48828125 0.13125 0.0265625 0.0375
0 0.80859375 0.14453125 0.0234375 0.0375
0 0.84765625 0.15703125 0.0265625 0.0375
0 0.83828125 0.03203125 0.0265625 0.0375
0 0.85390625 0.25 0.0265625 0.0375
0 0.828125 0.56328125 0.025 0.03984375
0 0.86796875 0.590625 0.025 0.03984375
0 0.60859375 0.93671875 0.0234375 0.02890625
0 0.66953125 0.85234375 0.0265625 0.03359375
0 0.771875 0.93046875 0.0265625 0.03359375
0 0.71015625 0.36484375 0.0265625 0.03359375
0 0.59140625 0.50625 0.0265625 0.03359375
0 0.49765625 0.61015625 0.0265625 0.03359375
0 0.0140625 0.75234375 0.0265625 0.03359375
0 0.23203125 0.696875 0.028125 0.0375
0 0.7671875 0.403125 0.0265625 0.03359375
0 0.99296875 0.22265625 0.0140625 0.03515625
0 0.653125 0.43125 0.025 0.04140625
0 0.58828125 0.88125 0.0296875 0.05
0 0.6015625 0.79375 0.025 0.04609375
0 0.23671875 0.46484375 0.0359375 0.04609375
0 0.22890625 0.57109375 0.0328125 0.0375
0 0.85625 0.77578125 0.0375 0.04375
0 0.50859375 0.27421875 0.0421875 0.04375
1 0.57109375 0.86640625 0.0890625 0.1125
1 0.3203125 0.78984375 0.103125 0.09609375