0 0.72421875 0.58671875 0.0265625 0.0375
0 0.76171875 0.41796875 0.0265625 0.0375
0 0.7546875 0.15078125 0.0265625 0.0375
0 0.80546875 0.15390625 0.0265625 0.0375
0 0.91640625 0.19375 0.0265625 0.0375
0 0.9703125 0.271875 0.0265625 0.0375
0 0.86484375 0.81015625 0.0265625 0.0375
0 0.80625 0.884375 0.0265625 0.0375
0 0.68828125 0.90390625 0.0265625 0.0375
0 0.71484375 0.78359375 0.0265625 0.0375
0 0.6859375 0.69453125 0.0265625 0.0375
0 0.56953125 0.87734375 0.0265625 0.04140625
0 0.415625 0.125 0.0265625 0.0375
0 0.353125 0.43671875 0.0265625 0.0375
0 0.51171875 0.13125 0.0265625 0.0375
0 0.5140625 0.22734375 0.0265625 0.0375
0 0.15078125 0.16171875 0.0265625 0.0375
0 0.16015625 0.03671875 0.0265625 0.0375
0 0.14453125 0.25234375 0.0265625 0.0375
0 0.10390625 0.37109375 0.0265625 0.0375
0 0.171875 0.56328125 0.025 0.03984375
0 0.13125 0.590625 0.025 0.03984375
0 0.334375 0.81640625 0.0234375 0.03359375
0 0.3265625 0.86875 0.0265625 0.03359375
0 0.25078125 0.94140625 0.0265625 0.03359375
0 0.23046875 0.93671875 0.0265625 0.03359375
0 0.2875 0.36171875 0.0265625 0.03359375
0 0.4109375 0.51875 0.0265625 0.03359375
0 0.5 0.615625 0.0265625 0.03359375
0 0.81640625 0.41484375 0.0265625 0.03359375
0 0.98359375 0.78359375 0.0265625 0.03359375
0 0.92734375 0.79453125 0.0265625 0.03359375
0 0.33984375 0.01875 0.0265625 0.03359375
0 0.25234375 0.15625 0.0265625 0.03359375
0 0.0125 0.23046875 0.025 0.03359375
0 0.425 0.740625 0.025 0.03515625
0 0.41171875 0.88125 0.0296875 0.05
0 0.3984375 0.79375 0.025 0.04609375
0 0.61171875 0.25390625 0.0390625 0.04140625
0 0.23515625 0.38984375 0.028125 0.03515625
0 0.14375 0.77578125 0.0375 0.04375
0 0.4859375 0.28359375 0.0421875 0.04375