0 0.7265625 0.57890625 0.0265625 0.0375
0 0.76171875 0.421875 0.0265625 0.0375
0 0.75625 0.14609375 0.0265625 0.0375
0 0.80546875 0.15390625 0.0265625 0.0375
0 0.91640625 0.19375 0.0265625 0.0375
0 0.9734375 0.26953125 0.0265625 0.0375
0 0.86484375 0.81015625 0.0265625 0.0375
0 0.78203125 0.8375 0.0265625 0.0375
0 0.70390625 0.89453125 0.0265625 0.0375
0 0.715625 0.78203125 0.0265625 0.0375
0 0.6875 0.690625 0.0265625 0.0375
0 0.665625 0.71640625 0.0265625 0.04140625
0 0.425 0.1125 0.0265625 0.0375
0 0.35703125 0.43203125 0.0265625 0.0375
0 0.51171875 0.13125 0.0265625 0.0375
0 0.26953125 0.17890625 0.0234375 0.0375
0 0.15234375 0.15859375 0.0265625 0.0375
0 0.16171875 0.03359375 0.0265625 0.0375
0 0.1453125 0.25078125 0.0265625 0.0375
0 0.01328125 0.15078125 0.0265625 0.04375
0 0.171875 0.56328125 0.025 0.03984375
0 0.13203125 0.590625 0.025 0.03984375
0 0.36796875 0.88203125 0.0234375 0.03515625
0 0.32890625 0.85703125 0.0265625 0.03359375
0 0.22890625 0.93203125 0.0265625 0.03359375
0 0.2890625 0.36328125 0.0265625 0.03359375
0 0.409375 0.509375 0.0265625 0.03359375
0 0.5015625 0.61171875 0.0265625 0.03359375
0 0.98515625 0.76171875 0.0265625 0.03359375
0 0.8046875 0.73125 0.028125 0.0375
0 0.22265625 0.33125 0.0265625 0.03359375
0 0.0078125 0.22421875 0.015625 0.03515625
0 0.371875 0.51875 0.025 0.03359375
0 0.41171875 0.88125 0.0296875 0.05
0 0.3984375 0.79375 0.025 0.04609375
0 0.740625 0.453125 0.0359375 0.04609375
0 0.63515625 0.48046875 0.0328125 0.0375
0 0.14375 0.77578125 0.0375 0.04375
0 0.48984375 0.27734375 0.0421875 0.04375
1 0.42890625 0.86640625 0.0890625 0.1125
1 0.6796875 0.78984375 0.103125 0.09609375