0 0.2671875 0.43359375 0.0265625 0.0375
0 0.23828125 0.57734375 0.0265625 0.0375
0 0.2421875 0.85625 0.0265625 0.0375
0 0.19453125 0.84609375 0.0265625 0.0375
0 0.08359375 0.80625 0.0265625 0.0375
0 0.01875 0.75234375 0.0265625 0.0375
0 0.13515625 0.18984375 0.0265625 0.0375
0 0.23125 0.18671875 0.0265625 0.04140625
0 0.25859375 0.13359375 0.0265625 0.0375
0 0.28203125 0.22109375 0.0265625 0.0375
0 0.2875 0.334375 0.0265625 0.0375
0 0.1625 0.53046875 0.028125 0.05
0 0.54453125 0.95234375 0.0265625 0.0375
0 0.63671875 0.58203125 0.0265625 0.0375
0 0.48828125 0.86875 0.0265625 0.0375
0 0.8453125 0.85 0.0265625 0.0375
0 0.8359375 0.975 0.0265625 0.0375
0 0.85234375 0.75234375 0.0265625 0.0375
0 0.828125 0.43671875 0.025 0.03984375
0 0.8671875 0.409375 0.025 0.03984375
0 0.66328125 0.17578125 0.0265625 0.03359375
0 0.771875 0.08046875 0.0265625 0.03359375
0 0.71015625 0.63515625 0.0265625 0.03359375
0 0.5765625 0.52265625 0.0265625 0.03359375
0 0.4890625 0.40546875 0.0265625 0.03359375
0 0.00625 0.29765625 0.0125 0.03515625
0 0.471875 0.45 0.028125 0.0375
0 0.75703125 0.19140625 0.0265625 0.03359375
0 0.978125 0.84140625 0.0234375 0.03515625
0 0.58828125 0.11875 0.0296875 0.05
0 0.6015625 0.20625 0.025 0.04609375
0 0.05859375 0.14296875 0.0296875 0.03984375
0 0.85625 0.22421875 0.0375 0.04375
0 0.5 0.73828125 0.0421875 0.04375
0 0.50078125 0.02109375 0.025 0.02734375
0 0.28515625 0.18828125 0.028125 0.0375
0 0.51953125 0.01171875 0.0296875 0.01875
0 0.371875 0.01484375 0.0234375 0.02265625
1 0.57109375 0.13359375 0.0890625 0.1125
1 0.3203125 0.21015625 0.103125 0.09609375