0 0.26484375 0.43515625 0.0265625 0.0375
0 0.23828125 0.57734375 0.0265625 0.0375
0 0.240625 0.85625 0.0265625 0.0375
0 0.19453125 0.84609375 0.0265625 0.0375
0 0.08359375 0.80625 0.0265625 0.0375
0 0.13515625 0.18984375 0.0265625 0.0375
0 0.29765625 0.21015625 0.0265625 0.04140625
0 0.2265625 0.17265625 0.0265625 0.0375
0 0.26953125 0.246875 0.0265625 0.0375
0 0.2328125 0.38359375 0.0265625 0.0375
0 0.5390625 0.98046875 0.0265625 0.0375
0 0.63125 0.61171875 0.0265625 0.0375
0 0.48828125 0.86875 0.0265625 0.0375
0 0.84296875 0.85625 0.0265625 0.0375
0 0.83359375 0.98125 0.0265625 0.0375
0 0.8390625 0.75390625 0.0265625 0.0375
0 0.828125 0.43671875 0.025 0.03984375
0 0.8640625 0.409375 0.025 0.03984375
0 0.63046875 0.23671875 0.0265625 0.03359375
0 0.7546875 0.11484375 0.0265625 0.03359375
0 0.71015625 0.63515625 0.0265625 0.03359375
0 0.51640625 0.60078125 0.0296875 0.03359375
0 0.4609375 0.44921875 0.0265625 0.03359375
0 0.921875 0.98125 0.0234375 0.03515625
0 0.58828125 0.11875 0.0296875 0.05
0 0.6015625 0.20625 0.025 0.04609375
0 0.85625 0.22421875 0.0375 0.04375
0 0.4890625 0.75390625 0.0421875 0.04375
0 0.86171875 0.7375 0.0296875 0.03984375
0 0.15859375 0.90859375 0.025 0.03984375
0 0.1234375 0.93203125 0.03125 0.03984375
0 0.484375 0.046875 0.025 0.02734375
0 0.50859375 0.025 0.0296875 0.03125
0 0.35703125 0.06328125 0.0234375 0.02734375
0 0.74453125 0.08359375 0.0296875 0.03359375
0 0.984375 0.01875 0.021875 0.025
1 0.57109375 0.13359375 0.0890625 0.1125
1 0.3203125 0.21015625 0.103125 0.09609375