0 0.725 0.415625 0.0265625 0.0375
0 0.76171875 0.58203125 0.0265625 0.0375
0 0.7546875 0.85 0.0265625 0.0375
0 0.80546875 0.84609375 0.0265625 0.0375
0 0.91640625 0.80625 0.0265625 0.0375
0 0.9703125 0.728125 0.0265625 0.0375
0 0.86484375 0.18984375 0.0265625 0.0375
0 0.803125 0.12734375 0.0265625 0.0375
0 0.69140625 0.09765625 0.0265625 0.0375
0 0.71484375 0.21640625 0.0265625 0.0375
0 0.6859375 0.30546875 0.0265625 0.0375
0 0.57890625 0.15390625 0.0265625 0.04140625
0 0.4171875 0.87734375 0.0265625 0.0375
0 0.35390625 0.56484375 0.0265625 0.0375
0 0.51171875 0.86875 0.0265625 0.0375
0 0.46484375 0.78515625 0.0265625 0.0375
0 0.1515625 0.83828125 0.0265625 0.0375
0 0.1609375 0.96328125 0.0265625 0.0375
0 0.14453125 0.74765625 0.0265625 0.0375
0 0.07578125 0.68125 0.0265625 0.0375
0 0.171875 0.43671875 0.025 0.03984375
0 0.13125 0.409375 0.025 0.03984375
0 0.30234375 0.171875 0.0234375 0.03515625
0 0.3265625 0.13359375 0.0265625 0.03359375
0 0.2296875 0.06484375 0.0265625 0.03359375
0 0.2875 0.63828125 0.0265625 0.03359375
0 0.4109375 0.48203125 0.0265625 0.03359375
0 0.5 0.384375 0.0265625 0.03359375
0 0.88046875 0.54140625 0.0296875 0.0375
0 0.98203125 0.21875 0.0265625 0.03359375
0 0.9234375 0.24921875 0.028125 0.0375
0 0.25859375 0.80234375 0.0265625 0.03359375
0 0.01171875 0.77109375 0.0234375 0.03359375
0 0.4046875 0.28671875 0.025 0.03515625
0 0.41171875 0.11875 0.0296875 0.05
0 0.3984375 0.20625 0.025 0.04609375
0 0.64609375 0.73046875 0.0390625 0.04140625
0 0.2984375 0.59453125 0.028125 0.03515625
0 0.14375 0.22421875 0.0375 0.04375
0 0.48671875 0.71796875 0.0421875 0.04375