0 0.725 0.415625 0.0265625 0.0375
0 0.76171875 0.58125 0.0265625 0.0375
0 0.7546875 0.85 0.0265625 0.0375
0 0.80546875 0.84609375 0.0265625 0.0375
0 0.91640625 0.80625 0.0265625 0.0375
0 0.97109375 0.728125 0.0265625 0.0375
0 0.86484375 0.18984375 0.0265625 0.0375
0 0.796875 0.13515625 0.0265625 0.0375
0 0.6921875 0.09921875 0.0265625 0.0375
0 0.71484375 0.21640625 0.0265625 0.0375
0 0.6859375 0.30625 0.0265625 0.0375
0 0.57890625 0.16484375 0.0265625 0.04140625
0 0.41796875 0.878125 0.0265625 0.0375
0 0.35390625 0.56484375 0.0265625 0.0375
0 0.51171875 0.86875 0.0265625 0.0375
0 0.45390625 0.80234375 0.0265625 0.0375
0 0.1515625 0.83984375 0.0265625 0.0375
0 0.1609375 0.96484375 0.0265625 0.0375
0 0.1453125 0.74921875 0.0265625 0.0375
0 0.0890625 0.71953125 0.0265625 0.0375
0 0.171875 0.43671875 0.025 0.03984375
0 0.13125 0.409375 0.025 0.03984375
0 0.30078125 0.16328125 0.0234375 0.03515625
0 0.32734375 0.134375 0.0265625 0.03359375
0 0.2296875 0.06484375 0.0265625 0.03359375
0 0.2875 0.63828125 0.0265625 0.03359375
0 0.4109375 0.48359375 0.0265625 0.03359375
0 0.5 0.38515625 0.0265625 0.03359375
0 0.89921875 0.52109375 0.0296875 0.0375
0 0.98203125 0.21953125 0.0265625 0.03359375
0 0.9234375 0.27109375 0.028125 0.0375
0 0.26015625 0.80234375 0.0265625 0.03359375
0 0.01171875 0.77109375 0.0234375 0.03359375
0 0.3890625 0.31953125 0.025 0.03515625
0 0.41171875 0.11875 0.0296875 0.05
0 0.3984375 0.20625 0.025 0.04609375
0 0.64375 0.70625 0.0390625 0.04140625
0 0.33203125 0.60625 0.028125 0.03515625
0 0.14375 0.22421875 0.0375 0.04375
0 0.48671875 0.71875 0.0421875 0.04375