0 0.27265625 0.42265625 0.0265625 0.0375
0 0.23828125 0.57734375 0.0265625 0.0375
0 0.24296875 0.85625 0.0265625 0.0375
0 0.19453125 0.84609375 0.0265625 0.0375
0 0.08359375 0.80625 0.0265625 0.0375
0 0.02578125 0.73125 0.0265625 0.0375
0 0.13515625 0.18984375 0.0265625 0.0375
0 0.21953125 0.17734375 0.0265625 0.0375
0 0.2890625 0.109375 0.0265625 0.0375
0 0.28359375 0.21875 0.0265625 0.0375
0 0.31171875 0.31015625 0.0265625 0.0375
0 0.33046875 0.36328125 0.0265625 0.04140625
0 0.57109375 0.89140625 0.0265625 0.0375
0 0.6421875 0.56875 0.0265625 0.0375
0 0.48828125 0.86875 0.0265625 0.0375
0 0.821875 0.85703125 0.0234375 0.0375
0 0.84765625 0.84296875 0.0265625 0.0375
0 0.83828125 0.96796875 0.0265625 0.0375
0 0.85390625 0.75 0.0265625 0.0375
0 0.828125 0.43671875 0.025 0.03984375
0 0.86796875 0.409375 0.025 0.03984375
0 0.60625 0.06640625 0.0234375 0.02890625
0 0.66953125 0.14765625 0.0265625 0.03359375
0 0.771875 0.06953125 0.0265625 0.03359375
0 0.71015625 0.63515625 0.0265625 0.03359375
0 0.59140625 0.49375 0.0265625 0.03359375
0 0.49765625 0.38984375 0.0265625 0.03359375
0 0.0140625 0.24765625 0.0265625 0.03359375
0 0.23828125 0.30703125 0.028125 0.0375
0 0.7640625 0.59609375 0.0265625 0.03359375
0 0.99375 0.778125 0.0125 0.03515625
0 0.6484375 0.57109375 0.025 0.04140625
0 0.58828125 0.11875 0.0296875 0.05
0 0.6015625 0.20625 0.025 0.04609375
0 0.23515625 0.52578125 0.0359375 0.04609375
0 0.21953125 0.44140625 0.0328125 0.0375
0 0.85625 0.22421875 0.0375 0.04375
0 0.50859375 0.72578125 0.0421875 0.04375
1 0.57109375 0.13359375 0.0890625 0.1125
1 0.3203125 0.21015625 0.103125 0.09609375