0 0.27421875 0.41640625 0.0265625 0.0375
0 0.23828125 0.58046875 0.0265625 0.0375
0 0.24453125 0.85078125 0.0265625 0.0375
0 0.19453125 0.84609375 0.0265625 0.0375
0 0.08359375 0.80625 0.0265625 0.0375
0 0.028125 0.72890625 0.0265625 0.0375
0 0.13515625 0.18984375 0.0265625 0.0375
0 0.2015625 0.14140625 0.0265625 0.0375
0 0.30390625 0.1 0.0265625 0.0375
0 0.284375 0.21796875 0.0265625 0.0375
0 0.31328125 0.30703125 0.0265625 0.0375
0 0.40546875 0.20234375 0.0265625 0.04140625
0 0.58046875 0.88125 0.0265625 0.0375
0 0.6453125 0.565625 0.0265625 0.0375
0 0.48828125 0.86875 0.0265625 0.0375
0 0.59453125 0.82734375 0.0265625 0.0375
0 0.8484375 0.83984375 0.0265625 0.0375
0 0.8390625 0.96484375 0.0265625 0.0375
0 0.8546875 0.74921875 0.0265625 0.0375
0 0.93671875 0.759375 0.0265625 0.04375
0 0.828125 0.43671875 0.025 0.03984375
0 0.86875 0.409375 0.025 0.03984375
0 0.66328125 0.14453125 0.0234375 0.03515625
0 0.67265625 0.13671875 0.0265625 0.03359375
0 0.7703125 0.065625 0.0265625 0.03359375
0 0.71171875 0.6375 0.0265625 0.03359375
0 0.58984375 0.48515625 0.0265625 0.03359375
0 0.49921875 0.38671875 0.0265625 0.03359375
0 0.08359375 0.48125 0.0296875 0.0375
0 0.0171875 0.225 0.0265625 0.03359375
0 0.12734375 0.26328125 0.028125 0.0375
0 0.74765625 0.76015625 0.0265625 0.03359375
0 0.98984375 0.77265625 0.0203125 0.03359375
0 0.61796875 0.35703125 0.025 0.03515625
0 0.58828125 0.11875 0.0296875 0.05
0 0.6015625 0.20625 0.025 0.04609375
0 0.32109375 0.659375 0.0390625 0.04140625
0 0.596875 0.60234375 0.028125 0.03515625
0 0.85625 0.22421875 0.0375 0.04375
0 0.51171875 0.71953125 0.0421875 0.04375