0 0.73515625 0.56484375 0.0265625 0.0375
0 0.76171875 0.42265625 0.0265625 0.0375
0 0.7578125 0.14375 0.0265625 0.0375
0 0.80546875 0.15390625 0.0265625 0.0375
0 0.91640625 0.19375 0.0265625 0.0375
0 0.984375 0.2375 0.0265625 0.0375
0 0.86484375 0.81015625 0.0265625 0.0375
0 0.7359375 0.77109375 0.0265625 0.04140625
0 0.75078125 0.85390625 0.0265625 0.0375
0 0.71796875 0.77890625 0.0265625 0.0375
0 0.72265625 0.65234375 0.0265625 0.0375
0 0.91328125 0.43671875 0.028125 0.05
0 0.46640625 0.02734375 0.0265625 0.0375
0 0.36875 0.40390625 0.0265625 0.0375
0 0.51171875 0.13125 0.0265625 0.0375
0 0.15625 0.14609375 0.0265625 0.0375
0 0.165625 0.02109375 0.0265625 0.0375
0 0.1484375 0.246875 0.0265625 0.0375
0 0.171875 0.56328125 0.025 0.03984375
0 0.13359375 0.590625 0.025 0.03984375
0 0.3390625 0.815625 0.0265625 0.03359375
0 0.23125 0.91328125 0.0265625 0.03359375
0 0.28984375 0.36484375 0.0265625 0.03359375
0 0.434375 0.4625 0.028125 0.03359375
0 0.51875 0.59296875 0.0265625 0.03359375
0 0.3921875 0.47421875 0.028125 0.0375
0 0.3265625 0.91953125 0.0265625 0.03359375
0 0.025 0.1375 0.0234375 0.03515625
0 0.41171875 0.88125 0.0296875 0.05
0 0.3984375 0.79375 0.025 0.04609375
0 0.14375 0.77578125 0.0375 0.04375
0 0.08125 0.74921875 0.0328125 0.04140625
0 0.50390625 0.25546875 0.0421875 0.04375
0 0.4953125 0.975 0.025 0.02734375
0 0.8984375 0.71171875 0.0296875 0.03984375
0 0.4859375 0.98671875 0.0296875 0.01875
0 0.6328125 0.975 0.0234375 0.02734375
0 0.9203125 0.9375 0.0296875 0.03359375
1 0.42890625 0.86640625 0.0890625 0.1125
1 0.6796875 0.78984375 0.103125 0.09609375