0 0.73125 0.56875 0.0265625 0.0375
0 0.76171875 0.42265625 0.0265625 0.0375
0 0.7578125 0.14375 0.0265625 0.0375
0 0.80546875 0.15390625 0.0265625 0.0375
0 0.91640625 0.19375 0.0265625 0.0375
0 0.97890625 0.253125 0.0265625 0.0375
0 0.86484375 0.81015625 0.0265625 0.0375
0 0.77578125 0.821875 0.0265625 0.04140625
0 0.73515625 0.875 0.0265625 0.0375
0 0.7171875 0.78046875 0.0265625 0.0375
0 0.70625 0.67421875 0.0265625 0.0375
0 0.8 0.48125 0.028125 0.04609375
0 0.4484375 0.06328125 0.0265625 0.0375
0 0.36171875 0.42421875 0.0265625 0.0375
0 0.51171875 0.13125 0.0265625 0.0375
0 0.1546875 0.15234375 0.0265625 0.0375
0 0.1640625 0.02734375 0.0265625 0.0375
0 0.146875 0.24921875 0.0265625 0.0375
0 0.171875 0.56328125 0.025 0.03984375
0 0.1328125 0.590625 0.025 0.03984375
0 0.33515625 0.83125 0.0265625 0.03359375
0 0.2265625 0.92421875 0.0265625 0.03359375
0 0.28984375 0.36484375 0.0265625 0.03359375
0 0.41875 0.4875 0.0265625 0.03359375
0 0.50625 0.59609375 0.0265625 0.03359375
0 0.99140625 0.715625 0.0171875 0.03359375
0 0.5984375 0.53203125 0.028125 0.0375
0 0.22734375 0.7 0.0265625 0.03359375
0 0.01640625 0.175 0.01875 0.03515625
0 0.21796875 0.07734375 0.0328125 0.04140625
0 0.41171875 0.88125 0.0296875 0.05
0 0.3984375 0.79375 0.025 0.04609375
0 0.87578125 0.78046875 0.0359375 0.04609375
0 0.14375 0.77578125 0.0375 0.04375
0 0.49765625 0.26484375 0.0421875 0.04375
0 0.58515625 0.89609375 0.0234375 0.02890625
0 0.5015625 0.98125 0.025 0.02734375
0 0.63125 0.95625 0.028125 0.0375
0 0.4765625 0.98984375 0.0296875 0.01875
1 0.42890625 0.86640625 0.0890625 0.1125
1 0.6796875 0.78984375 0.103125 0.09609375