0 0.73515625 0.56484375 0.0265625 0.0375
0 0.76171875 0.42265625 0.0265625 0.0375
0 0.75859375 0.14375 0.0265625 0.0375
0 0.80546875 0.15390625 0.0265625 0.0375
0 0.91640625 0.19375 0.0265625 0.0375
0 0.98671875 0.22890625 0.0265625 0.0375
0 0.86484375 0.81015625 0.0265625 0.0375
0 0.69765625 0.753125 0.0265625 0.04140625
0 0.75546875 0.84609375 0.0265625 0.0375
0 0.71875 0.778125 0.0265625 0.0375
0 0.73046875 0.63984375 0.0265625 0.0375
0 0.98515625 0.409375 0.0234375 0.05234375
0 0.465625 0.02578125 0.0265625 0.0375
0 0.37265625 0.39609375 0.0265625 0.0375
0 0.51171875 0.13125 0.0265625 0.0375
0 0.15703125 0.14375 0.0265625 0.0375
0 0.16640625 0.01875 0.0265625 0.0375
0 0.14921875 0.24609375 0.0265625 0.0375
0 0.171875 0.56328125 0.025 0.03984375
0 0.134375 0.590625 0.025 0.03984375
0 0.340625 0.803125 0.0265625 0.03359375
0 0.234375 0.90859375 0.0265625 0.03359375
0 0.28984375 0.36484375 0.0265625 0.03359375
0 0.44296875 0.44921875 0.0296875 0.03359375
0 0.52265625 0.58515625 0.0265625 0.03359375
0 0.3421875 0.48828125 0.028125 0.0375
0 0.44140625 0.990625 0.0171875 0.01875
0 0.03515625 0.11640625 0.0234375 0.03515625
0 0.41171875 0.88125 0.0296875 0.05
0 0.3984375 0.79375 0.025 0.04609375
0 0.14375 0.77578125 0.0375 0.04375
0 0.125 0.85 0.0328125 0.0375
0 0.50546875 0.253125 0.0421875 0.04375
0 0.49765625 0.97109375 0.025 0.02734375
0 0.49140625 0.98515625 0.0296875 0.01875
0 0.63515625 0.965625 0.0234375 0.02734375
1 0.42890625 0.86640625 0.0890625 0.1125
1 0.6796875 0.78984375 0.103125 0.09609375