0 0.73515625 0.56484375 0.0265625 0.0375
0 0.76171875 0.42265625 0.0265625 0.0375
0 0.75859375 0.14375 0.0265625 0.0375
0 0.80546875 0.15390625 0.0265625 0.0375
0 0.91640625 0.19375 0.0265625 0.0375
0 0.9921875 0.21640625 0.015625 0.03359375
0 0.86484375 0.81015625 0.0265625 0.0375
0 0.68671875 0.75859375 0.0265625 0.04140625
0 0.75703125 0.840625 0.0265625 0.0375
0 0.71953125 0.77734375 0.0265625 0.0375
0 0.7421875 0.634375 0.0265625 0.0375
0 0.46484375 0.025 0.0265625 0.0375
0 0.371875 0.39375 0.0265625 0.0375
0 0.51171875 0.13125 0.0265625 0.0375
0 0.15703125 0.14375 0.0265625 0.0375
0 0.16640625 0.01875 0.0265625 0.0375
0 0.1515625 0.24609375 0.0265625 0.0375
0 0.171875 0.56328125 0.025 0.03984375
0 0.134375 0.590625 0.025 0.03984375
0 0.34765625 0.78515625 0.0265625 0.03359375
0 0.2359375 0.90390625 0.0265625 0.03359375
0 0.28984375 0.36484375 0.0265625 0.03359375
0 0.44921875 0.43125 0.0296875 0.03359375
0 0.5265625 0.58046875 0.0265625 0.03359375
0 0.3109375 0.53828125 0.028125 0.0375
0 0.0421875 0.09375 0.0234375 0.03515625
0 0.41171875 0.88125 0.0296875 0.05
0 0.3984375 0.79375 0.025 0.04609375
0 0.14375 0.77578125 0.0375 0.04375
0 0.203125 0.928125 0.0296875 0.03359375
0 0.50625 0.25234375 0.0421875 0.04375
0 0.503125 0.965625 0.025 0.02734375
0 0.49296875 0.98359375 0.0296875 0.02109375
0 0.6375 0.95859375 0.0234375 0.02734375
1 0.42890625 0.86640625 0.0890625 0.1125
1 0.6796875 0.78984375 0.103125 0.09609375