0 0.26484375 0.43515625 0.0265625 0.0375
0 0.23828125 0.57734375 0.0265625 0.0375
0 0.24140625 0.85625 0.0265625 0.0375
0 0.19453125 0.84609375 0.0265625 0.0375
0 0.08359375 0.80625 0.0265625 0.0375
0 0.00546875 0.803125 0.0109375 0.03359375
0 0.13515625 0.18984375 0.0265625 0.0375
0 0.31640625 0.22421875 0.0265625 0.04140625
0 0.23984375 0.17109375 0.0265625 0.0375
0 0.27578125 0.23359375 0.0265625 0.0375
0 0.24453125 0.37265625 0.0265625 0.0375
0 0.53671875 0.97734375 0.0265625 0.0375
0 0.6296875 0.60859375 0.0265625 0.0375
0 0.48828125 0.86875 0.0265625 0.0375
0 0.84296875 0.85625 0.0265625 0.0375
0 0.83359375 0.98125 0.0265625 0.0375
0 0.84375 0.75390625 0.0265625 0.0375
0 0.828125 0.43671875 0.025 0.03984375
0 0.86484375 0.409375 0.025 0.03984375
0 0.6390625 0.23203125 0.0265625 0.03359375
0 0.759375 0.103125 0.0265625 0.03359375
0 0.71015625 0.63515625 0.0265625 0.03359375
0 0.53046875 0.58984375 0.0296875 0.03359375
0 0.46640625 0.43125 0.0265625 0.03359375
0 0.8640625 0.375 0.028125 0.0375
0 0.94296875 0.94765625 0.0234375 0.03515625
0 0.58828125 0.11875 0.0296875 0.05
0 0.6015625 0.20625 0.025 0.04609375
0 0.85625 0.22421875 0.0375 0.04375
0 0.49140625 0.75078125 0.0421875 0.04375
0 0.93984375 0.49765625 0.0265625 0.0375
0 0.4859375 0.04453125 0.025 0.02734375
0 0.50703125 0.021875 0.0296875 0.03125
0 0.35859375 0.05703125 0.0234375 0.02734375
1 0.57109375 0.13359375 0.0890625 0.1125
1 0.3203125 0.21015625 0.103125 0.09609375