0 0.73515625 0.43515625 0.0265625 0.0375
0 0.76171875 0.57734375 0.0265625 0.0375
0 0.759375 0.85625 0.0265625 0.0375
0 0.80546875 0.84609375 0.0265625 0.0375
0 0.91640625 0.80625 0.0265625 0.0375
0 0.99453125 0.80625 0.0109375 0.03359375
0 0.86484375 0.18984375 0.0265625 0.0375
0 0.6890625 0.221875 0.0265625 0.04140625
0 0.7609375 0.17265625 0.0265625 0.0375
0 0.72578125 0.23515625 0.0265625 0.0375
0 0.7578125 0.375 0.0265625 0.0375
0 0.4625 0.978125 0.0265625 0.0375
0 0.3703125 0.609375 0.0265625 0.0375
0 0.51171875 0.86875 0.0265625 0.0375
0 0.15703125 0.85625 0.0265625 0.0375
0 0.16640625 0.98125 0.0265625 0.0375
0 0.15703125 0.75390625 0.0265625 0.0375
0 0.171875 0.43671875 0.025 0.03984375
0 0.13515625 0.409375 0.025 0.03984375
0 0.36484375 0.234375 0.0265625 0.03359375
0 0.2421875 0.10546875 0.0265625 0.03359375
0 0.28984375 0.63515625 0.0265625 0.03359375
0 0.471875 0.59296875 0.0296875 0.03359375
0 0.53515625 0.434375 0.0265625 0.03359375
0 0.11484375 0.35703125 0.028125 0.0375
0 0.06015625 0.95546875 0.0234375 0.03515625
0 0.41171875 0.11875 0.0296875 0.05
0 0.3984375 0.20625 0.025 0.04609375
0 0.14375 0.22421875 0.0375 0.04375
0 0.509375 0.75234375 0.0421875 0.04375
0 0.08203125 0.51953125 0.0296875 0.03984375
0 0.85234375 0.95703125 0.0203125 0.03125
0 0.51484375 0.04609375 0.025 0.02734375
0 0.49296875 0.02265625 0.0296875 0.03125
0 0.6421875 0.06015625 0.0234375 0.02734375
1 0.42890625 0.13359375 0.0890625 0.1125
1 0.6796875 0.21015625 0.103125 0.09609375