0 0.275 0.58359375 0.0265625 0.0375
0 0.23828125 0.41875 0.0265625 0.0375
0 0.24453125 0.14921875 0.0265625 0.0375
0 0.19453125 0.15390625 0.0265625 0.0375
0 0.08359375 0.19375 0.0265625 0.0375
0 0.02890625 0.27109375 0.0265625 0.0375
0 0.13515625 0.81015625 0.0265625 0.0375
0 0.2046875 0.86796875 0.0265625 0.0375
0 0.30546875 0.9 0.0265625 0.0375
0 0.284375 0.78203125 0.0265625 0.0375
0 0.31328125 0.69375 0.0265625 0.0375
0 0.37734375 0.8375 0.0265625 0.04140625
0 0.58046875 0.11953125 0.0265625 0.0375
0 0.6453125 0.43515625 0.0265625 0.0375
0 0.48828125 0.13125 0.0265625 0.0375
0 0.57421875 0.18984375 0.0265625 0.0375
0 0.8484375 0.16015625 0.0265625 0.0375
0 0.8390625 0.03515625 0.0265625 0.0375
0 0.8546875 0.25078125 0.0265625 0.0375
0 0.93359375 0.27890625 0.0265625 0.0375
0 0.828125 0.56328125 0.025 0.03984375
0 0.86875 0.590625 0.025 0.03984375
0 0.68828125 0.86484375 0.0234375 0.03515625
0 0.67265625 0.86328125 0.0265625 0.03359375
0 0.7703125 0.93515625 0.0265625 0.03359375
0 0.71171875 0.3625 0.0265625 0.03359375
0 0.58984375 0.515625 0.0265625 0.03359375
0 0.49921875 0.61484375 0.0265625 0.03359375
0 0.07578125 0.475 0.0296875 0.0375
0 0.0171875 0.77734375 0.0265625 0.03359375
0 0.11484375 0.73671875 0.028125 0.0375
0 0.76953125 0.20390625 0.0265625 0.03359375
0 0.9890625 0.228125 0.021875 0.03359375
0 0.61484375 0.66328125 0.025 0.03515625
0 0.58828125 0.88125 0.0296875 0.05
0 0.6015625 0.79375 0.025 0.04609375
0 0.32265625 0.32109375 0.0390625 0.04140625
0 0.6296875 0.396875 0.028125 0.03515625
0 0.85625 0.77578125 0.0375 0.04375
0 0.5125 0.28046875 0.0421875 0.04375