0 0.73125 0.56875 0.0265625 0.0375
0 0.76171875 0.42265625 0.0265625 0.0375
0 0.7578125 0.14375 0.0265625 0.0375
0 0.80546875 0.15390625 0.0265625 0.0375
0 0.91640625 0.19375 0.0265625 0.0375
0 0.97890625 0.253125 0.0265625 0.0375
0 0.86484375 0.81015625 0.0265625 0.0375
0 0.77734375 0.81796875 0.0265625 0.04140625
0 0.7359375 0.87421875 0.0265625 0.0375
0 0.7171875 0.78046875 0.0265625 0.0375
0 0.70703125 0.67265625 0.0265625 0.0375
0 0.79140625 0.471875 0.028125 0.04609375
0 0.44921875 0.06171875 0.0265625 0.0375
0 0.36171875 0.42265625 0.0265625 0.0375
0 0.51171875 0.13125 0.0265625 0.0375
0 0.1546875 0.15078125 0.0265625 0.0375
0 0.1640625 0.02578125 0.0265625 0.0375
0 0.14765625 0.24765625 0.0265625 0.0375
0 0.171875 0.56328125 0.025 0.03984375
0 0.1328125 0.590625 0.025 0.03984375
0 0.3359375 0.83046875 0.0265625 0.03359375
0 0.2265625 0.92265625 0.0265625 0.03359375
0 0.28984375 0.36484375 0.0265625 0.03359375
0 0.41875 0.48515625 0.0265625 0.03359375
0 0.50703125 0.59453125 0.0265625 0.03359375
0 0.9921875 0.71328125 0.015625 0.03359375
0 0.5953125 0.52890625 0.028125 0.0375
0 0.21796875 0.715625 0.0265625 0.03359375
0 0.0171875 0.17265625 0.01875 0.03515625
0 0.196875 0.059375 0.0328125 0.04140625
0 0.41171875 0.88125 0.0296875 0.05
0 0.3984375 0.79375 0.025 0.04609375
0 0.90625 0.74609375 0.0359375 0.04609375
0 0.14375 0.77578125 0.0375 0.04375
0 0.4984375 0.26484375 0.0421875 0.04375
0 0.565625 0.953125 0.0234375 0.02890625
0 0.50078125 0.98046875 0.025 0.02734375
0 0.63828125 0.915625 0.028125 0.0375
0 0.47734375 0.98984375 0.0296875 0.01875
0 0.63515625 0.98984375 0.0234375 0.0203125
1 0.42890625 0.86640625 0.0890625 0.1125
1 0.6796875 0.78984375 0.103125 0.09609375