0 0.2703125 0.43046875 0.0265625 0.0375
0 0.23828125 0.57734375 0.0265625 0.0375
0 0.24296875 0.85625 0.0265625 0.0375
0 0.19453125 0.84609375 0.0265625 0.0375
0 0.08359375 0.80625 0.0265625 0.0375
0 0.021875 0.74296875 0.0265625 0.0375
0 0.13515625 0.18984375 0.0265625 0.0375
0 0.2203125 0.184375 0.0265625 0.04140625
0 0.2703125 0.121875 0.0265625 0.0375
0 0.2828125 0.21953125 0.0265625 0.0375
0 0.29765625 0.32109375 0.0265625 0.0375
0 0.22890625 0.47109375 0.028125 0.04609375
0 0.55625 0.92734375 0.0265625 0.0375
0 0.63828125 0.57421875 0.0265625 0.0375
0 0.48828125 0.86875 0.0265625 0.0375
0 0.84609375 0.846875 0.0265625 0.0375
0 0.83671875 0.971875 0.0265625 0.0375
0 0.853125 0.75078125 0.0265625 0.0375
0 0.828125 0.43671875 0.025 0.03984375
0 0.8671875 0.409375 0.025 0.03984375
0 0.665625 0.16484375 0.0265625 0.03359375
0 0.77421875 0.07421875 0.0265625 0.03359375
0 0.71015625 0.63515625 0.0265625 0.03359375
0 0.584375 0.50625 0.0265625 0.03359375
0 0.496875 0.40390625 0.0265625 0.03359375
0 0.0109375 0.27578125 0.021875 0.03359375
0 0.36875 0.440625 0.028125 0.0375
0 0.78359375 0.39921875 0.0265625 0.03359375
0 0.98671875 0.815625 0.015625 0.03515625
0 0.775 0.82578125 0.0296875 0.04140625
0 0.58828125 0.11875 0.0296875 0.05
0 0.6015625 0.20625 0.025 0.04609375
0 0.15703125 0.31640625 0.0359375 0.04609375
0 0.85625 0.22421875 0.0375 0.04375
0 0.50390625 0.73359375 0.0421875 0.04375
0 0.33125 0.05703125 0.0234375 0.02890625
0 0.496875 0.01796875 0.025 0.02734375
0 0.45 0.00703125 0.028125 0.0140625
0 0.52578125 0.009375 0.0296875 0.01875
1 0.57109375 0.13359375 0.0890625 0.1125
1 0.3203125 0.21015625 0.103125 0.09609375