0 0.26484375 0.56484375 0.0265625 0.0375
0 0.23828125 0.42265625 0.0265625 0.0375
0 0.24140625 0.14375 0.0265625 0.0375
0 0.19453125 0.15390625 0.0265625 0.0375
0 0.08359375 0.19375 0.0265625 0.0375
0 0.0140625 0.23125 0.0265625 0.0375
0 0.13515625 0.81015625 0.0265625 0.0375
0 0.29609375 0.75 0.0265625 0.04140625
0 0.2453125 0.84765625 0.0265625 0.0375
0 0.28125 0.778125 0.0265625 0.0375
0 0.271875 0.64296875 0.0265625 0.0375
0 0.01640625 0.45234375 0.028125 0.05
0 0.534375 0.02578125 0.0265625 0.0375
0 0.62734375 0.39609375 0.0265625 0.0375
0 0.48828125 0.13125 0.0265625 0.0375
0 0.84296875 0.14375 0.0265625 0.0375
0 0.83359375 0.01875 0.0265625 0.0375
0 0.85078125 0.24609375 0.0265625 0.0375
0 0.828125 0.56328125 0.025 0.03984375
0 0.865625 0.590625 0.025 0.03984375
0 0.66015625 0.81015625 0.0265625 0.03359375
0 0.76640625 0.909375 0.0265625 0.03359375
0 0.71015625 0.36484375 0.0265625 0.03359375
0 0.55859375 0.45234375 0.0296875 0.03359375
0 0.478125 0.5875 0.0265625 0.03359375
0 0.66484375 0.465625 0.028125 0.0375
0 0.58359375 0.94375 0.0265625 0.03359375
0 0.96796875 0.121875 0.0234375 0.03515625
0 0.58828125 0.88125 0.0296875 0.05
0 0.6015625 0.79375 0.025 0.04609375
0 0.85625 0.77578125 0.0375 0.04375
0 0.89609375 0.834375 0.0328125 0.04375
0 0.49453125 0.253125 0.0421875 0.04375
0 0.50390625 0.971875 0.025 0.02734375
0 0.51015625 0.98515625 0.0296875 0.01875
0 0.36484375 0.96796875 0.0234375 0.02734375
1 0.57109375 0.86640625 0.0890625 0.1125
1 0.3203125 0.78984375 0.103125 0.09609375