0 0.26484375 0.56484375 0.0265625 0.0375
0 0.23828125 0.42265625 0.0265625 0.0375
0 0.24140625 0.14375 0.0265625 0.0375
0 0.19453125 0.15390625 0.0265625 0.0375
0 0.08359375 0.19375 0.0265625 0.0375
0 0.00859375 0.21953125 0.0171875 0.03359375
0 0.13515625 0.81015625 0.0265625 0.0375
0 0.3125 0.75078125 0.0265625 0.04140625
0 0.24375 0.84140625 0.0265625 0.0375
0 0.28046875 0.77734375 0.0265625 0.0375
0 0.26015625 0.63515625 0.0265625 0.0375
0 0.53515625 0.025 0.0265625 0.0375
0 0.628125 0.39453125 0.0265625 0.0375
0 0.48828125 0.13125 0.0265625 0.0375
0 0.84296875 0.14375 0.0265625 0.0375
0 0.83359375 0.01875 0.0265625 0.0375
0 0.84921875 0.24609375 0.0265625 0.0375
0 0.828125 0.56328125 0.025 0.03984375
0 0.865625 0.590625 0.025 0.03984375
0 0.6546875 0.78828125 0.0265625 0.03359375
0 0.7640625 0.90546875 0.0265625 0.03359375
0 0.71015625 0.36484375 0.0265625 0.03359375
0 0.5515625 0.434375 0.0296875 0.03359375
0 0.47421875 0.58125 0.0265625 0.03359375
0 0.70703125 0.49140625 0.028125 0.0375
0 0.959375 0.09921875 0.0234375 0.03515625
0 0.58828125 0.88125 0.0296875 0.05
0 0.6015625 0.79375 0.025 0.04609375
0 0.85625 0.77578125 0.0375 0.04375
0 0.8234375 0.928125 0.0296875 0.03359375
0 0.49375 0.25234375 0.0421875 0.04375
0 0.49765625 0.96640625 0.025 0.02734375
0 0.50703125 0.98359375 0.0296875 0.02109375
0 0.36328125 0.959375 0.0234375 0.02734375
1 0.57109375 0.86640625 0.0890625 0.1125
1 0.3203125 0.78984375 0.103125 0.09609375