0 0.26796875 0.56796875 0.0265625 0.0375
0 0.23828125 0.42265625 0.0265625 0.0375
0 0.2421875 0.14375 0.0265625 0.0375
0 0.19453125 0.15390625 0.0265625 0.0375
0 0.08359375 0.19375 0.0265625 0.0375
0 0.01953125 0.24921875 0.0265625 0.0375
0 0.13515625 0.81015625 0.0265625 0.0375
0 0.22890625 0.8125 0.0265625 0.04140625
0 0.26015625 0.86875 0.0265625 0.0375
0 0.2828125 0.78046875 0.0265625 0.0375
0 0.2890625 0.66796875 0.0265625 0.0375
0 0.1671875 0.475 0.028125 0.05
0 0.546875 0.05234375 0.0265625 0.0375
0 0.6375 0.41953125 0.0265625 0.0375
0 0.48828125 0.13125 0.0265625 0.0375
0 0.8453125 0.15 0.0265625 0.0375
0 0.8359375 0.025 0.0265625 0.0375
0 0.85234375 0.24765625 0.0265625 0.0375
0 0.828125 0.56328125 0.025 0.03984375
0 0.8671875 0.590625 0.025 0.03984375
0 0.66328125 0.825 0.0265625 0.03359375
0 0.77265625 0.92109375 0.0265625 0.03359375
0 0.71015625 0.36484375 0.0265625 0.03359375
0 0.578125 0.48046875 0.0265625 0.03359375
0 0.490625 0.59453125 0.0265625 0.03359375
0 0.0078125 0.71015625 0.015625 0.03359375
0 0.43125 0.58984375 0.028125 0.0375
0 0.75390625 0.76484375 0.0265625 0.03359375
0 0.9796875 0.16328125 0.021875 0.03515625
0 0.828125 0.0125 0.028125 0.02109375
0 0.58828125 0.88125 0.0296875 0.05
0 0.6015625 0.79375 0.025 0.04609375
0 0.05703125 0.840625 0.0359375 0.04609375
0 0.85625 0.77578125 0.0375 0.04375
0 0.50078125 0.2625 0.0421875 0.04375
0 0.5 0.97890625 0.025 0.02734375
0 0.3 0.85859375 0.028125 0.0375
0 0.52109375 0.98828125 0.0296875 0.01875
0 0.3734375 0.9875 0.0234375 0.02265625
1 0.57109375 0.86640625 0.0890625 0.1125
1 0.3203125 0.78984375 0.103125 0.09609375