0 0.275 0.58359375 0.0265625 0.0375
0 0.23828125 0.41875 0.0265625 0.0375
0 0.24453125 0.14921875 0.0265625 0.0375
0 0.19453125 0.15390625 0.0265625 0.0375
0 0.08359375 0.19375 0.0265625 0.0375
0 0.02890625 0.27109375 0.0265625 0.0375
0 0.13515625 0.81015625 0.0265625 0.0375
0 0.20390625 0.865625 0.0265625 0.0375
0 0.30546875 0.9 0.0265625 0.0375
0 0.284375 0.78203125 0.0265625 0.0375
0 0.31328125 0.69375 0.0265625 0.0375
0 0.378125 0.82890625 0.0265625 0.04140625
0 0.58046875 0.11953125 0.0265625 0.0375
0 0.6453125 0.43515625 0.0265625 0.0375
0 0.48828125 0.13125 0.0265625 0.0375
0 0.57890625 0.1875 0.0265625 0.0375
0 0.8484375 0.16015625 0.0265625 0.0375
0 0.8390625 0.03515625 0.0265625 0.0375
0 0.8546875 0.25078125 0.0265625 0.0375
0 0.940625 0.27265625 0.0265625 0.04375
0 0.828125 0.56328125 0.025 0.03984375
0 0.86875 0.590625 0.025 0.03984375
0 0.68828125 0.86796875 0.0234375 0.03515625
0 0.67265625 0.86328125 0.0265625 0.03359375
0 0.7703125 0.934375 0.0265625 0.03359375
0 0.71171875 0.3625 0.0265625 0.03359375
0 0.58984375 0.515625 0.0265625 0.03359375
0 0.49921875 0.61484375 0.0265625 0.03359375
0 0.08515625 0.49140625 0.0296875 0.0375
0 0.0171875 0.77578125 0.0265625 0.03359375
0 0.115625 0.74140625 0.028125 0.0375
0 0.75546875 0.22734375 0.0265625 0.03359375
0 0.9890625 0.228125 0.021875 0.03359375
0 0.61875 0.68046875 0.025 0.03515625
0 0.58828125 0.88125 0.0296875 0.05
0 0.6015625 0.79375 0.025 0.04609375
0 0.32734375 0.321875 0.0390625 0.04140625
0 0.6125 0.39453125 0.028125 0.03515625
0 0.85625 0.77578125 0.0375 0.04375
0 0.5125 0.28046875 0.0421875 0.04375