0 0.26484375 0.56484375 0.0265625 0.0375
0 0.23828125 0.42265625 0.0265625 0.0375
0 0.240625 0.14375 0.0265625 0.0375
0 0.19453125 0.15390625 0.0265625 0.0375
0 0.08359375 0.19375 0.0265625 0.0375
0 0.13515625 0.81015625 0.0265625 0.0375
0 0.29296875 0.78125 0.0265625 0.04140625
0 0.2234375 0.82578125 0.0265625 0.0375
0 0.26875 0.75234375 0.0265625 0.0375
0 0.23125 0.615625 0.0265625 0.0375
0 0.5390625 0.01953125 0.0265625 0.0375
0 0.63203125 0.38828125 0.0265625 0.0375
0 0.48828125 0.13125 0.0265625 0.0375
0 0.84296875 0.14375 0.0265625 0.0375
0 0.83359375 0.01875 0.0265625 0.0375
0 0.83828125 0.24609375 0.0265625 0.0375
0 0.828125 0.56328125 0.025 0.03984375
0 0.8640625 0.590625 0.025 0.03984375
0 0.63046875 0.76328125 0.0265625 0.03359375
0 0.7546875 0.88203125 0.0265625 0.03359375
0 0.71015625 0.36484375 0.0265625 0.03359375
0 0.51484375 0.39921875 0.0296875 0.03359375
0 0.46015625 0.546875 0.0265625 0.03359375
0 0.91796875 0.01484375 0.025 0.02890625
0 0.58828125 0.88125 0.0296875 0.05
0 0.6015625 0.79375 0.025 0.04609375
0 0.85625 0.77578125 0.0375 0.04375
0 0.48828125 0.24453125 0.0421875 0.04375
0 0.8453125 0.203125 0.0296875 0.03984375
0 0.1421875 0.14765625 0.025 0.03984375
0 0.096875 0.090625 0.03125 0.03984375
0 0.48359375 0.95234375 0.025 0.02734375
0 0.50859375 0.97421875 0.0296875 0.03125
0 0.35703125 0.93671875 0.0234375 0.02734375
0 0.77734375 0.9125 0.0296875 0.03359375
0 0.9828125 0.97890625 0.021875 0.02734375
1 0.57109375 0.86640625 0.0890625 0.1125
1 0.3203125 0.78984375 0.103125 0.09609375