0 0.73359375 0.434375 0.0265625 0.0375
0 0.76171875 0.57734375 0.0265625 0.0375
0 0.7578125 0.85625 0.0265625 0.0375
0 0.80546875 0.84609375 0.0265625 0.0375
0 0.91640625 0.80625 0.0265625 0.0375
0 0.98203125 0.75546875 0.0265625 0.0375
0 0.86484375 0.18984375 0.0265625 0.0375
0 0.7609375 0.18984375 0.0265625 0.04140625
0 0.74375 0.13671875 0.0265625 0.0375
0 0.71796875 0.22109375 0.0265625 0.0375
0 0.71484375 0.3375 0.0265625 0.0375
0 0.85703125 0.53125 0.028125 0.05
0 0.45859375 0.95703125 0.0265625 0.0375
0 0.36484375 0.58515625 0.0265625 0.0375
0 0.51171875 0.86875 0.0265625 0.0375
0 0.15546875 0.85078125 0.0265625 0.0375
0 0.16484375 0.97578125 0.0265625 0.0375
0 0.14765625 0.75234375 0.0265625 0.0375
0 0.171875 0.43671875 0.025 0.03984375
0 0.13359375 0.409375 0.025 0.03984375
0 0.3375 0.178125 0.0265625 0.03359375
0 0.22890625 0.08125 0.0265625 0.03359375
0 0.28984375 0.63515625 0.0265625 0.03359375
0 0.4265625 0.52578125 0.0265625 0.03359375
0 0.5125 0.40546875 0.0265625 0.03359375
0 0.99453125 0.30546875 0.0109375 0.03515625
0 0.521875 0.49921875 0.028125 0.0375
0 0.26796875 0.14765625 0.0265625 0.03359375
0 0.0234375 0.846875 0.0234375 0.03515625
0 0.41171875 0.11875 0.0296875 0.05
0 0.3984375 0.20625 0.025 0.04609375
0 0.96953125 0.071875 0.0296875 0.03984375
0 0.14375 0.22421875 0.0375 0.04375
0 0.50078125 0.740625 0.0421875 0.04375
0 0.4984375 0.021875 0.025 0.02734375
0 0.7328125 0.25546875 0.028125 0.0375
0 0.48203125 0.01171875 0.0296875 0.01875
0 0.6296875 0.01640625 0.0234375 0.025
1 0.42890625 0.13359375 0.0890625 0.1125
1 0.6796875 0.21015625 0.103125 0.09609375