0 0.72421875 0.41328125 0.0265625 0.0375
0 0.76171875 0.58203125 0.0265625 0.0375
0 0.75390625 0.84921875 0.0265625 0.0375
0 0.80546875 0.84609375 0.0265625 0.0375
0 0.91640625 0.80625 0.0265625 0.0375
0 0.9703125 0.72734375 0.0265625 0.0375
0 0.86484375 0.18984375 0.0265625 0.0375
0 0.80625 0.1125 0.0265625 0.0375
0 0.6875 0.09609375 0.0265625 0.0375
0 0.71484375 0.21640625 0.0265625 0.0375
0 0.68515625 0.30546875 0.0265625 0.0375
0 0.57578125 0.10078125 0.0265625 0.0375
0 0.41484375 0.875 0.0265625 0.0375
0 0.353125 0.56328125 0.0265625 0.0375
0 0.51171875 0.86875 0.0265625 0.0375
0 0.53359375 0.759375 0.0265625 0.0375
0 0.15078125 0.83828125 0.0265625 0.0375
0 0.16015625 0.96328125 0.0265625 0.0375
0 0.14453125 0.74765625 0.0265625 0.0375
0 0.11015625 0.64609375 0.0265625 0.0375
0 0.171875 0.43671875 0.025 0.03984375
0 0.13125 0.409375 0.025 0.03984375
0 0.33046875 0.18515625 0.0234375 0.03359375
0 0.3265625 0.13125 0.0265625 0.03359375
0 0.26640625 0.06484375 0.0265625 0.03359375
0 0.23046875 0.06328125 0.0265625 0.03359375
0 0.28671875 0.63984375 0.0265625 0.03359375
0 0.41171875 0.48125 0.0265625 0.03359375
0 0.49921875 0.384375 0.0265625 0.03359375
0 0.83046875 0.61015625 0.0265625 0.03359375
0 0.98359375 0.21640625 0.0265625 0.03359375
0 0.928125 0.19921875 0.0265625 0.03359375
0 0.284375 0.99140625 0.01875 0.01640625
0 0.353125 0.96171875 0.0265625 0.03359375
0 0.26328125 0.83984375 0.0265625 0.03359375
0 0.0125 0.76953125 0.025 0.03359375
0 0.43984375 0.25625 0.025 0.03515625
0 0.41171875 0.11875 0.0296875 0.05
0 0.3984375 0.20625 0.025 0.04609375
0 0.61796875 0.75625 0.0390625 0.04140625
0 0.2109375 0.628125 0.028125 0.03515625
0 0.14375 0.22421875 0.0375 0.04375
0 0.4859375 0.71640625 0.0421875 0.04375