0 0.2703125 0.56953125 0.0265625 0.0375
0 0.23828125 0.42265625 0.0265625 0.0375
0 0.2421875 0.14375 0.0265625 0.0375
0 0.19453125 0.15390625 0.0265625 0.0375
0 0.08359375 0.19375 0.0265625 0.0375
0 0.021875 0.25625 0.0265625 0.0375
0 0.13515625 0.81015625 0.0265625 0.0375
0 0.22109375 0.82265625 0.0265625 0.04140625
0 0.26953125 0.878125 0.0265625 0.0375
0 0.2828125 0.78046875 0.0265625 0.0375
0 0.296875 0.678125 0.0265625 0.0375
0 0.225 0.54296875 0.028125 0.04609375
0 0.55546875 0.071875 0.0265625 0.0375
0 0.63828125 0.42578125 0.0265625 0.0375
0 0.48828125 0.13125 0.0265625 0.0375
0 0.84609375 0.153125 0.0265625 0.0375
0 0.83671875 0.028125 0.0265625 0.0375
0 0.853125 0.24921875 0.0265625 0.0375
0 0.828125 0.56328125 0.025 0.03984375
0 0.8671875 0.590625 0.025 0.03984375
0 0.665625 0.83515625 0.0265625 0.03359375
0 0.77421875 0.92578125 0.0265625 0.03359375
0 0.71015625 0.36484375 0.0265625 0.03359375
0 0.58359375 0.49296875 0.0265625 0.03359375
0 0.49609375 0.59609375 0.0265625 0.03359375
0 0.0109375 0.72265625 0.021875 0.03359375
0 0.3703125 0.55625 0.028125 0.0375
0 0.7640625 0.62109375 0.0265625 0.03359375
0 0.98671875 0.18359375 0.0171875 0.03515625
0 0.77109375 0.14921875 0.0296875 0.04140625
0 0.58828125 0.88125 0.0296875 0.05
0 0.6015625 0.79375 0.025 0.04609375
0 0.15234375 0.675 0.0359375 0.04609375
0 0.85625 0.77578125 0.0375 0.04375
0 0.503125 0.26640625 0.0421875 0.04375
0 0.3390625 0.93359375 0.0234375 0.02890625
0 0.49765625 0.98203125 0.025 0.02734375
0 0.44296875 0.99140625 0.0296875 0.01640625
0 0.525 0.990625 0.0296875 0.01875
1 0.57109375 0.86640625 0.0890625 0.1125
1 0.3203125 0.78984375 0.103125 0.09609375