0 0.27421875 0.58125 0.0265625 0.0375
0 0.23828125 0.42109375 0.0265625 0.0375
0 0.24375 0.146875 0.0265625 0.0375
0 0.19453125 0.15390625 0.0265625 0.0375
0 0.08359375 0.19375 0.0265625 0.0375
0 0.02734375 0.26953125 0.0265625 0.0375
0 0.13515625 0.81015625 0.0265625 0.0375
0 0.21171875 0.846875 0.0265625 0.0375
0 0.29921875 0.896875 0.0265625 0.0375
0 0.284375 0.78203125 0.0265625 0.0375
0 0.3125 0.69140625 0.0265625 0.0375
0 0.36171875 0.73359375 0.0265625 0.04140625
0 0.5765625 0.115625 0.0265625 0.0375
0 0.64375 0.43359375 0.0265625 0.0375
0 0.48828125 0.13125 0.0265625 0.0375
0 0.68515625 0.18515625 0.0234375 0.0375
0 0.84765625 0.159375 0.0265625 0.0375
0 0.83828125 0.034375 0.0265625 0.0375
0 0.8546875 0.25078125 0.0265625 0.0375
0 0.96875 0.18359375 0.0265625 0.04375
0 0.828125 0.56328125 0.025 0.03984375
0 0.86796875 0.590625 0.025 0.03984375
0 0.63203125 0.83515625 0.0234375 0.03515625
0 0.67109375 0.859375 0.0265625 0.03359375
0 0.77109375 0.93359375 0.0265625 0.03359375
0 0.7109375 0.36328125 0.0265625 0.03359375
0 0.590625 0.51171875 0.0265625 0.03359375
0 0.4984375 0.6125 0.0265625 0.03359375
0 0.0078125 0.484375 0.0140625 0.0375
0 0.015625 0.76640625 0.0265625 0.03359375
0 0.1671875 0.73125 0.028125 0.0375
0 0.77109375 0.29375 0.0265625 0.03359375
0 0.990625 0.22578125 0.01875 0.03515625
0 0.6296875 0.54765625 0.025 0.03359375
0 0.58828125 0.88125 0.0296875 0.05
0 0.6015625 0.79375 0.025 0.04609375
0 0.29140625 0.42109375 0.0359375 0.04609375
0 0.46015625 0.44765625 0.0328125 0.0375
0 0.85625 0.77578125 0.0375 0.04375
0 0.5109375 0.278125 0.0421875 0.04375
1 0.57109375 0.86640625 0.0890625 0.1125
1 0.3203125 0.78984375 0.103125 0.09609375