0 0.73515625 0.56484375 0.0265625 0.0375
0 0.76171875 0.42265625 0.0265625 0.0375
0 0.75859375 0.14375 0.0265625 0.0375
0 0.80546875 0.15390625 0.0265625 0.0375
0 0.91640625 0.19375 0.0265625 0.0375
0 0.99296875 0.21484375 0.0140625 0.03125
0 0.86484375 0.81015625 0.0265625 0.0375
0 0.69453125 0.75703125 0.0265625 0.04140625
0 0.75703125 0.83984375 0.0265625 0.0375
0 0.71953125 0.77734375 0.0265625 0.0375
0 0.74453125 0.63359375 0.0265625 0.0375
0 0.4640625 0.02421875 0.0265625 0.0375
0 0.371875 0.39375 0.0265625 0.0375
0 0.51171875 0.13125 0.0265625 0.0375
0 0.15703125 0.14375 0.0265625 0.0375
0 0.16640625 0.01875 0.0265625 0.0375
0 0.1515625 0.24609375 0.0265625 0.0375
0 0.171875 0.56328125 0.025 0.03984375
0 0.134375 0.590625 0.025 0.03984375
0 0.34921875 0.78359375 0.0265625 0.03359375
0 0.23671875 0.903125 0.0265625 0.03359375
0 0.28984375 0.36484375 0.0265625 0.03359375
0 0.45078125 0.428125 0.0296875 0.03359375
0 0.5265625 0.57890625 0.0265625 0.03359375
0 0.31640625 0.55546875 0.028125 0.0375
0 0.04296875 0.090625 0.0234375 0.03515625
0 0.41171875 0.88125 0.0296875 0.05
0 0.3984375 0.79375 0.025 0.04609375
0 0.14375 0.77578125 0.0375 0.04375
0 0.215625 0.946875 0.0296875 0.03359375
0 0.50703125 0.25078125 0.0421875 0.04375
0 0.50390625 0.96484375 0.025 0.02734375
0 0.49296875 0.98203125 0.0296875 0.02265625
0 0.6375 0.95703125 0.0234375 0.02734375
1 0.42890625 0.86640625 0.0890625 0.1125
1 0.6796875 0.78984375 0.103125 0.09609375