0 0.27421875 0.41640625 0.0265625 0.0375
0 0.23828125 0.58125 0.0265625 0.0375
0 0.24453125 0.85078125 0.0265625 0.0375
0 0.19453125 0.84609375 0.0265625 0.0375
0 0.08359375 0.80625 0.0265625 0.0375
0 0.02890625 0.72890625 0.0265625 0.0375
0 0.13515625 0.18984375 0.0265625 0.0375
0 0.2015625 0.140625 0.0265625 0.0375
0 0.3046875 0.1 0.0265625 0.0375
0 0.284375 0.21796875 0.0265625 0.0375
0 0.31328125 0.30625 0.0265625 0.0375
0 0.3875 0.184375 0.0265625 0.04140625
0 0.58046875 0.88046875 0.0265625 0.0375
0 0.6453125 0.565625 0.0265625 0.0375
0 0.48828125 0.86875 0.0265625 0.0375
0 0.578125 0.825 0.0265625 0.0375
0 0.8484375 0.83984375 0.0265625 0.0375
0 0.8390625 0.96484375 0.0265625 0.0375
0 0.8546875 0.74921875 0.0265625 0.0375
0 0.94453125 0.75078125 0.0265625 0.04375
0 0.828125 0.43671875 0.025 0.03984375
0 0.86875 0.409375 0.025 0.03984375
0 0.671875 0.14375 0.0234375 0.03515625
0 0.67265625 0.13671875 0.0265625 0.03359375
0 0.7703125 0.065625 0.0265625 0.03359375
0 0.71171875 0.6375 0.0265625 0.03359375
0 0.58984375 0.48515625 0.0265625 0.03359375
0 0.49921875 0.38515625 0.0265625 0.03359375
0 0.09609375 0.5 0.0296875 0.0375
0 0.0171875 0.22421875 0.0265625 0.03359375
0 0.1234375 0.25859375 0.028125 0.0375
0 0.74375 0.771875 0.0265625 0.03359375
0 0.9890625 0.771875 0.021875 0.03359375
0 0.621875 0.334375 0.025 0.03515625
0 0.58828125 0.11875 0.0296875 0.05
0 0.6015625 0.20625 0.025 0.04609375
0 0.3296875 0.659375 0.0390625 0.04140625
0 0.5953125 0.58046875 0.028125 0.03515625
0 0.85625 0.22421875 0.0375 0.04375
0 0.5125 0.71953125 0.0421875 0.04375