0 0.72734375 0.575 0.0265625 0.0375
0 0.76171875 0.42265625 0.0265625 0.0375
0 0.75703125 0.14375 0.0265625 0.0375
0 0.80546875 0.15390625 0.0265625 0.0375
0 0.91640625 0.19375 0.0265625 0.0375
0 0.975 0.265625 0.0265625 0.0375
0 0.86484375 0.81015625 0.0265625 0.0375
0 0.77890625 0.82265625 0.0265625 0.0375
0 0.715625 0.8875 0.0265625 0.0375
0 0.71640625 0.78125 0.0265625 0.0375
0 0.6921875 0.68671875 0.0265625 0.0375
0 0.6875 0.603125 0.0265625 0.04140625
0 0.43125 0.09921875 0.0265625 0.0375
0 0.359375 0.43046875 0.0265625 0.0375
0 0.51171875 0.13125 0.0265625 0.0375
0 0.1109375 0.16328125 0.0234375 0.0375
0 0.153125 0.15625 0.0265625 0.0375
0 0.1625 0.03125 0.0265625 0.0375
0 0.14609375 0.25 0.0265625 0.0375
0 0.171875 0.56328125 0.025 0.03984375
0 0.13203125 0.590625 0.025 0.03984375
0 0.33125 0.84765625 0.0265625 0.03359375
0 0.22734375 0.92890625 0.0265625 0.03359375
0 0.28984375 0.36484375 0.0265625 0.03359375
0 0.41015625 0.503125 0.0265625 0.03359375
0 0.50234375 0.60625 0.0265625 0.03359375
0 0.98671875 0.74375 0.0265625 0.03359375
0 0.715625 0.6375 0.028125 0.0375
0 0.2484375 0.44453125 0.0265625 0.03359375
0 0.00703125 0.2125 0.0125 0.03515625
0 0.29296875 0.38359375 0.0296875 0.04140625
0 0.41171875 0.88125 0.0296875 0.05
0 0.3984375 0.79375 0.025 0.04609375
0 0.78125 0.54375 0.0359375 0.04609375
0 0.89296875 0.64453125 0.0328125 0.0375
0 0.14375 0.77578125 0.0375 0.04375
0 0.49296875 0.271875 0.0421875 0.04375
1 0.42890625 0.86640625 0.0890625 0.1125
1 0.6796875 0.78984375 0.103125 0.09609375