0 0.73515625 0.56484375 0.0265625 0.0375
0 0.76171875 0.42265625 0.0265625 0.0375
0 0.759375 0.14375 0.0265625 0.0375
0 0.80546875 0.15390625 0.0265625 0.0375
0 0.91640625 0.19375 0.0265625 0.0375
0 0.99453125 0.18984375 0.0109375 0.03359375
0 0.86484375 0.81015625 0.0265625 0.0375
0 0.69609375 0.78203125 0.0265625 0.04140625
0 0.7671875 0.82578125 0.0265625 0.0375
0 0.72890625 0.75859375 0.0265625 0.0375
0 0.76328125 0.62109375 0.0265625 0.0375
0 0.46171875 0.02109375 0.0265625 0.0375
0 0.36953125 0.38984375 0.0265625 0.0375
0 0.51171875 0.13125 0.0265625 0.0375
0 0.15703125 0.14375 0.0265625 0.0375
0 0.16640625 0.01875 0.0265625 0.0375
0 0.15859375 0.24609375 0.0265625 0.0375
0 0.171875 0.56328125 0.025 0.03984375
0 0.13515625 0.590625 0.025 0.03984375
0 0.36875 0.76484375 0.0265625 0.03359375
0 0.24453125 0.890625 0.0265625 0.03359375
0 0.28984375 0.36484375 0.0265625 0.03359375
0 0.47890625 0.40234375 0.0296875 0.03359375
0 0.5375 0.55703125 0.0265625 0.03359375
0 0.01640625 0.60703125 0.028125 0.0375
0 0.0703125 0.02890625 0.0234375 0.03515625
0 0.41171875 0.88125 0.0296875 0.05
0 0.3984375 0.79375 0.025 0.04609375
0 0.14375 0.77578125 0.0375 0.04375
0 0.51015625 0.246875 0.0421875 0.04375
0 0.121875 0.365625 0.0296875 0.03984375
0 0.859375 0.071875 0.025 0.03984375
0 0.8015625 0.02109375 0.028125 0.02890625
0 0.515625 0.953125 0.025 0.02734375
0 0.4921875 0.97578125 0.0296875 0.03125
0 0.64296875 0.93671875 0.0234375 0.02734375
0 0.0125 0.98671875 0.0203125 0.02265625
1 0.42890625 0.86640625 0.0890625 0.1125
1 0.6796875 0.78984375 0.103125 0.09609375