0 0.27265625 0.57578125 0.0265625 0.0375
0 0.23828125 0.42265625 0.0265625 0.0375
0 0.24296875 0.14375 0.0265625 0.0375
0 0.19453125 0.15390625 0.0265625 0.0375
0 0.08359375 0.19375 0.0265625 0.0375
0 0.025 0.26640625 0.0265625 0.0375
0 0.13515625 0.81015625 0.0265625 0.0375
0 0.21796875 0.81953125 0.0265625 0.0375
0 0.2859375 0.88828125 0.0265625 0.0375
0 0.28359375 0.78125 0.0265625 0.0375
0 0.309375 0.6875 0.0265625 0.0375
0 0.31875 0.61640625 0.0265625 0.04140625
0 0.56953125 0.10234375 0.0265625 0.0375
0 0.64140625 0.43046875 0.0265625 0.0375
0 0.48828125 0.13125 0.0265625 0.0375
0 0.87421875 0.15390625 0.0234375 0.0375
0 0.846875 0.15625 0.0265625 0.0375
0 0.8375 0.03125 0.0265625 0.0375
0 0.85390625 0.25 0.0265625 0.0375
0 0.828125 0.56328125 0.025 0.03984375
0 0.86796875 0.590625 0.025 0.03984375
0 0.603125 0.95546875 0.015625 0.00625
0 0.66875 0.85 0.0265625 0.03359375
0 0.77265625 0.93046875 0.0265625 0.03359375
0 0.71015625 0.36484375 0.0265625 0.03359375
0 0.58984375 0.50390625 0.0265625 0.03359375
0 0.49765625 0.60703125 0.0265625 0.03359375
0 0.01328125 0.746875 0.0265625 0.03359375
0 0.25 0.61328125 0.028125 0.0375
0 0.7703125 0.42421875 0.0265625 0.03359375
0 0.99375 0.21640625 0.0125 0.03515625
0 0.6890625 0.39453125 0.025 0.03359375
0 0.58828125 0.88125 0.0296875 0.05
0 0.6015625 0.79375 0.025 0.04609375
0 0.25703125 0.52421875 0.0359375 0.04609375
0 0.15625 0.62578125 0.0328125 0.0375
0 0.85625 0.77578125 0.0375 0.04375
0 0.5078125 0.27265625 0.0421875 0.04375
1 0.57109375 0.86640625 0.0890625 0.1125
1 0.3203125 0.78984375 0.103125 0.09609375