0 0.2734375 0.41953125 0.0265625 0.0375
0 0.23828125 0.57890625 0.0265625 0.0375
0 0.24375 0.85390625 0.0265625 0.0375
0 0.19453125 0.84609375 0.0265625 0.0375
0 0.08359375 0.80625 0.0265625 0.0375
0 0.02734375 0.73046875 0.0265625 0.0375
0 0.13515625 0.18984375 0.0265625 0.0375
0 0.21953125 0.15390625 0.0265625 0.0375
0 0.29765625 0.10390625 0.0265625 0.0375
0 0.284375 0.21796875 0.0265625 0.0375
0 0.3125 0.30859375 0.0265625 0.0375
0 0.3765625 0.28671875 0.0265625 0.04140625
0 0.57578125 0.88671875 0.0265625 0.0375
0 0.64375 0.56640625 0.0265625 0.0375
0 0.48828125 0.86875 0.0265625 0.0375
0 0.71640625 0.77890625 0.0234375 0.0375
0 0.84765625 0.84140625 0.0265625 0.0375
0 0.83828125 0.96640625 0.0265625 0.0375
0 0.8546875 0.74921875 0.0265625 0.0375
0 0.98203125 0.83828125 0.0265625 0.04375
0 0.828125 0.43671875 0.025 0.03984375
0 0.86796875 0.409375 0.025 0.03984375
0 0.63203125 0.13828125 0.0234375 0.03515625
0 0.67109375 0.14140625 0.0265625 0.03359375
0 0.77109375 0.06796875 0.0265625 0.03359375
0 0.7109375 0.63671875 0.0265625 0.03359375
0 0.590625 0.48984375 0.0265625 0.03359375
0 0.4984375 0.3875 0.0265625 0.03359375
0 0.01015625 0.584375 0.0171875 0.03984375
0 0.01484375 0.23671875 0.0265625 0.03359375
0 0.18125 0.25859375 0.028125 0.0375
0 0.77265625 0.68359375 0.0265625 0.03359375
0 0.99140625 0.775 0.0171875 0.03515625
0 0.6484375 0.43984375 0.025 0.03359375
0 0.58828125 0.11875 0.0296875 0.05
0 0.6015625 0.20625 0.025 0.04609375
0 0.25703125 0.57109375 0.0359375 0.04609375
0 0.40234375 0.52890625 0.0328125 0.0375
0 0.85625 0.22421875 0.0375 0.04375
0 0.51015625 0.72265625 0.0421875 0.04375
1 0.57109375 0.13359375 0.0890625 0.1125
1 0.3203125 0.21015625 0.103125 0.09609375