0 0.73515625 0.56484375 0.0265625 0.0375
0 0.76171875 0.42265625 0.0265625 0.0375
0 0.75859375 0.14375 0.0265625 0.0375
0 0.80546875 0.15390625 0.0265625 0.0375
0 0.91640625 0.19375 0.0265625 0.0375
0 0.99453125 0.2 0.0109375 0.03359375
0 0.86484375 0.81015625 0.0265625 0.0375
0 0.68125 0.77578125 0.0265625 0.04140625
0 0.76015625 0.83125 0.0265625 0.0375
0 0.7234375 0.76875 0.0265625 0.0375
0 0.75390625 0.628125 0.0265625 0.0375
0 0.46328125 0.02265625 0.0265625 0.0375
0 0.3703125 0.39140625 0.0265625 0.0375
0 0.51171875 0.13125 0.0265625 0.0375
0 0.15703125 0.14375 0.0265625 0.0375
0 0.16640625 0.01875 0.0265625 0.0375
0 0.15546875 0.24609375 0.0265625 0.0375
0 0.171875 0.56328125 0.025 0.03984375
0 0.13515625 0.590625 0.025 0.03984375
0 0.3578125 0.76875 0.0265625 0.03359375
0 0.23984375 0.89765625 0.0265625 0.03359375
0 0.28984375 0.36484375 0.0265625 0.03359375
0 0.46640625 0.4125 0.0296875 0.03359375
0 0.5328125 0.56953125 0.0265625 0.03359375
0 0.1765625 0.584375 0.028125 0.0375
0 0.0546875 0.05859375 0.0234375 0.03515625
0 0.41171875 0.88125 0.0296875 0.05
0 0.3984375 0.79375 0.025 0.04609375
0 0.14375 0.77578125 0.0375 0.04375
0 0.50859375 0.24921875 0.0421875 0.04375
0 0.04921875 0.546875 0.028125 0.04375
0 0.51328125 0.95625 0.025 0.02734375
0 0.49296875 0.978125 0.0296875 0.03125
0 0.640625 0.94609375 0.0234375 0.02734375
1 0.42890625 0.86640625 0.0890625 0.1125
1 0.6796875 0.78984375 0.103125 0.09609375