0 0.26484375 0.43515625 0.0265625 0.0375
0 0.23828125 0.57734375 0.0265625 0.0375
0 0.2421875 0.85625 0.0265625 0.0375
0 0.19453125 0.84609375 0.0265625 0.0375
0 0.08359375 0.80625 0.0265625 0.0375
0 0.01640625 0.76015625 0.0265625 0.0375
0 0.13515625 0.18984375 0.0265625 0.0375
0 0.25546875 0.21015625 0.0265625 0.04140625
0 0.2515625 0.14296875 0.0265625 0.0375
0 0.28203125 0.22109375 0.0265625 0.0375
0 0.2796875 0.34453125 0.0265625 0.0375
0 0.12109375 0.52421875 0.028125 0.05
0 0.53515625 0.96953125 0.0265625 0.0375
0 0.63203125 0.59296875 0.0265625 0.0375
0 0.48828125 0.86875 0.0265625 0.0375
0 0.84375 0.853125 0.0265625 0.0375
0 0.834375 0.978125 0.0265625 0.0375
0 0.8515625 0.753125 0.0265625 0.0375
0 0.828125 0.43671875 0.025 0.03984375
0 0.86640625 0.409375 0.025 0.03984375
0 0.66171875 0.18203125 0.0265625 0.03359375
0 0.76953125 0.084375 0.0265625 0.03359375
0 0.71015625 0.63515625 0.0265625 0.03359375
0 0.56796875 0.534375 0.028125 0.03359375
0 0.4828125 0.40625 0.0265625 0.03359375
0 0.546875 0.52265625 0.028125 0.0375
0 0.69609375 0.09453125 0.0265625 0.03359375
0 0.97578125 0.85859375 0.0234375 0.03515625
0 0.58828125 0.11875 0.0296875 0.05
0 0.6015625 0.20625 0.025 0.04609375
0 0.85625 0.22421875 0.0375 0.04375
0 0.93359375 0.2875 0.0328125 0.04140625
0 0.496875 0.74375 0.0421875 0.04375
0 0.50390625 0.02421875 0.025 0.02734375
0 0.14765625 0.29453125 0.028125 0.0375
0 0.51484375 0.0125 0.0296875 0.01875
0 0.36796875 0.02265625 0.0234375 0.02734375
1 0.57109375 0.13359375 0.0890625 0.1125
1 0.3203125 0.21015625 0.103125 0.09609375