0 0.72421875 0.4125 0.0265625 0.0375
0 0.76171875 0.58359375 0.0265625 0.0375
0 0.75390625 0.84765625 0.0265625 0.0375
0 0.80546875 0.84609375 0.0265625 0.0375
0 0.91640625 0.80625 0.0265625 0.0375
0 0.96953125 0.72734375 0.0265625 0.0375
0 0.86484375 0.18984375 0.0265625 0.0375
0 0.809375 0.10546875 0.0265625 0.0375
0 0.6859375 0.09375 0.0265625 0.0375
0 0.71484375 0.21640625 0.0265625 0.0375
0 0.68515625 0.30390625 0.0265625 0.0375
0 0.53828125 0.10703125 0.0265625 0.0375
0 0.4140625 0.87421875 0.0265625 0.0375
0 0.35234375 0.5625 0.0265625 0.0375
0 0.51171875 0.86875 0.0265625 0.0375
0 0.57421875 0.73984375 0.0265625 0.0375
0 0.15078125 0.8375 0.0265625 0.0375
0 0.16015625 0.9625 0.0265625 0.0375
0 0.14453125 0.74765625 0.0265625 0.0375
0 0.12890625 0.63203125 0.0265625 0.0375
0 0.171875 0.43671875 0.025 0.03984375
0 0.13125 0.409375 0.025 0.03984375
0 0.32578125 0.19453125 0.0234375 0.03359375
0 0.32578125 0.12890625 0.0265625 0.03359375
0 0.27578125 0.11484375 0.0265625 0.03359375
0 0.23046875 0.0625 0.0265625 0.03359375
0 0.28671875 0.63984375 0.0265625 0.03359375
0 0.41171875 0.47890625 0.0265625 0.03359375
0 0.49921875 0.38359375 0.0265625 0.03359375
0 0.79921875 0.64375 0.0265625 0.03359375
0 0.98515625 0.21484375 0.0265625 0.03359375
0 0.96796875 0.20859375 0.0265625 0.03359375
0 0.25078125 0.96484375 0.0265625 0.03359375
0 0.3234375 0.95859375 0.0265625 0.03359375
0 0.26640625 0.85625 0.0265625 0.03359375
0 0.01328125 0.76875 0.0265625 0.03359375
0 0.43828125 0.21484375 0.025 0.03515625
0 0.41171875 0.11875 0.0296875 0.05
0 0.3984375 0.20625 0.025 0.04609375
0 0.60703125 0.77890625 0.0328125 0.03515625
0 0.17734375 0.69140625 0.028125 0.03359375
0 0.14375 0.22421875 0.0375 0.04375
0 0.48515625 0.715625 0.0421875 0.04375