0 0.7328125 0.43203125 0.0265625 0.0375
0 0.76171875 0.57734375 0.0265625 0.0375
0 0.7578125 0.85625 0.0265625 0.0375
0 0.80546875 0.84609375 0.0265625 0.0375
0 0.91640625 0.80625 0.0265625 0.0375
0 0.98046875 0.75078125 0.0265625 0.0375
0 0.86484375 0.18984375 0.0265625 0.0375
0 0.77109375 0.1875 0.0265625 0.04140625
0 0.73984375 0.13125 0.0265625 0.0375
0 0.7171875 0.21953125 0.0265625 0.0375
0 0.7109375 0.33203125 0.0265625 0.0375
0 0.83359375 0.53125 0.028125 0.05
0 0.453125 0.94765625 0.0265625 0.0375
0 0.3625 0.58046875 0.0265625 0.0375
0 0.51171875 0.86875 0.0265625 0.0375
0 0.1546875 0.85 0.0265625 0.0375
0 0.1640625 0.975 0.0265625 0.0375
0 0.14765625 0.75234375 0.0265625 0.0375
0 0.171875 0.43671875 0.025 0.03984375
0 0.1328125 0.409375 0.025 0.03984375
0 0.33671875 0.175 0.0265625 0.03359375
0 0.228125 0.07890625 0.0265625 0.03359375
0 0.28984375 0.63515625 0.0265625 0.03359375
0 0.421875 0.51953125 0.0265625 0.03359375
0 0.509375 0.40546875 0.0265625 0.03359375
0 0.9921875 0.28984375 0.015625 0.03359375
0 0.5765625 0.41015625 0.028125 0.0375
0 0.22890625 0.22890625 0.0265625 0.03359375
0 0.0203125 0.8375 0.021875 0.03515625
0 0.171875 0.9875 0.028125 0.02109375
0 0.41171875 0.11875 0.0296875 0.05
0 0.3984375 0.20625 0.025 0.04609375
0 0.94453125 0.15859375 0.0359375 0.04609375
0 0.14375 0.22421875 0.0375 0.04375
0 0.49921875 0.73828125 0.0421875 0.04375
0 0.5 0.02109375 0.025 0.02734375
0 0.70234375 0.14375 0.028125 0.0375
0 0.47890625 0.01171875 0.0296875 0.01875
0 0.62734375 0.0125 0.0234375 0.02265625
1 0.42890625 0.13359375 0.0890625 0.1125
1 0.6796875 0.21015625 0.103125 0.09609375