0 0.2671875 0.56640625 0.0265625 0.0375
0 0.23828125 0.42265625 0.0265625 0.0375
0 0.2421875 0.14375 0.0265625 0.0375
0 0.19453125 0.15390625 0.0265625 0.0375
0 0.08359375 0.19375 0.0265625 0.0375
0 0.01953125 0.24765625 0.0265625 0.0375
0 0.13515625 0.81015625 0.0265625 0.0375
0 0.23046875 0.81328125 0.0265625 0.04140625
0 0.259375 0.86796875 0.0265625 0.0375
0 0.2828125 0.78046875 0.0265625 0.0375
0 0.2875 0.665625 0.0265625 0.0375
0 0.16328125 0.46875 0.028125 0.05
0 0.5453125 0.04921875 0.0265625 0.0375
0 0.63671875 0.41796875 0.0265625 0.0375
0 0.48828125 0.13125 0.0265625 0.0375
0 0.8453125 0.15 0.0265625 0.0375
0 0.8359375 0.025 0.0265625 0.0375
0 0.85234375 0.24765625 0.0265625 0.0375
0 0.828125 0.56328125 0.025 0.03984375
0 0.8671875 0.590625 0.025 0.03984375
0 0.66328125 0.82421875 0.0265625 0.03359375
0 0.771875 0.91953125 0.0265625 0.03359375
0 0.71015625 0.36484375 0.0265625 0.03359375
0 0.5765625 0.478125 0.0265625 0.03359375
0 0.4890625 0.59453125 0.0265625 0.03359375
0 0.00703125 0.70390625 0.0140625 0.03359375
0 0.44609375 0.55703125 0.028125 0.0375
0 0.753125 0.80078125 0.0265625 0.03359375
0 0.978125 0.159375 0.0234375 0.03515625
0 0.58828125 0.88125 0.0296875 0.05
0 0.6015625 0.79375 0.025 0.04609375
0 0.06171875 0.87421875 0.0296875 0.03984375
0 0.85625 0.77578125 0.0375 0.04375
0 0.5 0.26171875 0.0421875 0.04375
0 0.50078125 0.97890625 0.025 0.02734375
0 0.3 0.80859375 0.028125 0.0375
0 0.5203125 0.98828125 0.0296875 0.01875
0 0.37265625 0.98671875 0.0234375 0.02265625
1 0.57109375 0.86640625 0.0890625 0.1125
1 0.3203125 0.78984375 0.103125 0.09609375