0 0.26484375 0.43515625 0.0265625 0.0375
0 0.23828125 0.57734375 0.0265625 0.0375
0 0.24140625 0.85625 0.0265625 0.0375
0 0.19453125 0.84609375 0.0265625 0.0375
0 0.08359375 0.80625 0.0265625 0.0375
0 0.0140625 0.76796875 0.0265625 0.0375
0 0.13515625 0.18984375 0.0265625 0.0375
0 0.28984375 0.24296875 0.0265625 0.04140625
0 0.2453125 0.15078125 0.0265625 0.0375
0 0.28125 0.221875 0.0265625 0.0375
0 0.27265625 0.35546875 0.0265625 0.0375
0 0.01875 0.57265625 0.028125 0.05
0 0.534375 0.97421875 0.0265625 0.0375
0 0.62734375 0.603125 0.0265625 0.0375
0 0.48828125 0.86875 0.0265625 0.0375
0 0.84296875 0.85546875 0.0265625 0.0375
0 0.83359375 0.98046875 0.0265625 0.0375
0 0.85078125 0.75390625 0.0265625 0.0375
0 0.828125 0.43671875 0.025 0.03984375
0 0.86640625 0.409375 0.025 0.03984375
0 0.66015625 0.18828125 0.0265625 0.03359375
0 0.7671875 0.08984375 0.0265625 0.03359375
0 0.71015625 0.63515625 0.0265625 0.03359375
0 0.56015625 0.54609375 0.0296875 0.03359375
0 0.47890625 0.41171875 0.0265625 0.03359375
0 0.6765625 0.55859375 0.028125 0.0375
0 0.6140625 0.03046875 0.0265625 0.03359375
0 0.96953125 0.875 0.0234375 0.03515625
0 0.58828125 0.11875 0.0296875 0.05
0 0.6015625 0.20625 0.025 0.04609375
0 0.85625 0.22421875 0.0375 0.04375
0 0.88203125 0.21171875 0.0328125 0.04375
0 0.4953125 0.74609375 0.0421875 0.04375
0 0.5046875 0.02734375 0.025 0.02734375
0 0.01015625 0.26328125 0.0203125 0.03515625
0 0.51015625 0.01484375 0.0296875 0.01875
0 0.365625 0.03125 0.0234375 0.02734375
1 0.57109375 0.13359375 0.0890625 0.1125
1 0.3203125 0.21015625 0.103125 0.09609375