0 0.73515625 0.43515625 0.0265625 0.0375
0 0.76171875 0.57734375 0.0265625 0.0375
0 0.75859375 0.85625 0.0265625 0.0375
0 0.80546875 0.84609375 0.0265625 0.0375
0 0.91640625 0.80625 0.0265625 0.0375
0 0.9890625 0.77734375 0.021875 0.03515625
0 0.86484375 0.18984375 0.0265625 0.0375
0 0.69375 0.246875 0.0265625 0.04140625
0 0.75625 0.15703125 0.0265625 0.0375
0 0.71875 0.221875 0.0265625 0.0375
0 0.7359375 0.3625 0.0265625 0.0375
0 0.46484375 0.975 0.0265625 0.0375
0 0.371875 0.60546875 0.0265625 0.0375
0 0.51171875 0.86875 0.0265625 0.0375
0 0.15703125 0.85625 0.0265625 0.0375
0 0.16640625 0.98125 0.0265625 0.0375
0 0.15078125 0.75390625 0.0265625 0.0375
0 0.171875 0.43671875 0.025 0.03984375
0 0.134375 0.409375 0.025 0.03984375
0 0.34140625 0.20625 0.0265625 0.03359375
0 0.23515625 0.09375 0.0265625 0.03359375
0 0.28984375 0.63515625 0.0265625 0.03359375
0 0.44609375 0.56015625 0.0296875 0.03359375
0 0.52421875 0.41796875 0.0265625 0.03359375
0 0.34375 0.48046875 0.028125 0.0375
0 0.03828125 0.89375 0.0234375 0.03515625
0 0.41171875 0.11875 0.0296875 0.05
0 0.3984375 0.20625 0.025 0.04609375
0 0.14375 0.22421875 0.0375 0.04375
0 0.16796875 0.11953125 0.0296875 0.03515625
0 0.50625 0.74765625 0.0421875 0.04375
0 0.50078125 0.03203125 0.025 0.02734375
0 0.49296875 0.015625 0.0296875 0.01875
0 0.63671875 0.03828125 0.0234375 0.02734375
1 0.42890625 0.13359375 0.0890625 0.1125
1 0.6796875 0.21015625 0.103125 0.09609375