0 0.27421875 0.58125 0.0265625 0.0375
0 0.23828125 0.42109375 0.0265625 0.0375
0 0.24453125 0.146875 0.0265625 0.0375
0 0.19453125 0.15390625 0.0265625 0.0375
0 0.08359375 0.19375 0.0265625 0.0375
0 0.02734375 0.27109375 0.0265625 0.0375
0 0.13515625 0.81015625 0.0265625 0.0375
0 0.20859375 0.84765625 0.0265625 0.0375
0 0.3 0.896875 0.0265625 0.0375
0 0.284375 0.78203125 0.0265625 0.0375
0 0.31328125 0.69140625 0.0265625 0.0375
0 0.36953125 0.74140625 0.0265625 0.04140625
0 0.57734375 0.115625 0.0265625 0.0375
0 0.64453125 0.43359375 0.0265625 0.0375
0 0.48828125 0.13125 0.0265625 0.0375
0 0.6546875 0.19921875 0.0234375 0.0375
0 0.8484375 0.159375 0.0265625 0.0375
0 0.8390625 0.034375 0.0265625 0.0375
0 0.8546875 0.25078125 0.0265625 0.0375
0 0.95078125 0.190625 0.0265625 0.04375
0 0.828125 0.56328125 0.025 0.03984375
0 0.86796875 0.590625 0.025 0.03984375
0 0.63828125 0.846875 0.0234375 0.03515625
0 0.67109375 0.859375 0.0265625 0.03359375
0 0.77109375 0.93359375 0.0265625 0.03359375
0 0.71171875 0.3625 0.0265625 0.03359375
0 0.58984375 0.5125 0.0265625 0.03359375
0 0.49921875 0.6125 0.0265625 0.03359375
0 0.01484375 0.4875 0.0296875 0.0375
0 0.015625 0.76796875 0.0265625 0.03359375
0 0.15625 0.72734375 0.028125 0.0375
0 0.7890625 0.28515625 0.0265625 0.03359375
0 0.990625 0.22578125 0.01875 0.03515625
0 0.63125 0.57421875 0.025 0.03515625
0 0.58828125 0.88125 0.0296875 0.05
0 0.6015625 0.79375 0.025 0.04609375
0 0.2921875 0.40078125 0.0390625 0.04140625
0 0.48828125 0.45 0.0328125 0.0375
0 0.85625 0.77578125 0.0375 0.04375
0 0.5109375 0.278125 0.0421875 0.04375
1 0.57109375 0.86640625 0.0890625 0.1125
1 0.3203125 0.78984375 0.103125 0.09609375