0 0.72421875 0.41328125 0.0265625 0.0375
0 0.76171875 0.58359375 0.0265625 0.0375
0 0.75390625 0.84921875 0.0265625 0.0375
0 0.80546875 0.84609375 0.0265625 0.0375
0 0.91640625 0.80625 0.0265625 0.0375
0 0.96953125 0.72734375 0.0265625 0.0375
0 0.86484375 0.18984375 0.0265625 0.0375
0 0.8078125 0.109375 0.0265625 0.0375
0 0.68671875 0.09453125 0.0265625 0.0375
0 0.71484375 0.21640625 0.0265625 0.0375
0 0.68515625 0.30390625 0.0265625 0.0375
0 0.559375 0.10078125 0.0265625 0.0375
0 0.4140625 0.87421875 0.0265625 0.0375
0 0.353125 0.5625 0.0265625 0.0375
0 0.51171875 0.86875 0.0265625 0.0375
0 0.55859375 0.78515625 0.0265625 0.0375
0 0.15078125 0.8375 0.0265625 0.0375
0 0.16015625 0.9625 0.0265625 0.0375
0 0.14453125 0.74765625 0.0265625 0.0375
0 0.1296875 0.66171875 0.0265625 0.0375
0 0.171875 0.43671875 0.025 0.03984375
0 0.13125 0.409375 0.025 0.03984375
0 0.3234375 0.18828125 0.0234375 0.03359375
0 0.32578125 0.13046875 0.0265625 0.03359375
0 0.2609375 0.09765625 0.0265625 0.03359375
0 0.23046875 0.0625 0.0265625 0.03359375
0 0.28671875 0.63984375 0.0265625 0.03359375
0 0.41171875 0.48046875 0.0265625 0.03359375
0 0.49921875 0.38359375 0.0265625 0.03359375
0 0.81171875 0.61875 0.0265625 0.03359375
0 0.984375 0.215625 0.0265625 0.03359375
0 0.95078125 0.18828125 0.0265625 0.03359375
0 0.265625 0.9890625 0.01875 0.021875
0 0.33671875 0.96484375 0.0265625 0.03359375
0 0.26875 0.83984375 0.0265625 0.03359375
0 0.0125 0.76953125 0.025 0.03359375
0 0.4359375 0.23046875 0.025 0.03515625
0 0.41171875 0.11875 0.0296875 0.05
0 0.3984375 0.20625 0.025 0.04609375
0 0.62890625 0.76796875 0.0328125 0.03515625
0 0.1890625 0.65 0.028125 0.03359375
0 0.14375 0.22421875 0.0375 0.04375
0 0.4859375 0.71640625 0.0421875 0.04375