0 0.73203125 0.43203125 0.0265625 0.0375
0 0.76171875 0.57734375 0.0265625 0.0375
0 0.7578125 0.85625 0.0265625 0.0375
0 0.80546875 0.84609375 0.0265625 0.0375
0 0.91640625 0.80625 0.0265625 0.0375
0 0.9796875 0.75 0.0265625 0.0375
0 0.86484375 0.18984375 0.0265625 0.0375
0 0.77265625 0.184375 0.0265625 0.04140625
0 0.73828125 0.13046875 0.0265625 0.0375
0 0.7171875 0.21953125 0.0265625 0.0375
0 0.709375 0.33046875 0.0265625 0.0375
0 0.834375 0.52109375 0.028125 0.04609375
0 0.45234375 0.94453125 0.0265625 0.0375
0 0.36171875 0.57890625 0.0265625 0.0375
0 0.51171875 0.86875 0.0265625 0.0375
0 0.1546875 0.84921875 0.0265625 0.0375
0 0.1640625 0.97421875 0.0265625 0.0375
0 0.14765625 0.75234375 0.0265625 0.0375
0 0.171875 0.43671875 0.025 0.03984375
0 0.1328125 0.409375 0.025 0.03984375
0 0.33671875 0.17421875 0.0265625 0.03359375
0 0.22734375 0.078125 0.0265625 0.03359375
0 0.28984375 0.63515625 0.0265625 0.03359375
0 0.42109375 0.51875 0.0265625 0.03359375
0 0.50859375 0.40546875 0.0265625 0.03359375
0 0.9921875 0.2875 0.015625 0.03359375
0 0.575 0.42578125 0.028125 0.0375
0 0.2421875 0.24609375 0.0265625 0.03359375
0 0.01953125 0.834375 0.021875 0.03515625
0 0.19296875 0.98359375 0.0296875 0.02890625
0 0.41171875 0.11875 0.0296875 0.05
0 0.3984375 0.20625 0.025 0.04609375
0 0.90546875 0.178125 0.0359375 0.04609375
0 0.14375 0.22421875 0.0375 0.04375
0 0.49921875 0.7375 0.0421875 0.04375
0 0.5 0.02109375 0.025 0.02734375
0 0.6890625 0.12265625 0.028125 0.0375
0 0.47890625 0.01015625 0.0296875 0.01875
0 0.6265625 0.01171875 0.0234375 0.02109375
1 0.42890625 0.13359375 0.0890625 0.1125
1 0.6796875 0.21015625 0.103125 0.09609375