0 0.275 0.415625 0.0265625 0.0375
0 0.23828125 0.58125 0.0265625 0.0375
0 0.2453125 0.85078125 0.0265625 0.0375
0 0.19453125 0.84609375 0.0265625 0.0375
0 0.08359375 0.80625 0.0265625 0.0375
0 0.02890625 0.728125 0.0265625 0.0375
0 0.13515625 0.18984375 0.0265625 0.0375
0 0.20078125 0.1375 0.0265625 0.0375
0 0.30625 0.09921875 0.0265625 0.0375
0 0.284375 0.21796875 0.0265625 0.0375
0 0.3140625 0.30625 0.0265625 0.0375
0 0.38515625 0.15234375 0.0265625 0.04140625
0 0.58125 0.87890625 0.0265625 0.0375
0 0.6453125 0.56484375 0.0265625 0.0375
0 0.48828125 0.86875 0.0265625 0.0375
0 0.57109375 0.78359375 0.0265625 0.0375
0 0.8484375 0.83984375 0.0265625 0.0375
0 0.8390625 0.96484375 0.0265625 0.0375
0 0.8546875 0.74921875 0.0265625 0.0375
0 0.91328125 0.75078125 0.0265625 0.0375
0 0.828125 0.43671875 0.025 0.03984375
0 0.86875 0.409375 0.025 0.03984375
0 0.68984375 0.14296875 0.0234375 0.03515625
0 0.67265625 0.13515625 0.0265625 0.03359375
0 0.7703125 0.06484375 0.0265625 0.03359375
0 0.7125 0.63828125 0.0265625 0.03359375
0 0.5890625 0.484375 0.0265625 0.03359375
0 0.5 0.38515625 0.0265625 0.03359375
0 0.09296875 0.53359375 0.0296875 0.0375
0 0.0171875 0.221875 0.0265625 0.03359375
0 0.1125 0.26953125 0.028125 0.0375
0 0.73671875 0.79140625 0.0265625 0.03359375
0 0.9890625 0.771875 0.021875 0.03359375
0 0.5953125 0.33203125 0.025 0.03515625
0 0.58828125 0.11875 0.0296875 0.05
0 0.6015625 0.20625 0.025 0.04609375
0 0.32265625 0.71015625 0.0390625 0.04140625
0 0.646875 0.58671875 0.028125 0.03515625
0 0.85625 0.22421875 0.0375 0.04375
0 0.5125 0.71875 0.0421875 0.04375