0 0.73515625 0.43515625 0.0265625 0.0375
0 0.76171875 0.57734375 0.0265625 0.0375
0 0.7578125 0.85625 0.0265625 0.0375
0 0.80546875 0.84609375 0.0265625 0.0375
0 0.91640625 0.80625 0.0265625 0.0375
0 0.9828125 0.75859375 0.0265625 0.0375
0 0.86484375 0.18984375 0.0265625 0.0375
0 0.75 0.20546875 0.0265625 0.04140625
0 0.746875 0.140625 0.0265625 0.0375
0 0.71796875 0.22109375 0.0265625 0.0375
0 0.71875 0.34296875 0.0265625 0.0375
0 0.88515625 0.53125 0.028125 0.05
0 0.46328125 0.96640625 0.0265625 0.0375
0 0.3671875 0.590625 0.0265625 0.0375
0 0.51171875 0.86875 0.0265625 0.0375
0 0.15546875 0.85234375 0.0265625 0.0375
0 0.16484375 0.97734375 0.0265625 0.0375
0 0.1484375 0.753125 0.0265625 0.0375
0 0.171875 0.43671875 0.025 0.03984375
0 0.13359375 0.409375 0.025 0.03984375
0 0.33828125 0.18125 0.0265625 0.03359375
0 0.23046875 0.084375 0.0265625 0.03359375
0 0.28984375 0.63515625 0.0265625 0.03359375
0 0.43046875 0.53203125 0.028125 0.03359375
0 0.515625 0.40625 0.0265625 0.03359375
0 0.459375 0.48984375 0.028125 0.0375
0 0.28515625 0.10234375 0.0265625 0.03359375
0 0.02421875 0.85625 0.0234375 0.03515625
0 0.41171875 0.11875 0.0296875 0.05
0 0.3984375 0.20625 0.025 0.04609375
0 0.9875 0.01328125 0.0125 0.0265625
0 0.14375 0.22421875 0.0375 0.04375
0 0.03203125 0.27890625 0.0390625 0.04140625
0 0.50234375 0.74296875 0.0421875 0.04375
0 0.496875 0.02421875 0.025 0.02734375
0 0.8265625 0.26484375 0.028125 0.0375
0 0.484375 0.0125 0.0296875 0.01875
0 0.63125 0.02109375 0.0234375 0.02734375
1 0.42890625 0.13359375 0.0890625 0.1125
1 0.6796875 0.21015625 0.103125 0.09609375