0 0.27578125 0.58671875 0.0265625 0.0375
0 0.23828125 0.41796875 0.0265625 0.0375
0 0.24609375 0.15078125 0.0265625 0.0375
0 0.19453125 0.15390625 0.0265625 0.0375
0 0.08359375 0.19375 0.0265625 0.0375
0 0.0296875 0.27265625 0.0265625 0.0375
0 0.13515625 0.81015625 0.0265625 0.0375
0 0.19375 0.8875 0.0265625 0.0375
0 0.3125 0.90390625 0.0265625 0.0375
0 0.28515625 0.78359375 0.0265625 0.0375
0 0.31484375 0.69453125 0.0265625 0.0375
0 0.42421875 0.89921875 0.0265625 0.0375
0 0.58515625 0.125 0.0265625 0.0375
0 0.646875 0.43671875 0.0265625 0.0375
0 0.48828125 0.13125 0.0265625 0.0375
0 0.46640625 0.240625 0.0265625 0.0375
0 0.84921875 0.16171875 0.0265625 0.0375
0 0.83984375 0.03671875 0.0265625 0.0375
0 0.85546875 0.25234375 0.0265625 0.0375
0 0.88984375 0.35390625 0.0265625 0.0375
0 0.828125 0.56328125 0.025 0.03984375
0 0.86875 0.590625 0.025 0.03984375
0 0.66953125 0.81484375 0.0234375 0.03359375
0 0.6734375 0.86875 0.0265625 0.03359375
0 0.73359375 0.93515625 0.0265625 0.03359375
0 0.76953125 0.93671875 0.0265625 0.03359375
0 0.71328125 0.36015625 0.0265625 0.03359375
0 0.58828125 0.51875 0.0265625 0.03359375
0 0.50078125 0.615625 0.0265625 0.03359375
0 0.16953125 0.38984375 0.0265625 0.03359375
0 0.01640625 0.78359375 0.0265625 0.03359375
0 0.071875 0.80078125 0.0265625 0.03359375
0 0.715625 0.00859375 0.01875 0.01640625
0 0.646875 0.03828125 0.0265625 0.03359375
0 0.73671875 0.16015625 0.0265625 0.03359375
0 0.9875 0.23046875 0.025 0.03359375
0 0.56015625 0.74375 0.025 0.03515625
0 0.58828125 0.88125 0.0296875 0.05
0 0.6015625 0.79375 0.025 0.04609375
0 0.38203125 0.24375 0.0390625 0.04140625
0 0.7890625 0.371875 0.028125 0.03515625
0 0.85625 0.77578125 0.0375 0.04375
0 0.5140625 0.28359375 0.0421875 0.04375