0 0.7265625 0.41953125 0.0265625 0.0375
0 0.76171875 0.57890625 0.0265625 0.0375
0 0.75625 0.85390625 0.0265625 0.0375
0 0.80546875 0.84609375 0.0265625 0.0375
0 0.91640625 0.80625 0.0265625 0.0375
0 0.97265625 0.73046875 0.0265625 0.0375
0 0.86484375 0.18984375 0.0265625 0.0375
0 0.78125 0.15859375 0.0265625 0.0375
0 0.703125 0.10546875 0.0265625 0.0375
0 0.715625 0.21796875 0.0265625 0.0375
0 0.6875 0.30859375 0.0265625 0.0375
0 0.6296875 0.29453125 0.0265625 0.04140625
0 0.42421875 0.88671875 0.0265625 0.0375
0 0.35625 0.56640625 0.0265625 0.0375
0 0.51171875 0.86875 0.0265625 0.0375
0 0.2859375 0.78671875 0.0234375 0.0375
0 0.15234375 0.84140625 0.0265625 0.0375
0 0.16171875 0.96640625 0.0265625 0.0375
0 0.1453125 0.74921875 0.0265625 0.0375
0 0.0234375 0.84609375 0.0265625 0.04375
0 0.171875 0.43671875 0.025 0.03984375
0 0.13203125 0.409375 0.025 0.03984375
0 0.37109375 0.13515625 0.0234375 0.03515625
0 0.32890625 0.14296875 0.0265625 0.03359375
0 0.22890625 0.06796875 0.0265625 0.03359375
0 0.2890625 0.63671875 0.0265625 0.03359375
0 0.409375 0.48984375 0.0265625 0.03359375
0 0.5015625 0.3875 0.0265625 0.03359375
0 0.99140625 0.584375 0.0140625 0.03984375
0 0.98515625 0.23671875 0.0265625 0.03359375
0 0.81796875 0.26171875 0.028125 0.0375
0 0.22734375 0.68125 0.0265625 0.03359375
0 0.00859375 0.775 0.0171875 0.03515625
0 0.35078125 0.446875 0.025 0.03359375
0 0.41171875 0.11875 0.0296875 0.05
0 0.3984375 0.20625 0.025 0.04609375
0 0.73671875 0.56640625 0.0359375 0.04609375
0 0.60703125 0.534375 0.0328125 0.0375
0 0.14375 0.22421875 0.0375 0.04375
0 0.48984375 0.72265625 0.0421875 0.04375
1 0.42890625 0.13359375 0.0890625 0.1125
1 0.6796875 0.21015625 0.103125 0.09609375