0 0.2703125 0.56953125 0.0265625 0.0375
0 0.23828125 0.42265625 0.0265625 0.0375
0 0.2421875 0.14375 0.0265625 0.0375
0 0.19453125 0.15390625 0.0265625 0.0375
0 0.08359375 0.19375 0.0265625 0.0375
0 0.021875 0.25625 0.0265625 0.0375
0 0.13515625 0.81015625 0.0265625 0.0375
0 0.22109375 0.81953125 0.0265625 0.04140625
0 0.26796875 0.87734375 0.0265625 0.0375
0 0.2828125 0.78046875 0.0265625 0.0375
0 0.29609375 0.67734375 0.0265625 0.0375
0 0.1984375 0.50859375 0.028125 0.04609375
0 0.5546875 0.06953125 0.0265625 0.0375
0 0.63828125 0.425 0.0265625 0.0375
0 0.48828125 0.13125 0.0265625 0.0375
0 0.84609375 0.15234375 0.0265625 0.0375
0 0.83671875 0.02734375 0.0265625 0.0375
0 0.853125 0.24921875 0.0265625 0.0375
0 0.828125 0.56328125 0.025 0.03984375
0 0.8671875 0.590625 0.025 0.03984375
0 0.665625 0.834375 0.0265625 0.03359375
0 0.77421875 0.925 0.0265625 0.03359375
0 0.71015625 0.36484375 0.0265625 0.03359375
0 0.5828125 0.49140625 0.0265625 0.03359375
0 0.4953125 0.59609375 0.0265625 0.03359375
0 0.01015625 0.72109375 0.0203125 0.03359375
0 0.3890625 0.56015625 0.028125 0.0375
0 0.79140625 0.62890625 0.0265625 0.03359375
0 0.9859375 0.18125 0.0171875 0.03515625
0 0.76953125 0.1375 0.0328125 0.04140625
0 0.58828125 0.88125 0.0296875 0.05
0 0.6015625 0.79375 0.025 0.04609375
0 0.15703125 0.725 0.0359375 0.04609375
0 0.85625 0.77578125 0.0375 0.04375
0 0.503125 0.265625 0.0421875 0.04375
0 0.36171875 0.90703125 0.0234375 0.02890625
0 0.49765625 0.98125 0.025 0.02734375
0 0.43828125 0.96640625 0.0296875 0.02890625
0 0.525 0.990625 0.0296875 0.01875
1 0.57109375 0.86640625 0.0890625 0.1125
1 0.3203125 0.78984375 0.103125 0.09609375