0 0.27578125 0.58671875 0.0265625 0.0375
0 0.23828125 0.41796875 0.0265625 0.0375
0 0.2453125 0.15078125 0.0265625 0.0375
0 0.19453125 0.15390625 0.0265625 0.0375
0 0.08359375 0.19375 0.0265625 0.0375
0 0.0296875 0.271875 0.0265625 0.0375
0 0.13515625 0.81015625 0.0265625 0.0375
0 0.19453125 0.88515625 0.0265625 0.0375
0 0.31171875 0.90390625 0.0265625 0.0375
0 0.28515625 0.78359375 0.0265625 0.0375
0 0.3140625 0.69453125 0.0265625 0.0375
0 0.43046875 0.88046875 0.0265625 0.04140625
0 0.584375 0.125 0.0265625 0.0375
0 0.646875 0.43671875 0.0265625 0.0375
0 0.48828125 0.13125 0.0265625 0.0375
0 0.4859375 0.23359375 0.0265625 0.0375
0 0.84921875 0.16171875 0.0265625 0.0375
0 0.83984375 0.03671875 0.0265625 0.0375
0 0.85546875 0.25234375 0.0265625 0.0375
0 0.8921875 0.365625 0.0265625 0.0375
0 0.828125 0.56328125 0.025 0.03984375
0 0.86875 0.590625 0.025 0.03984375
0 0.66640625 0.815625 0.0234375 0.03359375
0 0.6734375 0.86875 0.0265625 0.03359375
0 0.74453125 0.94140625 0.0265625 0.03359375
0 0.76953125 0.93671875 0.0265625 0.03359375
0 0.7125 0.36171875 0.0265625 0.03359375
0 0.5890625 0.51875 0.0265625 0.03359375
0 0.5 0.615625 0.0265625 0.03359375
0 0.18125 0.409375 0.0265625 0.03359375
0 0.01640625 0.78359375 0.0265625 0.03359375
0 0.0734375 0.79609375 0.0265625 0.03359375
0 0.6578125 0.021875 0.0265625 0.03359375
0 0.74453125 0.16015625 0.0265625 0.03359375
0 0.9875 0.23046875 0.025 0.03359375
0 0.57265625 0.740625 0.025 0.03515625
0 0.58828125 0.88125 0.0296875 0.05
0 0.6015625 0.79375 0.025 0.04609375
0 0.38671875 0.25 0.0390625 0.04140625
0 0.765625 0.38671875 0.028125 0.03515625
0 0.85625 0.77578125 0.0375 0.04375
0 0.5140625 0.28359375 0.0421875 0.04375