0 0.26484375 0.43515625 0.0265625 0.0375
0 0.23828125 0.57734375 0.0265625 0.0375
0 0.2421875 0.85625 0.0265625 0.0375
0 0.19453125 0.84609375 0.0265625 0.0375
0 0.08359375 0.80625 0.0265625 0.0375
0 0.01484375 0.76484375 0.0265625 0.0375
0 0.13515625 0.18984375 0.0265625 0.0375
0 0.27734375 0.23203125 0.0265625 0.04140625
0 0.246875 0.14921875 0.0265625 0.0375
0 0.28125 0.221875 0.0265625 0.0375
0 0.275 0.35234375 0.0265625 0.0375
0 0.053125 0.57109375 0.028125 0.05
0 0.534375 0.97421875 0.0265625 0.0375
0 0.62890625 0.6 0.0265625 0.0375
0 0.48828125 0.86875 0.0265625 0.0375
0 0.84375 0.85390625 0.0265625 0.0375
0 0.834375 0.97890625 0.0265625 0.0375
0 0.8515625 0.753125 0.0265625 0.0375
0 0.828125 0.43671875 0.025 0.03984375
0 0.86640625 0.409375 0.025 0.03984375
0 0.6609375 0.18671875 0.0265625 0.03359375
0 0.76796875 0.08828125 0.0265625 0.03359375
0 0.71015625 0.63515625 0.0265625 0.03359375
0 0.5625 0.54140625 0.028125 0.03359375
0 0.4796875 0.409375 0.0265625 0.03359375
0 0.63515625 0.58203125 0.028125 0.0375
0 0.6484375 0.05 0.0265625 0.03359375
0 0.97421875 0.86640625 0.0234375 0.03515625
0 0.58828125 0.11875 0.0296875 0.05
0 0.6015625 0.20625 0.025 0.04609375
0 0.85625 0.22421875 0.0375 0.04375
0 0.9015625 0.240625 0.0328125 0.04375
0 0.4953125 0.74609375 0.0421875 0.04375
0 0.50546875 0.02578125 0.025 0.02734375
0 0.05 0.27265625 0.0296875 0.03984375
0 0.51171875 0.01328125 0.0296875 0.01875
0 0.36640625 0.028125 0.0234375 0.02734375
1 0.57109375 0.13359375 0.0890625 0.1125
1 0.3203125 0.21015625 0.103125 0.09609375