0 0.26953125 0.43125 0.0265625 0.0375
0 0.23828125 0.57734375 0.0265625 0.0375
0 0.2421875 0.85625 0.0265625 0.0375
0 0.19453125 0.84609375 0.0265625 0.0375
0 0.08359375 0.80625 0.0265625 0.0375
0 0.02109375 0.74609375 0.0265625 0.0375
0 0.13515625 0.18984375 0.0265625 0.0375
0 0.22109375 0.18359375 0.0265625 0.04140625
0 0.26484375 0.125 0.0265625 0.0375
0 0.2828125 0.21953125 0.0265625 0.0375
0 0.29453125 0.325 0.0265625 0.0375
0 0.203125 0.51171875 0.028125 0.04609375
0 0.55234375 0.934375 0.0265625 0.0375
0 0.63828125 0.57578125 0.0265625 0.0375
0 0.48828125 0.86875 0.0265625 0.0375
0 0.8453125 0.84765625 0.0265625 0.0375
0 0.8359375 0.97265625 0.0265625 0.0375
0 0.853125 0.75078125 0.0265625 0.0375
0 0.828125 0.43671875 0.025 0.03984375
0 0.8671875 0.409375 0.025 0.03984375
0 0.66484375 0.16796875 0.0265625 0.03359375
0 0.77421875 0.07578125 0.0265625 0.03359375
0 0.71015625 0.63515625 0.0265625 0.03359375
0 0.58203125 0.51171875 0.0265625 0.03359375
0 0.49453125 0.40390625 0.0265625 0.03359375
0 0.009375 0.28359375 0.01875 0.03359375
0 0.39375 0.46640625 0.028125 0.0375
0 0.78515625 0.31875 0.0265625 0.03359375
0 0.984375 0.82265625 0.01875 0.03515625
0 0.79453125 0.91171875 0.0390625 0.04140625
0 0.58828125 0.11875 0.0296875 0.05
0 0.6015625 0.20625 0.025 0.04609375
0 0.1328125 0.25234375 0.0359375 0.04609375
0 0.85625 0.22421875 0.0375 0.04375
0 0.50234375 0.73515625 0.0421875 0.04375
0 0.39375 0.09609375 0.0234375 0.02890625
0 0.4984375 0.01875 0.025 0.02734375
0 0.38046875 0.053125 0.028125 0.0375
0 0.52421875 0.01015625 0.0296875 0.01875
1 0.57109375 0.13359375 0.0890625 0.1125
1 0.3203125 0.21015625 0.103125 0.09609375