0 0.73203125 0.56796875 0.0265625 0.0375
0 0.76171875 0.42265625 0.0265625 0.0375
0 0.7578125 0.14375 0.0265625 0.0375
0 0.80546875 0.15390625 0.0265625 0.0375
0 0.91640625 0.19375 0.0265625 0.0375
0 0.98046875 0.24921875 0.0265625 0.0375
0 0.86484375 0.81015625 0.0265625 0.0375
0 0.77109375 0.8125 0.0265625 0.04140625
0 0.73984375 0.86875 0.0265625 0.0375
0 0.7171875 0.78046875 0.0265625 0.0375
0 0.7109375 0.66796875 0.0265625 0.0375
0 0.8328125 0.471875 0.028125 0.05
0 0.453125 0.05234375 0.0265625 0.0375
0 0.3625 0.41953125 0.0265625 0.0375
0 0.51171875 0.13125 0.0265625 0.0375
0 0.1546875 0.15 0.0265625 0.0375
0 0.1640625 0.025 0.0265625 0.0375
0 0.14765625 0.24765625 0.0265625 0.0375
0 0.171875 0.56328125 0.025 0.03984375
0 0.1328125 0.590625 0.025 0.03984375
0 0.33671875 0.825 0.0265625 0.03359375
0 0.22734375 0.92109375 0.0265625 0.03359375
0 0.28984375 0.36484375 0.0265625 0.03359375
0 0.421875 0.48046875 0.0265625 0.03359375
0 0.509375 0.59453125 0.0265625 0.03359375
0 0.9921875 0.71015625 0.015625 0.03359375
0 0.57265625 0.58984375 0.028125 0.0375
0 0.2375 0.76796875 0.0265625 0.03359375
0 0.0203125 0.16328125 0.021875 0.03515625
0 0.171875 0.0125 0.028125 0.02109375
0 0.41171875 0.88125 0.0296875 0.05
0 0.3984375 0.79375 0.025 0.04609375
0 0.94375 0.84140625 0.0359375 0.04609375
0 0.14375 0.77578125 0.0375 0.04375
0 0.49921875 0.2625 0.0421875 0.04375
0 0.5 0.97890625 0.025 0.02734375
0 0.7015625 0.85703125 0.028125 0.0375
0 0.47890625 0.98828125 0.0296875 0.01875
0 0.6265625 0.9875 0.0234375 0.02265625
1 0.42890625 0.86640625 0.0890625 0.1125
1 0.6796875 0.78984375 0.103125 0.09609375