0 0.26484375 0.43515625 0.0265625 0.0375
0 0.23828125 0.57734375 0.0265625 0.0375
0 0.2421875 0.85625 0.0265625 0.0375
0 0.19453125 0.84609375 0.0265625 0.0375
0 0.08359375 0.80625 0.0265625 0.0375
0 0.015625 0.7625 0.0265625 0.0375
0 0.13515625 0.18984375 0.0265625 0.0375
0 0.26640625 0.23515625 0.0265625 0.04140625
0 0.2484375 0.146875 0.0265625 0.0375
0 0.28203125 0.22109375 0.0265625 0.0375
0 0.2765625 0.34921875 0.0265625 0.0375
0 0.084375 0.53359375 0.028125 0.05
0 0.53359375 0.97265625 0.0265625 0.0375
0 0.63046875 0.596875 0.0265625 0.0375
0 0.48828125 0.86875 0.0265625 0.0375
0 0.84375 0.85390625 0.0265625 0.0375
0 0.834375 0.97890625 0.0265625 0.0375
0 0.8515625 0.753125 0.0265625 0.0375
0 0.828125 0.43671875 0.025 0.03984375
0 0.86640625 0.409375 0.025 0.03984375
0 0.6609375 0.18515625 0.0265625 0.03359375
0 0.76796875 0.08671875 0.0265625 0.03359375
0 0.71015625 0.63515625 0.0265625 0.03359375
0 0.56484375 0.53828125 0.028125 0.03359375
0 0.48125 0.40703125 0.0265625 0.03359375
0 0.61953125 0.53046875 0.028125 0.0375
0 0.67109375 0.06484375 0.0265625 0.03359375
0 0.975 0.86328125 0.0234375 0.03515625
0 0.58828125 0.11875 0.0296875 0.05
0 0.6015625 0.20625 0.025 0.04609375
0 0.85625 0.22421875 0.0375 0.04375
0 0.934375 0.24296875 0.0328125 0.04140625
0 0.49609375 0.74453125 0.0421875 0.04375
0 0.5046875 0.025 0.025 0.02734375
0 0.0984375 0.27734375 0.0296875 0.03984375
0 0.51328125 0.01328125 0.0296875 0.01875
0 0.3671875 0.02578125 0.0234375 0.02734375
0 0.04453125 0.07578125 0.0296875 0.03359375
1 0.57109375 0.13359375 0.0890625 0.1125
1 0.3203125 0.21015625 0.103125 0.09609375