0 0.265625 0.565625 0.0265625 0.0375
0 0.23828125 0.42265625 0.0265625 0.0375
0 0.2421875 0.14375 0.0265625 0.0375
0 0.19453125 0.15390625 0.0265625 0.0375
0 0.08359375 0.19375 0.0265625 0.0375
0 0.01796875 0.24453125 0.0265625 0.0375
0 0.13515625 0.81015625 0.0265625 0.0375
0 0.24296875 0.81171875 0.0265625 0.04140625
0 0.25625 0.86328125 0.0265625 0.0375
0 0.28203125 0.77890625 0.0265625 0.0375
0 0.284375 0.66171875 0.0265625 0.0375
0 0.13828125 0.46953125 0.028125 0.05
0 0.540625 0.04140625 0.0265625 0.0375
0 0.63515625 0.41328125 0.0265625 0.0375
0 0.48828125 0.13125 0.0265625 0.0375
0 0.84453125 0.14921875 0.0265625 0.0375
0 0.83515625 0.02421875 0.0265625 0.0375
0 0.85234375 0.24765625 0.0265625 0.0375
0 0.828125 0.56328125 0.025 0.03984375
0 0.86640625 0.590625 0.025 0.03984375
0 0.6625 0.82109375 0.0265625 0.03359375
0 0.77109375 0.91796875 0.0265625 0.03359375
0 0.71015625 0.36484375 0.0265625 0.03359375
0 0.5734375 0.47265625 0.028125 0.03359375
0 0.48671875 0.59453125 0.0265625 0.03359375
0 0.00546875 0.69453125 0.0109375 0.03515625
0 0.4828125 0.51640625 0.028125 0.0375
0 0.721875 0.85 0.0265625 0.03359375
0 0.9765625 0.15234375 0.0234375 0.03515625
0 0.58828125 0.88125 0.0296875 0.05
0 0.6015625 0.79375 0.025 0.04609375
0 0.04609375 0.934375 0.0296875 0.03984375
0 0.85625 0.77578125 0.0375 0.04375
0 0.984375 0.66484375 0.025 0.0375
0 0.4984375 0.259375 0.0421875 0.04375
0 0.50234375 0.978125 0.025 0.02734375
0 0.26171875 0.709375 0.028125 0.0375
0 0.51796875 0.98828125 0.0296875 0.01875
0 0.3703125 0.98203125 0.0234375 0.025
1 0.57109375 0.86640625 0.0890625 0.1125
1 0.3203125 0.78984375 0.103125 0.09609375