0 0.734375 0.434375 0.0265625 0.0375
0 0.76171875 0.57734375 0.0265625 0.0375
0 0.7578125 0.85625 0.0265625 0.0375
0 0.80546875 0.84609375 0.0265625 0.0375
0 0.91640625 0.80625 0.0265625 0.0375
0 0.98203125 0.75625 0.0265625 0.0375
0 0.86484375 0.18984375 0.0265625 0.0375
0 0.75234375 0.19296875 0.0265625 0.04140625
0 0.7453125 0.13828125 0.0265625 0.0375
0 0.71796875 0.22109375 0.0265625 0.0375
0 0.71640625 0.33984375 0.0265625 0.0375
0 0.8640625 0.52734375 0.028125 0.05
0 0.46015625 0.96171875 0.0265625 0.0375
0 0.365625 0.58828125 0.0265625 0.0375
0 0.51171875 0.86875 0.0265625 0.0375
0 0.15546875 0.85234375 0.0265625 0.0375
0 0.16484375 0.97734375 0.0265625 0.0375
0 0.1484375 0.753125 0.0265625 0.0375
0 0.171875 0.43671875 0.025 0.03984375
0 0.13359375 0.409375 0.025 0.03984375
0 0.3375 0.18046875 0.0265625 0.03359375
0 0.2296875 0.08203125 0.0265625 0.03359375
0 0.28984375 0.63515625 0.0265625 0.03359375
0 0.428125 0.52890625 0.028125 0.03359375
0 0.5140625 0.40625 0.0265625 0.03359375
0 0.99453125 0.30546875 0.0109375 0.03515625
0 0.49296875 0.459375 0.028125 0.0375
0 0.26796875 0.11875 0.0265625 0.03359375
0 0.0234375 0.85078125 0.0234375 0.03515625
0 0.41171875 0.11875 0.0296875 0.05
0 0.3984375 0.20625 0.025 0.04609375
0 0.98359375 0.05625 0.0296875 0.03984375
0 0.14375 0.22421875 0.0375 0.04375
0 0.009375 0.290625 0.0171875 0.0375
0 0.5015625 0.74140625 0.0421875 0.04375
0 0.49765625 0.02265625 0.025 0.02734375
0 0.77421875 0.27890625 0.028125 0.0375
0 0.4828125 0.0125 0.0296875 0.01875
0 0.63046875 0.01875 0.0234375 0.025
1 0.42890625 0.13359375 0.0890625 0.1125
1 0.6796875 0.21015625 0.103125 0.09609375