0 0.73515625 0.56484375 0.0265625 0.0375
0 0.76171875 0.42265625 0.0265625 0.0375
0 0.76015625 0.14375 0.0265625 0.0375
0 0.80546875 0.15390625 0.0265625 0.0375
0 0.91640625 0.19375 0.0265625 0.0375
0 0.86484375 0.81015625 0.0265625 0.0375
0 0.7484375 0.80078125 0.0265625 0.04140625
0 0.7875 0.815625 0.0265625 0.0375
0 0.7328125 0.74375 0.0265625 0.0375
0 0.7765625 0.60390625 0.0265625 0.0375
0 0.46015625 0.01875 0.0265625 0.0375
0 0.36953125 0.390625 0.0265625 0.0375
0 0.51171875 0.13125 0.0265625 0.0375
0 0.15703125 0.14375 0.0265625 0.0375
0 0.16640625 0.01875 0.0265625 0.0375
0 0.15859375 0.23125 0.0265625 0.0375
0 0.171875 0.56328125 0.025 0.03984375
0 0.1359375 0.590625 0.025 0.03984375
0 0.37109375 0.76171875 0.0265625 0.03359375
0 0.259375 0.86015625 0.0265625 0.03359375
0 0.28984375 0.36484375 0.0265625 0.03359375
0 0.49765625 0.39296875 0.0296875 0.03359375
0 0.540625 0.53671875 0.0265625 0.03359375
0 0.41171875 0.88125 0.0296875 0.05
0 0.3984375 0.79375 0.025 0.04609375
0 0.14375 0.77578125 0.0375 0.04375
0 0.51328125 0.24296875 0.0421875 0.04375
0 0.2515625 0.09140625 0.0296875 0.03984375
0 0.80390625 0.196875 0.025 0.03984375
0 0.5171875 0.95078125 0.025 0.02734375
0 0.490625 0.971875 0.0296875 0.03125
0 0.64296875 0.93671875 0.0234375 0.02734375
0 0.215625 0.74765625 0.034375 0.03984375
0 0.02421875 0.96796875 0.0234375 0.03359375
1 0.42890625 0.86640625 0.0890625 0.1125
1 0.6796875 0.78984375 0.103125 0.09609375