0 0.73046875 0.43125 0.0265625 0.0375
0 0.76171875 0.57734375 0.0265625 0.0375
0 0.7578125 0.85625 0.0265625 0.0375
0 0.80546875 0.84609375 0.0265625 0.0375
0 0.91640625 0.80625 0.0265625 0.0375
0 0.97890625 0.74609375 0.0265625 0.0375
0 0.86484375 0.18984375 0.0265625 0.0375
0 0.77890625 0.18203125 0.0265625 0.04140625
0 0.734375 0.125 0.0265625 0.0375
0 0.7171875 0.21953125 0.0265625 0.0375
0 0.70546875 0.325 0.0265625 0.0375
0 0.79453125 0.5125 0.028125 0.04609375
0 0.446875 0.934375 0.0265625 0.0375
0 0.36171875 0.57578125 0.0265625 0.0375
0 0.51171875 0.86875 0.0265625 0.0375
0 0.15390625 0.84765625 0.0265625 0.0375
0 0.16328125 0.97265625 0.0265625 0.0375
0 0.146875 0.75078125 0.0265625 0.0375
0 0.171875 0.43671875 0.025 0.03984375
0 0.1328125 0.409375 0.025 0.03984375
0 0.33515625 0.16796875 0.0265625 0.03359375
0 0.22578125 0.07578125 0.0265625 0.03359375
0 0.28984375 0.63515625 0.0265625 0.03359375
0 0.41796875 0.51171875 0.0265625 0.03359375
0 0.50546875 0.40390625 0.0265625 0.03359375
0 0.990625 0.28203125 0.01875 0.03359375
0 0.59921875 0.46953125 0.028125 0.0375
0 0.21328125 0.325 0.0265625 0.03359375
0 0.015625 0.82265625 0.01875 0.03515625
0 0.209375 0.90625 0.0390625 0.04140625
0 0.41171875 0.11875 0.0296875 0.05
0 0.3984375 0.20625 0.025 0.04609375
0 0.88046875 0.25859375 0.0359375 0.04609375
0 0.14375 0.22421875 0.0375 0.04375
0 0.49765625 0.734375 0.0421875 0.04375
0 0.60390625 0.090625 0.0234375 0.02890625
0 0.5015625 0.01875 0.025 0.02734375
0 0.6171875 0.04921875 0.028125 0.0375
0 0.47578125 0.01015625 0.0296875 0.01875
1 0.42890625 0.13359375 0.0890625 0.1125
1 0.6796875 0.21015625 0.103125 0.09609375