0 0.2734375 0.42109375 0.0265625 0.0375
0 0.23828125 0.578125 0.0265625 0.0375
0 0.24375 0.85390625 0.0265625 0.0375
0 0.19453125 0.84609375 0.0265625 0.0375
0 0.08359375 0.80625 0.0265625 0.0375
0 0.0265625 0.73046875 0.0265625 0.0375
0 0.13515625 0.18984375 0.0265625 0.0375
0 0.21796875 0.16328125 0.0265625 0.0375
0 0.2953125 0.10546875 0.0265625 0.0375
0 0.284375 0.21796875 0.0265625 0.0375
0 0.3125 0.309375 0.0265625 0.0375
0 0.33671875 0.3 0.0265625 0.04140625
0 0.575 0.8875 0.0265625 0.0375
0 0.64296875 0.56796875 0.0265625 0.0375
0 0.48828125 0.86875 0.0265625 0.0375
0 0.72109375 0.80234375 0.0234375 0.0375
0 0.84765625 0.84140625 0.0265625 0.0375
0 0.83828125 0.96640625 0.0265625 0.0375
0 0.8546875 0.74921875 0.0265625 0.0375
0 0.990625 0.8375 0.01875 0.04140625
0 0.828125 0.43671875 0.025 0.03984375
0 0.86796875 0.409375 0.025 0.03984375
0 0.634375 0.1125 0.0234375 0.03515625
0 0.6703125 0.14375 0.0265625 0.03359375
0 0.771875 0.06796875 0.0265625 0.03359375
0 0.7109375 0.63671875 0.0265625 0.03359375
0 0.590625 0.490625 0.0265625 0.03359375
0 0.4984375 0.38828125 0.0265625 0.03359375
0 0.01015625 0.58515625 0.0203125 0.04140625
0 0.01484375 0.23984375 0.0265625 0.03359375
0 0.196875 0.27734375 0.028125 0.0375
0 0.77578125 0.66640625 0.0265625 0.03359375
0 0.9921875 0.77578125 0.015625 0.03515625
0 0.63515625 0.49453125 0.025 0.03359375
0 0.58828125 0.11875 0.0296875 0.05
0 0.6015625 0.20625 0.025 0.04609375
0 0.2515625 0.55859375 0.0359375 0.04609375
0 0.3546875 0.51796875 0.0328125 0.0375
0 0.85625 0.22421875 0.0375 0.04375
0 0.509375 0.72421875 0.0421875 0.04375
1 0.57109375 0.13359375 0.0890625 0.1125
1 0.3203125 0.21015625 0.103125 0.09609375