0 0.26484375 0.43515625 0.0265625 0.0375
0 0.23828125 0.57734375 0.0265625 0.0375
0 0.240625 0.85625 0.0265625 0.0375
0 0.19453125 0.84609375 0.0265625 0.0375
0 0.08359375 0.80625 0.0265625 0.0375
0 0.13515625 0.18984375 0.0265625 0.0375
0 0.26484375 0.19375 0.0265625 0.04140625
0 0.2140625 0.18125 0.0265625 0.0375
0 0.2671875 0.25390625 0.0265625 0.0375
0 0.22578125 0.39296875 0.0265625 0.0375
0 0.53984375 0.98125 0.0265625 0.0375
0 0.63046875 0.61015625 0.0265625 0.0375
0 0.48828125 0.86875 0.0265625 0.0375
0 0.84296875 0.85625 0.0265625 0.0375
0 0.83359375 0.98125 0.0265625 0.0375
0 0.83984375 0.76328125 0.0265625 0.0375
0 0.828125 0.43671875 0.025 0.03984375
0 0.8640625 0.409375 0.025 0.03984375
0 0.62890625 0.2375 0.0265625 0.03359375
0 0.7453125 0.13359375 0.0265625 0.03359375
0 0.71015625 0.63515625 0.0265625 0.03359375
0 0.50546875 0.60546875 0.0296875 0.03359375
0 0.459375 0.46171875 0.0265625 0.03359375
0 0.58828125 0.11875 0.0296875 0.05
0 0.6015625 0.20625 0.025 0.04609375
0 0.85625 0.22421875 0.0375 0.04375
0 0.48671875 0.75703125 0.0421875 0.04375
0 0.77265625 0.89765625 0.0296875 0.03984375
0 0.2 0.84453125 0.025 0.03984375
0 0.4828125 0.04921875 0.025 0.02734375
0 0.509375 0.02734375 0.0296875 0.03125
0 0.35703125 0.06328125 0.0234375 0.02734375
0 0.7515625 0.23046875 0.034375 0.03984375
0 0.97734375 0.02890625 0.0234375 0.03125
1 0.57109375 0.13359375 0.0890625 0.1125
1 0.3203125 0.21015625 0.103125 0.09609375