0 0.7328125 0.43359375 0.0265625 0.0375
0 0.76171875 0.57734375 0.0265625 0.0375
0 0.7578125 0.85625 0.0265625 0.0375
0 0.80546875 0.84609375 0.0265625 0.0375
0 0.91640625 0.80625 0.0265625 0.0375
0 0.98046875 0.75234375 0.0265625 0.0375
0 0.86484375 0.18984375 0.0265625 0.0375
0 0.76875 0.18671875 0.0265625 0.04140625
0 0.740625 0.13359375 0.0265625 0.0375
0 0.7171875 0.21953125 0.0265625 0.0375
0 0.7125 0.334375 0.0265625 0.0375
0 0.8375 0.53359375 0.028125 0.05
0 0.45546875 0.95078125 0.0265625 0.0375
0 0.36328125 0.58203125 0.0265625 0.0375
0 0.51171875 0.86875 0.0265625 0.0375
0 0.1546875 0.85 0.0265625 0.0375
0 0.1640625 0.975 0.0265625 0.0375
0 0.14765625 0.75234375 0.0265625 0.0375
0 0.171875 0.43671875 0.025 0.03984375
0 0.1328125 0.409375 0.025 0.03984375
0 0.33671875 0.17578125 0.0265625 0.03359375
0 0.228125 0.08046875 0.0265625 0.03359375
0 0.28984375 0.63515625 0.0265625 0.03359375
0 0.4234375 0.521875 0.0265625 0.03359375
0 0.5109375 0.40546875 0.0265625 0.03359375
0 0.99296875 0.296875 0.0140625 0.03515625
0 0.546875 0.44921875 0.028125 0.0375
0 0.2390625 0.2 0.0265625 0.03359375
0 0.021875 0.840625 0.0234375 0.03515625
0 0.41171875 0.11875 0.0296875 0.05
0 0.3984375 0.20625 0.025 0.04609375
0 0.9390625 0.13125 0.0296875 0.03984375
0 0.14375 0.22421875 0.0375 0.04375
0 0.5 0.73828125 0.0421875 0.04375
0 0.49921875 0.02109375 0.025 0.02734375
0 0.70703125 0.196875 0.028125 0.0375
0 0.48046875 0.01171875 0.0296875 0.01875
0 0.628125 0.01484375 0.0234375 0.02265625
1 0.42890625 0.13359375 0.0890625 0.1125
1 0.6796875 0.21015625 0.103125 0.09609375