0 0.72578125 0.58203125 0.0265625 0.0375
0 0.76171875 0.41953125 0.0265625 0.0375
0 0.75546875 0.14765625 0.0265625 0.0375
0 0.80546875 0.15390625 0.0265625 0.0375
0 0.91640625 0.19375 0.0265625 0.0375
0 0.971875 0.27109375 0.0265625 0.0375
0 0.86484375 0.81015625 0.0265625 0.0375
0 0.796875 0.859375 0.0265625 0.0375
0 0.696875 0.89921875 0.0265625 0.0375
0 0.715625 0.78203125 0.0265625 0.0375
0 0.68671875 0.69296875 0.0265625 0.0375
0 0.61875 0.7875 0.0265625 0.04140625
0 0.4203125 0.11875 0.0265625 0.0375
0 0.3546875 0.434375 0.0265625 0.0375
0 0.51171875 0.13125 0.0265625 0.0375
0 0.38359375 0.190625 0.0234375 0.0375
0 0.1515625 0.16015625 0.0265625 0.0375
0 0.1609375 0.03515625 0.0265625 0.0375
0 0.1453125 0.25078125 0.0265625 0.0375
0 0.071875 0.22734375 0.0265625 0.04375
0 0.171875 0.56328125 0.025 0.03984375
0 0.13125 0.590625 0.025 0.03984375
0 0.3375 0.85859375 0.0234375 0.03515625
0 0.328125 0.8625 0.0265625 0.03359375
0 0.22890625 0.934375 0.0265625 0.03359375
0 0.28828125 0.3625 0.0265625 0.03359375
0 0.41015625 0.51484375 0.0265625 0.03359375
0 0.50078125 0.61328125 0.0265625 0.03359375
0 0.9453125 0.52109375 0.0296875 0.0375
0 0.98359375 0.77265625 0.0265625 0.03359375
0 0.87109375 0.72109375 0.028125 0.0375
0 0.22578125 0.24140625 0.0265625 0.03359375
0 0.01015625 0.22734375 0.0203125 0.03359375
0 0.39296875 0.628125 0.025 0.03515625
0 0.41171875 0.88125 0.0296875 0.05
0 0.3984375 0.79375 0.025 0.04609375
0 0.70390625 0.32109375 0.0390625 0.04140625
0 0.41875 0.41328125 0.028125 0.03515625
0 0.14375 0.77578125 0.0375 0.04375
0 0.48828125 0.27890625 0.0421875 0.04375