0 0.27578125 0.4125 0.0265625 0.0375
0 0.23828125 0.58359375 0.0265625 0.0375
0 0.24609375 0.84765625 0.0265625 0.0375
0 0.19453125 0.84609375 0.0265625 0.0375
0 0.08359375 0.80625 0.0265625 0.0375
0 0.03046875 0.72734375 0.0265625 0.0375
0 0.13515625 0.18984375 0.0265625 0.0375
0 0.190625 0.10546875 0.0265625 0.0375
0 0.3140625 0.09375 0.0265625 0.0375
0 0.28515625 0.21640625 0.0265625 0.0375
0 0.31484375 0.30390625 0.0265625 0.0375
0 0.46171875 0.10703125 0.0265625 0.0375
0 0.5859375 0.87421875 0.0265625 0.0375
0 0.64765625 0.5625 0.0265625 0.0375
0 0.48828125 0.86875 0.0265625 0.0375
0 0.42578125 0.73984375 0.0265625 0.0375
0 0.84921875 0.8375 0.0265625 0.0375
0 0.83984375 0.9625 0.0265625 0.0375
0 0.85546875 0.74765625 0.0265625 0.0375
0 0.87109375 0.63203125 0.0265625 0.0375
0 0.828125 0.43671875 0.025 0.03984375
0 0.86875 0.409375 0.025 0.03984375
0 0.67421875 0.19453125 0.0234375 0.03359375
0 0.67421875 0.12890625 0.0265625 0.03359375
0 0.72421875 0.11484375 0.0265625 0.03359375
0 0.76953125 0.0625 0.0265625 0.03359375
0 0.71328125 0.63984375 0.0265625 0.03359375
0 0.58828125 0.47890625 0.0265625 0.03359375
0 0.50078125 0.38359375 0.0265625 0.03359375
0 0.20078125 0.64375 0.0265625 0.03359375
0 0.01484375 0.21484375 0.0265625 0.03359375
0 0.03203125 0.20859375 0.0265625 0.03359375
0 0.74921875 0.96484375 0.0265625 0.03359375
0 0.6765625 0.95859375 0.0265625 0.03359375
0 0.73359375 0.85625 0.0265625 0.03359375
0 0.98671875 0.76875 0.0265625 0.03359375
0 0.56171875 0.21484375 0.025 0.03515625
0 0.58828125 0.11875 0.0296875 0.05
0 0.6015625 0.20625 0.025 0.04609375
0 0.39296875 0.77890625 0.0328125 0.03515625
0 0.82265625 0.69140625 0.028125 0.03359375
0 0.85625 0.22421875 0.0375 0.04375
0 0.51484375 0.715625 0.0421875 0.04375