0 0.26640625 0.56640625 0.0265625 0.0375
0 0.23828125 0.42265625 0.0265625 0.0375
0 0.2421875 0.14375 0.0265625 0.0375
0 0.19453125 0.15390625 0.0265625 0.0375
0 0.08359375 0.19375 0.0265625 0.0375
0 0.01875 0.246875 0.0265625 0.0375
0 0.13515625 0.81015625 0.0265625 0.0375
0 0.23359375 0.8125 0.0265625 0.04140625
0 0.2578125 0.865625 0.0265625 0.0375
0 0.28203125 0.77890625 0.0265625 0.0375
0 0.2859375 0.66328125 0.0265625 0.0375
0 0.1546875 0.47734375 0.028125 0.05
0 0.54296875 0.04609375 0.0265625 0.0375
0 0.6359375 0.415625 0.0265625 0.0375
0 0.48828125 0.13125 0.0265625 0.0375
0 0.84453125 0.14921875 0.0265625 0.0375
0 0.83515625 0.02421875 0.0265625 0.0375
0 0.85234375 0.24765625 0.0265625 0.0375
0 0.828125 0.56328125 0.025 0.03984375
0 0.86640625 0.590625 0.025 0.03984375
0 0.6625 0.82265625 0.0265625 0.03359375
0 0.77109375 0.91953125 0.0265625 0.03359375
0 0.71015625 0.36484375 0.0265625 0.03359375
0 0.575 0.47578125 0.0265625 0.03359375
0 0.48828125 0.59453125 0.0265625 0.03359375
0 0.00546875 0.696875 0.0109375 0.03515625
0 0.4734375 0.525 0.028125 0.0375
0 0.75703125 0.8375 0.0265625 0.03359375
0 0.97734375 0.15546875 0.0234375 0.03515625
0 0.58828125 0.88125 0.0296875 0.05
0 0.6015625 0.79375 0.025 0.04609375
0 0.0640625 0.903125 0.0296875 0.03984375
0 0.85625 0.77578125 0.0375 0.04375
0 0.49921875 0.26015625 0.0421875 0.04375
0 0.5015625 0.978125 0.025 0.02734375
0 0.27890625 0.77734375 0.028125 0.0375
0 0.51875 0.98828125 0.0296875 0.01875
0 0.37109375 0.984375 0.0234375 0.02265625
1 0.57109375 0.86640625 0.0890625 0.1125
1 0.3203125 0.78984375 0.103125 0.09609375