0 0.26484375 0.56484375 0.0265625 0.0375
0 0.23828125 0.42265625 0.0265625 0.0375
0 0.24140625 0.14375 0.0265625 0.0375
0 0.19453125 0.15390625 0.0265625 0.0375
0 0.08359375 0.19375 0.0265625 0.0375
0 0.00625 0.20859375 0.0125 0.03125
0 0.13515625 0.81015625 0.0265625 0.0375
0 0.31171875 0.76484375 0.0265625 0.04140625
0 0.24140625 0.83515625 0.0265625 0.0375
0 0.27890625 0.77421875 0.0265625 0.0375
0 0.2515625 0.63125 0.0265625 0.0375
0 0.5359375 0.02421875 0.0265625 0.0375
0 0.62890625 0.39296875 0.0265625 0.0375
0 0.48828125 0.13125 0.0265625 0.0375
0 0.84296875 0.14375 0.0265625 0.0375
0 0.83359375 0.01875 0.0265625 0.0375
0 0.846875 0.24609375 0.0265625 0.0375
0 0.828125 0.56328125 0.025 0.03984375
0 0.865625 0.590625 0.025 0.03984375
0 0.646875 0.77578125 0.0265625 0.03359375
0 0.76171875 0.90078125 0.0265625 0.03359375
0 0.71015625 0.36484375 0.0265625 0.03359375
0 0.5421875 0.42109375 0.0296875 0.03359375
0 0.47109375 0.575 0.0265625 0.03359375
0 0.76875 0.59140625 0.028125 0.0375
0 0.9515625 0.07421875 0.0234375 0.03515625
0 0.58828125 0.88125 0.0296875 0.05
0 0.6015625 0.79375 0.025 0.04609375
0 0.85625 0.77578125 0.0375 0.04375
0 0.76015625 0.98671875 0.0296875 0.0265625
0 0.4921875 0.25 0.0421875 0.04375
0 0.9578125 0.640625 0.028125 0.04375
0 0.49140625 0.96015625 0.025 0.02734375
0 0.50703125 0.98125 0.0296875 0.025
0 0.3609375 0.95234375 0.0234375 0.02734375
1 0.57109375 0.86640625 0.0890625 0.1125
1 0.3203125 0.78984375 0.103125 0.09609375