0 0.27109375 0.57109375 0.0265625 0.0375
0 0.23828125 0.42265625 0.0265625 0.0375
0 0.24296875 0.14375 0.0265625 0.0375
0 0.19453125 0.15390625 0.0265625 0.0375
0 0.08359375 0.19375 0.0265625 0.0375
0 0.02265625 0.259375 0.0265625 0.0375
0 0.13515625 0.81015625 0.0265625 0.0375
0 0.2203125 0.81796875 0.0265625 0.04140625
0 0.2734375 0.88046875 0.0265625 0.0375
0 0.28359375 0.78125 0.0265625 0.0375
0 0.3 0.68125 0.0265625 0.0375
0 0.2703125 0.53984375 0.028125 0.04140625
0 0.55859375 0.07890625 0.0265625 0.0375
0 0.63828125 0.42734375 0.0265625 0.0375
0 0.48828125 0.13125 0.0265625 0.0375
0 0.84609375 0.15390625 0.0265625 0.0375
0 0.83671875 0.02890625 0.0265625 0.0375
0 0.853125 0.24921875 0.0265625 0.0375
0 0.828125 0.56328125 0.025 0.03984375
0 0.8671875 0.590625 0.025 0.03984375
0 0.66640625 0.83984375 0.0265625 0.03359375
0 0.7734375 0.92734375 0.0265625 0.03359375
0 0.71015625 0.36484375 0.0265625 0.03359375
0 0.5859375 0.496875 0.0265625 0.03359375
0 0.49765625 0.596875 0.0265625 0.03359375
0 0.01328125 0.73046875 0.0265625 0.03359375
0 0.3375 0.56328125 0.028125 0.0375
0 0.75625 0.55625 0.0265625 0.03359375
0 0.9890625 0.190625 0.0140625 0.03515625
0 0.73984375 0.21953125 0.0296875 0.04140625
0 0.58828125 0.88125 0.0296875 0.05
0 0.6015625 0.79375 0.025 0.04609375
0 0.1609375 0.671875 0.0359375 0.04609375
0 0.85625 0.77578125 0.0375 0.04375
0 0.5046875 0.26875 0.0421875 0.04375
1 0.57109375 0.86640625 0.0890625 0.1125
1 0.3203125 0.78984375 0.103125 0.09609375