0 0.26953125 0.56953125 0.0265625 0.0375
0 0.23828125 0.42265625 0.0265625 0.0375
0 0.2421875 0.14375 0.0265625 0.0375
0 0.19453125 0.15390625 0.0265625 0.0375
0 0.08359375 0.19375 0.0265625 0.0375
0 0.02109375 0.25546875 0.0265625 0.0375
0 0.13515625 0.81015625 0.0265625 0.0375
0 0.22109375 0.81953125 0.0265625 0.04140625
0 0.26640625 0.87578125 0.0265625 0.0375
0 0.2828125 0.78046875 0.0265625 0.0375
0 0.2953125 0.67578125 0.0265625 0.0375
0 0.19453125 0.48984375 0.028125 0.04609375
0 0.553125 0.06640625 0.0265625 0.0375
0 0.63828125 0.42421875 0.0265625 0.0375
0 0.48828125 0.13125 0.0265625 0.0375
0 0.84609375 0.15234375 0.0265625 0.0375
0 0.83671875 0.02734375 0.0265625 0.0375
0 0.853125 0.24921875 0.0265625 0.0375
0 0.828125 0.56328125 0.025 0.03984375
0 0.8671875 0.590625 0.025 0.03984375
0 0.66484375 0.83203125 0.0265625 0.03359375
0 0.77421875 0.925 0.0265625 0.03359375
0 0.71015625 0.36484375 0.0265625 0.03359375
0 0.58203125 0.48984375 0.0265625 0.03359375
0 0.49453125 0.59609375 0.0265625 0.03359375
0 0.009375 0.71796875 0.01875 0.03359375
0 0.40625 0.525 0.028125 0.0375
0 0.78984375 0.66015625 0.0265625 0.03359375
0 0.98515625 0.178125 0.01875 0.03515625
0 0.78828125 0.10859375 0.0390625 0.04140625
0 0.58828125 0.88125 0.0296875 0.05
0 0.6015625 0.79375 0.025 0.04609375
0 0.11953125 0.725 0.0359375 0.04609375
0 0.85625 0.77578125 0.0375 0.04375
0 0.50234375 0.265625 0.0421875 0.04375
0 0.38828125 0.92578125 0.0234375 0.02890625
0 0.4984375 0.98125 0.025 0.02734375
0 0.39296875 0.96484375 0.0296875 0.04140625
0 0.52421875 0.98984375 0.0296875 0.01875
1 0.57109375 0.86640625 0.0890625 0.1125
1 0.3203125 0.78984375 0.103125 0.09609375