0 0.26875 0.43125 0.0265625 0.0375
0 0.23828125 0.57734375 0.0265625 0.0375
0 0.2421875 0.85625 0.0265625 0.0375
0 0.19453125 0.84609375 0.0265625 0.0375
0 0.08359375 0.80625 0.0265625 0.0375
0 0.02109375 0.746875 0.0265625 0.0375
0 0.13515625 0.18984375 0.0265625 0.0375
0 0.2234375 0.17890625 0.0265625 0.04140625
0 0.2640625 0.12578125 0.0265625 0.0375
0 0.2828125 0.21953125 0.0265625 0.0375
0 0.29296875 0.32734375 0.0265625 0.0375
0 0.20703125 0.51953125 0.028125 0.04609375
0 0.5515625 0.9375 0.0265625 0.0375
0 0.63828125 0.57734375 0.0265625 0.0375
0 0.48828125 0.86875 0.0265625 0.0375
0 0.8453125 0.84921875 0.0265625 0.0375
0 0.8359375 0.97421875 0.0265625 0.0375
0 0.85234375 0.75234375 0.0265625 0.0375
0 0.828125 0.43671875 0.025 0.03984375
0 0.8671875 0.409375 0.025 0.03984375
0 0.6640625 0.16953125 0.0265625 0.03359375
0 0.7734375 0.07578125 0.0265625 0.03359375
0 0.71015625 0.63515625 0.0265625 0.03359375
0 0.58125 0.51328125 0.0265625 0.03359375
0 0.49296875 0.40546875 0.0265625 0.03359375
0 0.0078125 0.28671875 0.015625 0.03359375
0 0.40390625 0.46953125 0.028125 0.0375
0 0.78671875 0.29140625 0.0265625 0.03359375
0 0.9828125 0.82734375 0.01875 0.03515625
0 0.79140625 0.92890625 0.0328125 0.04140625
0 0.58828125 0.11875 0.0296875 0.05
0 0.6015625 0.20625 0.025 0.04609375
0 0.103125 0.25703125 0.0359375 0.04609375
0 0.85625 0.22421875 0.0375 0.04375
0 0.50234375 0.73515625 0.0421875 0.04375
0 0.41875 0.059375 0.0234375 0.02890625
0 0.49921875 0.01953125 0.025 0.02734375
0 0.3578125 0.06640625 0.028125 0.0375
0 0.5234375 0.01015625 0.0296875 0.01875
0 0.36484375 0.01015625 0.0234375 0.0203125
1 0.57109375 0.13359375 0.0890625 0.1125
1 0.3203125 0.21015625 0.103125 0.09609375