0 0.73515625 0.43515625 0.0265625 0.0375
0 0.76171875 0.57734375 0.0265625 0.0375
0 0.759375 0.85625 0.0265625 0.0375
0 0.80546875 0.84609375 0.0265625 0.0375
0 0.91640625 0.80625 0.0265625 0.0375
0 0.99453125 0.81015625 0.0109375 0.03359375
0 0.86484375 0.18984375 0.0265625 0.0375
0 0.70234375 0.21640625 0.0265625 0.04140625
0 0.771875 0.17265625 0.0265625 0.0375
0 0.73046875 0.24609375 0.0265625 0.0375
0 0.765625 0.38203125 0.0265625 0.0375
0 0.46171875 0.97890625 0.0265625 0.0375
0 0.36875 0.61171875 0.0265625 0.0375
0 0.51171875 0.86875 0.0265625 0.0375
0 0.15703125 0.85625 0.0265625 0.0375
0 0.16640625 0.98125 0.0265625 0.0375
0 0.16015625 0.75390625 0.0265625 0.0375
0 0.171875 0.43671875 0.025 0.03984375
0 0.1359375 0.409375 0.025 0.03984375
0 0.36875 0.23671875 0.0265625 0.03359375
0 0.2453125 0.1125 0.0265625 0.03359375
0 0.28984375 0.63515625 0.0265625 0.03359375
0 0.48203125 0.6 0.0296875 0.03359375
0 0.53828125 0.446875 0.0265625 0.03359375
0 0.07578125 0.978125 0.0234375 0.03515625
0 0.41171875 0.11875 0.0296875 0.05
0 0.3984375 0.20625 0.025 0.04609375
0 0.14375 0.22421875 0.0375 0.04375
0 0.5109375 0.75390625 0.0421875 0.04375
0 0.12578125 0.71171875 0.0296875 0.03984375
0 0.8390625 0.93046875 0.025 0.03984375
0 0.834375 0.9125 0.03125 0.03984375
0 0.515625 0.046875 0.025 0.02734375
0 0.4921875 0.025 0.0296875 0.03125
0 0.64296875 0.06328125 0.0234375 0.02734375
0 0.246875 0.04296875 0.0328125 0.03359375
0 0.01484375 0.01640625 0.021875 0.025
1 0.42890625 0.13359375 0.0890625 0.1125
1 0.6796875 0.21015625 0.103125 0.09609375