0 0.73515625 0.43515625 0.0265625 0.0375
0 0.76171875 0.57734375 0.0265625 0.0375
0 0.759375 0.85625 0.0265625 0.0375
0 0.80546875 0.84609375 0.0265625 0.0375
0 0.91640625 0.80625 0.0265625 0.0375
0 0.86484375 0.18984375 0.0265625 0.0375
0 0.7203125 0.2 0.0265625 0.04140625
0 0.784375 0.17890625 0.0265625 0.0375
0 0.73203125 0.25234375 0.0265625 0.0375
0 0.7734375 0.38984375 0.0265625 0.0375
0 0.46015625 0.98125 0.0265625 0.0375
0 0.36875 0.61171875 0.0265625 0.0375
0 0.51171875 0.86875 0.0265625 0.0375
0 0.15703125 0.85625 0.0265625 0.0375
0 0.16640625 0.98125 0.0265625 0.0375
0 0.1625 0.75703125 0.0265625 0.0375
0 0.171875 0.43671875 0.025 0.03984375
0 0.1359375 0.409375 0.025 0.03984375
0 0.3703125 0.2375 0.0265625 0.03359375
0 0.2515625 0.12890625 0.0265625 0.03359375
0 0.28984375 0.63515625 0.0265625 0.03359375
0 0.4921875 0.60390625 0.0296875 0.03359375
0 0.540625 0.459375 0.0265625 0.03359375
0 0.08984375 0.9921875 0.0265625 0.015625
0 0.41171875 0.11875 0.0296875 0.05
0 0.3984375 0.20625 0.025 0.04609375
0 0.14375 0.22421875 0.0375 0.04375
0 0.5125 0.75625 0.0421875 0.04375
0 0.22890625 0.86328125 0.0296875 0.03984375
0 0.80859375 0.85703125 0.025 0.03984375
0 0.98671875 0.79609375 0.0265625 0.03359375
0 0.5171875 0.04921875 0.025 0.02734375
0 0.49140625 0.02734375 0.0296875 0.03125
0 0.64296875 0.06328125 0.0234375 0.02734375
0 0.2140625 0.19140625 0.034375 0.03984375
0 0.02109375 0.02734375 0.0234375 0.03125
1 0.42890625 0.13359375 0.0890625 0.1125
1 0.6796875 0.21015625 0.103125 0.09609375