0 0.27109375 0.571875 0.0265625 0.0375
0 0.23828125 0.42265625 0.0265625 0.0375
0 0.24296875 0.14375 0.0265625 0.0375
0 0.19453125 0.15390625 0.0265625 0.0375
0 0.08359375 0.19375 0.0265625 0.0375
0 0.0234375 0.26015625 0.0265625 0.0375
0 0.13515625 0.81015625 0.0265625 0.0375
0 0.221875 0.82109375 0.0265625 0.04140625
0 0.27578125 0.88203125 0.0265625 0.0375
0 0.28359375 0.78125 0.0265625 0.0375
0 0.3015625 0.68203125 0.0265625 0.0375
0 0.25546875 0.58515625 0.0265625 0.03515625
0 0.56015625 0.08203125 0.0265625 0.0375
0 0.6390625 0.428125 0.0265625 0.0375
0 0.48828125 0.13125 0.0265625 0.0375
0 0.84609375 0.15390625 0.0265625 0.0375
0 0.83671875 0.02890625 0.0265625 0.0375
0 0.853125 0.24921875 0.0265625 0.0375
0 0.828125 0.56328125 0.025 0.03984375
0 0.8671875 0.590625 0.025 0.03984375
0 0.6671875 0.840625 0.0265625 0.03359375
0 0.7734375 0.92734375 0.0265625 0.03359375
0 0.71015625 0.36484375 0.0265625 0.03359375
0 0.58671875 0.49765625 0.0265625 0.03359375
0 0.49765625 0.59921875 0.0265625 0.03359375
0 0.01328125 0.73125 0.0265625 0.03359375
0 0.3078125 0.546875 0.028125 0.0375
0 0.75859375 0.52734375 0.0265625 0.03359375
0 0.990625 0.19375 0.0140625 0.03515625
0 0.75078125 0.24921875 0.0296875 0.04140625
0 0.58828125 0.88125 0.0296875 0.05
0 0.6015625 0.79375 0.025 0.04609375
0 0.18828125 0.65078125 0.0359375 0.04609375
0 0.85625 0.77578125 0.0375 0.04375
0 0.5046875 0.26875 0.0421875 0.04375
1 0.57109375 0.86640625 0.0890625 0.1125
1 0.3203125 0.78984375 0.103125 0.09609375