0 0.73515625 0.43515625 0.0265625 0.0375
0 0.76171875 0.57734375 0.0265625 0.0375
0 0.75859375 0.85625 0.0265625 0.0375
0 0.80546875 0.84609375 0.0265625 0.0375
0 0.91640625 0.80625 0.0265625 0.0375
0 0.98671875 0.76953125 0.0265625 0.0375
0 0.86484375 0.18984375 0.0265625 0.0375
0 0.69765625 0.25703125 0.0265625 0.04140625
0 0.7546875 0.153125 0.0265625 0.0375
0 0.71875 0.221875 0.0265625 0.0375
0 0.7296875 0.359375 0.0265625 0.0375
0 0.98515625 0.58359375 0.0234375 0.05234375
0 0.465625 0.97421875 0.0265625 0.0375
0 0.37265625 0.60390625 0.0265625 0.0375
0 0.51171875 0.86875 0.0265625 0.0375
0 0.15703125 0.85625 0.0265625 0.0375
0 0.16640625 0.98125 0.0265625 0.0375
0 0.14921875 0.75390625 0.0265625 0.0375
0 0.171875 0.43671875 0.025 0.03984375
0 0.134375 0.409375 0.025 0.03984375
0 0.340625 0.19453125 0.0265625 0.03359375
0 0.23359375 0.09140625 0.0265625 0.03359375
0 0.28984375 0.63515625 0.0265625 0.03359375
0 0.44296875 0.55 0.0296875 0.03359375
0 0.52265625 0.41328125 0.0265625 0.03359375
0 0.33828125 0.51875 0.028125 0.0375
0 0.44453125 0.03125 0.0265625 0.02890625
0 0.034375 0.88203125 0.0234375 0.03515625
0 0.41171875 0.11875 0.0296875 0.05
0 0.3984375 0.20625 0.025 0.04609375
0 0.14375 0.22421875 0.0375 0.04375
0 0.13828125 0.178125 0.0328125 0.04375
0 0.50546875 0.746875 0.0421875 0.04375
0 0.496875 0.02890625 0.025 0.02734375
0 0.490625 0.01484375 0.0296875 0.01875
0 0.63515625 0.034375 0.0234375 0.02734375
1 0.42890625 0.13359375 0.0890625 0.1125
1 0.6796875 0.21015625 0.103125 0.09609375