0 0.2671875 0.56640625 0.0265625 0.0375
0 0.23828125 0.42265625 0.0265625 0.0375
0 0.2421875 0.14375 0.0265625 0.0375
0 0.19453125 0.15390625 0.0265625 0.0375
0 0.08359375 0.19375 0.0265625 0.0375
0 0.01953125 0.24765625 0.0265625 0.0375
0 0.13515625 0.81015625 0.0265625 0.0375
0 0.23125 0.81328125 0.0265625 0.04140625
0 0.25859375 0.86640625 0.0265625 0.0375
0 0.2828125 0.78046875 0.0265625 0.0375
0 0.2875 0.665625 0.0265625 0.0375
0 0.1625 0.46796875 0.028125 0.05
0 0.54453125 0.04921875 0.0265625 0.0375
0 0.63671875 0.41796875 0.0265625 0.0375
0 0.48828125 0.13125 0.0265625 0.0375
0 0.8453125 0.15 0.0265625 0.0375
0 0.8359375 0.025 0.0265625 0.0375
0 0.85234375 0.24765625 0.0265625 0.0375
0 0.828125 0.56328125 0.025 0.03984375
0 0.8671875 0.590625 0.025 0.03984375
0 0.66328125 0.82421875 0.0265625 0.03359375
0 0.771875 0.91953125 0.0265625 0.03359375
0 0.71015625 0.36484375 0.0265625 0.03359375
0 0.5765625 0.478125 0.0265625 0.03359375
0 0.4890625 0.59453125 0.0265625 0.03359375
0 0.00625 0.703125 0.0125 0.03515625
0 0.45625 0.55234375 0.028125 0.0375
0 0.76640625 0.79765625 0.0265625 0.03359375
0 0.978125 0.159375 0.0234375 0.03515625
0 0.58828125 0.88125 0.0296875 0.05
0 0.6015625 0.79375 0.025 0.04609375
0 0.06015625 0.865625 0.0296875 0.03984375
0 0.85625 0.77578125 0.0375 0.04375
0 0.5 0.26171875 0.0421875 0.04375
0 0.50078125 0.97890625 0.025 0.02734375
0 0.2890625 0.8 0.028125 0.0375
0 0.51953125 0.98828125 0.0296875 0.01875
0 0.371875 0.98515625 0.0234375 0.02265625
1 0.57109375 0.86640625 0.0890625 0.1125
1 0.3203125 0.78984375 0.103125 0.09609375