0 0.72578125 0.58125 0.0265625 0.0375
0 0.76171875 0.42109375 0.0265625 0.0375
0 0.75546875 0.146875 0.0265625 0.0375
0 0.80546875 0.15390625 0.0265625 0.0375
0 0.91640625 0.19375 0.0265625 0.0375
0 0.97265625 0.27109375 0.0265625 0.0375
0 0.86484375 0.81015625 0.0265625 0.0375
0 0.790625 0.84765625 0.0265625 0.0375
0 0.7 0.896875 0.0265625 0.0375
0 0.715625 0.78203125 0.0265625 0.0375
0 0.68671875 0.69140625 0.0265625 0.0375
0 0.63828125 0.73828125 0.0265625 0.04140625
0 0.42265625 0.115625 0.0265625 0.0375
0 0.35546875 0.43359375 0.0265625 0.0375
0 0.51171875 0.13125 0.0265625 0.0375
0 0.34609375 0.20625 0.0234375 0.0375
0 0.1515625 0.159375 0.0265625 0.0375
0 0.1609375 0.034375 0.0265625 0.0375
0 0.1453125 0.25078125 0.0265625 0.0375
0 0.0484375 0.1875 0.0265625 0.04375
0 0.171875 0.56328125 0.025 0.03984375
0 0.13203125 0.590625 0.025 0.03984375
0 0.36328125 0.84375 0.0234375 0.03515625
0 0.32890625 0.859375 0.0265625 0.03359375
0 0.22890625 0.93359375 0.0265625 0.03359375
0 0.28828125 0.3625 0.0265625 0.03359375
0 0.41015625 0.5125 0.0265625 0.03359375
0 0.50078125 0.6125 0.0265625 0.03359375
0 0.98515625 0.49140625 0.0296875 0.0375
0 0.984375 0.76796875 0.0265625 0.03359375
0 0.83984375 0.72734375 0.028125 0.0375
0 0.21171875 0.29140625 0.0265625 0.03359375
0 0.009375 0.22578125 0.01875 0.03515625
0 0.36953125 0.56484375 0.025 0.03515625
0 0.41171875 0.88125 0.0296875 0.05
0 0.3984375 0.79375 0.025 0.04609375
0 0.70546875 0.40234375 0.0390625 0.04140625
0 0.51640625 0.45 0.0328125 0.0375
0 0.14375 0.77578125 0.0375 0.04375
0 0.4890625 0.278125 0.0421875 0.04375
1 0.42890625 0.86640625 0.0890625 0.1125
1 0.6796875 0.78984375 0.103125 0.09609375