0 0.725 0.415625 0.0265625 0.0375
0 0.76171875 0.58125 0.0265625 0.0375
0 0.7546875 0.85078125 0.0265625 0.0375
0 0.80546875 0.84609375 0.0265625 0.0375
0 0.91640625 0.80625 0.0265625 0.0375
0 0.97109375 0.728125 0.0265625 0.0375
0 0.86484375 0.18984375 0.0265625 0.0375
0 0.79921875 0.1375 0.0265625 0.0375
0 0.69375 0.09921875 0.0265625 0.0375
0 0.715625 0.21796875 0.0265625 0.0375
0 0.6859375 0.30625 0.0265625 0.0375
0 0.61484375 0.15234375 0.0265625 0.04140625
0 0.41875 0.87890625 0.0265625 0.0375
0 0.3546875 0.56484375 0.0265625 0.0375
0 0.51171875 0.86875 0.0265625 0.0375
0 0.42890625 0.78359375 0.0265625 0.0375
0 0.1515625 0.83984375 0.0265625 0.0375
0 0.1609375 0.96484375 0.0265625 0.0375
0 0.1453125 0.74921875 0.0265625 0.0375
0 0.08671875 0.75078125 0.0265625 0.0375
0 0.171875 0.43671875 0.025 0.03984375
0 0.13125 0.409375 0.025 0.03984375
0 0.31015625 0.14296875 0.0234375 0.03515625
0 0.32734375 0.13515625 0.0265625 0.03359375
0 0.2296875 0.06484375 0.0265625 0.03359375
0 0.2875 0.63828125 0.0265625 0.03359375
0 0.4109375 0.484375 0.0265625 0.03359375
0 0.5 0.38515625 0.0265625 0.03359375
0 0.90703125 0.53359375 0.0296875 0.0375
0 0.9828125 0.221875 0.0265625 0.03359375
0 0.8875 0.26953125 0.028125 0.0375
0 0.26328125 0.79140625 0.0265625 0.03359375
0 0.0109375 0.771875 0.021875 0.03359375
0 0.4046875 0.33203125 0.025 0.03515625
0 0.41171875 0.11875 0.0296875 0.05
0 0.3984375 0.20625 0.025 0.04609375
0 0.67734375 0.71015625 0.0390625 0.04140625
0 0.353125 0.58671875 0.028125 0.03515625
0 0.14375 0.22421875 0.0375 0.04375
0 0.4875 0.71875 0.0421875 0.04375