0 0.27578125 0.41328125 0.0265625 0.0375
0 0.23828125 0.58359375 0.0265625 0.0375
0 0.24609375 0.84765625 0.0265625 0.0375
0 0.19453125 0.84609375 0.0265625 0.0375
0 0.08359375 0.80625 0.0265625 0.0375
0 0.03046875 0.72734375 0.0265625 0.0375
0 0.13515625 0.18984375 0.0265625 0.0375
0 0.19140625 0.10703125 0.0265625 0.0375
0 0.31328125 0.09453125 0.0265625 0.0375
0 0.28515625 0.21640625 0.0265625 0.0375
0 0.31484375 0.30390625 0.0265625 0.0375
0 0.453125 0.109375 0.0265625 0.0375
0 0.5859375 0.87421875 0.0265625 0.0375
0 0.64765625 0.5625 0.0265625 0.0375
0 0.48828125 0.86875 0.0265625 0.0375
0 0.44140625 0.753125 0.0265625 0.0375
0 0.84921875 0.8375 0.0265625 0.0375
0 0.83984375 0.9625 0.0265625 0.0375
0 0.85546875 0.74765625 0.0265625 0.0375
0 0.86484375 0.640625 0.0265625 0.0375
0 0.828125 0.43671875 0.025 0.03984375
0 0.86875 0.409375 0.025 0.03984375
0 0.678125 0.190625 0.0234375 0.03359375
0 0.67421875 0.13046875 0.0265625 0.03359375
0 0.73984375 0.12265625 0.0265625 0.03359375
0 0.76953125 0.0625 0.0265625 0.03359375
0 0.71328125 0.63984375 0.0265625 0.03359375
0 0.58828125 0.48046875 0.0265625 0.03359375
0 0.50078125 0.38359375 0.0265625 0.03359375
0 0.19921875 0.61953125 0.0265625 0.03359375
0 0.015625 0.215625 0.0265625 0.03359375
0 0.040625 0.20625 0.0265625 0.03359375
0 0.74921875 0.97734375 0.0234375 0.03359375
0 0.66953125 0.96640625 0.0265625 0.03359375
0 0.73046875 0.84453125 0.0265625 0.03359375
0 0.98671875 0.76875 0.0265625 0.03359375
0 0.5640625 0.21875 0.025 0.03515625
0 0.58828125 0.11875 0.0296875 0.05
0 0.6015625 0.20625 0.025 0.04609375
0 0.38203125 0.78671875 0.0328125 0.03515625
0 0.809375 0.67109375 0.028125 0.03359375
0 0.85625 0.22421875 0.0375 0.04375
0 0.51484375 0.71640625 0.0421875 0.04375