0 0.72890625 0.428125 0.0265625 0.0375
0 0.76171875 0.57734375 0.0265625 0.0375
0 0.75703125 0.85625 0.0265625 0.0375
0 0.80546875 0.84609375 0.0265625 0.0375
0 0.91640625 0.80625 0.0265625 0.0375
0 0.97734375 0.73984375 0.0265625 0.0375
0 0.86484375 0.18984375 0.0265625 0.0375
0 0.77890625 0.18046875 0.0265625 0.04140625
0 0.725 0.11875 0.0265625 0.0375
0 0.71640625 0.21875 0.0265625 0.0375
0 0.69921875 0.31875 0.0265625 0.0375
0 0.74453125 0.434375 0.0265625 0.03515625
0 0.440625 0.91875 0.0265625 0.0375
0 0.3609375 0.571875 0.0265625 0.0375
0 0.51171875 0.86875 0.0265625 0.0375
0 0.00390625 0.990625 0.0078125 0.01875
0 0.15390625 0.84609375 0.0265625 0.0375
0 0.16328125 0.97109375 0.0265625 0.0375
0 0.146875 0.75078125 0.0265625 0.0375
0 0.171875 0.43671875 0.025 0.03984375
0 0.1328125 0.409375 0.025 0.03984375
0 0.33359375 0.16015625 0.0265625 0.03359375
0 0.2265625 0.07265625 0.0265625 0.03359375
0 0.28984375 0.63515625 0.0265625 0.03359375
0 0.4140625 0.503125 0.0265625 0.03359375
0 0.50234375 0.40234375 0.0265625 0.03359375
0 0.98671875 0.26875 0.0265625 0.03359375
0 0.6734375 0.45859375 0.028125 0.0375
0 0.22109375 0.45859375 0.0265625 0.03359375
0 0.01015625 0.80703125 0.0140625 0.03515625
0 0.23984375 0.759375 0.0296875 0.04140625
0 0.41171875 0.11875 0.0296875 0.05
0 0.3984375 0.20625 0.025 0.04609375
0 0.83984375 0.3625 0.0359375 0.04609375
0 0.14375 0.22421875 0.0375 0.04375
0 0.4953125 0.73125 0.0421875 0.04375
1 0.42890625 0.13359375 0.0890625 0.1125
1 0.6796875 0.21015625 0.103125 0.09609375