0 0.73515625 0.56484375 0.0265625 0.0375
0 0.76171875 0.42265625 0.0265625 0.0375
0 0.75859375 0.14375 0.0265625 0.0375
0 0.80546875 0.15390625 0.0265625 0.0375
0 0.91640625 0.19375 0.0265625 0.0375
0 0.99453125 0.19609375 0.0109375 0.03359375
0 0.86484375 0.81015625 0.0265625 0.0375
0 0.68828125 0.77890625 0.0265625 0.04140625
0 0.7609375 0.828125 0.0265625 0.0375
0 0.725 0.765625 0.0265625 0.0375
0 0.75703125 0.62578125 0.0265625 0.0375
0 0.4625 0.021875 0.0265625 0.0375
0 0.3703125 0.39140625 0.0265625 0.0375
0 0.51171875 0.13125 0.0265625 0.0375
0 0.15703125 0.14375 0.0265625 0.0375
0 0.16640625 0.01875 0.0265625 0.0375
0 0.15625 0.24609375 0.0265625 0.0375
0 0.171875 0.56328125 0.025 0.03984375
0 0.13515625 0.590625 0.025 0.03984375
0 0.36328125 0.76640625 0.0265625 0.03359375
0 0.24140625 0.89609375 0.0265625 0.03359375
0 0.28984375 0.36484375 0.0265625 0.03359375
0 0.47109375 0.40859375 0.0296875 0.03359375
0 0.53515625 0.56640625 0.0265625 0.03359375
0 0.13046875 0.603125 0.028125 0.0375
0 0.05859375 0.04765625 0.0234375 0.03515625
0 0.41171875 0.88125 0.0296875 0.05
0 0.3984375 0.79375 0.025 0.04609375
0 0.14375 0.77578125 0.0375 0.04375
0 0.509375 0.24765625 0.0421875 0.04375
0 0.075 0.475 0.0296875 0.03984375
0 0.8546875 0.02578125 0.0203125 0.03125
0 0.5140625 0.95546875 0.025 0.02734375
0 0.49296875 0.978125 0.0296875 0.03125
0 0.64140625 0.94140625 0.0234375 0.02734375
1 0.42890625 0.86640625 0.0890625 0.1125
1 0.6796875 0.78984375 0.103125 0.09609375