0 0.725 0.41328125 0.0265625 0.0375
0 0.76171875 0.58203125 0.0265625 0.0375
0 0.7546875 0.84921875 0.0265625 0.0375
0 0.80546875 0.84609375 0.0265625 0.0375
0 0.91640625 0.80625 0.0265625 0.0375
0 0.9703125 0.728125 0.0265625 0.0375
0 0.86484375 0.18984375 0.0265625 0.0375
0 0.80625 0.11796875 0.0265625 0.0375
0 0.68828125 0.09609375 0.0265625 0.0375
0 0.71484375 0.21640625 0.0265625 0.0375
0 0.6859375 0.30546875 0.0265625 0.0375
0 0.56640625 0.125 0.0265625 0.04140625
0 0.415625 0.875 0.0265625 0.0375
0 0.353125 0.56328125 0.0265625 0.0375
0 0.51171875 0.86875 0.0265625 0.0375
0 0.51328125 0.77890625 0.0265625 0.0375
0 0.15078125 0.83828125 0.0265625 0.0375
0 0.16015625 0.96328125 0.0265625 0.0375
0 0.14453125 0.74765625 0.0265625 0.0375
0 0.1 0.63671875 0.0265625 0.0375
0 0.171875 0.43671875 0.025 0.03984375
0 0.13125 0.409375 0.025 0.03984375
0 0.33515625 0.18359375 0.0234375 0.03359375
0 0.3265625 0.13125 0.0265625 0.03359375
0 0.24609375 0.05859375 0.0265625 0.03359375
0 0.23046875 0.06328125 0.0265625 0.03359375
0 0.2875 0.63828125 0.0265625 0.03359375
0 0.4109375 0.48125 0.0265625 0.03359375
0 0.5 0.384375 0.0265625 0.03359375
0 0.81796875 0.57734375 0.0265625 0.03359375
0 0.98359375 0.21640625 0.0265625 0.03359375
0 0.928125 0.20703125 0.0265625 0.03359375
0 0.34453125 0.98203125 0.0265625 0.03359375
0 0.24921875 0.84765625 0.0265625 0.03359375
0 0.0125 0.76953125 0.025 0.03359375
0 0.42421875 0.25546875 0.025 0.03515625
0 0.41171875 0.11875 0.0296875 0.05
0 0.3984375 0.20625 0.025 0.04609375
0 0.61640625 0.7375 0.0390625 0.04140625
0 0.2359375 0.60703125 0.028125 0.03515625
0 0.14375 0.22421875 0.0375 0.04375
0 0.4859375 0.71640625 0.0421875 0.04375