0 0.26484375 0.56484375 0.0265625 0.0375
0 0.23828125 0.42265625 0.0265625 0.0375
0 0.240625 0.14375 0.0265625 0.0375
0 0.19453125 0.15390625 0.0265625 0.0375
0 0.08359375 0.19375 0.0265625 0.0375
0 0.13515625 0.81015625 0.0265625 0.0375
0 0.28359375 0.79453125 0.0265625 0.04140625
0 0.21796875 0.82265625 0.0265625 0.0375
0 0.26796875 0.74921875 0.0265625 0.0375
0 0.228125 0.6125 0.0265625 0.0375
0 0.53984375 0.01875 0.0265625 0.0375
0 0.63203125 0.38828125 0.0265625 0.0375
0 0.48828125 0.13125 0.0265625 0.0375
0 0.84296875 0.14375 0.0265625 0.0375
0 0.83359375 0.01875 0.0265625 0.0375
0 0.83671875 0.24609375 0.0265625 0.0375
0 0.828125 0.56328125 0.025 0.03984375
0 0.8640625 0.590625 0.025 0.03984375
0 0.6296875 0.7625 0.0265625 0.03359375
0 0.7515625 0.87578125 0.0265625 0.03359375
0 0.71015625 0.36484375 0.0265625 0.03359375
0 0.51015625 0.396875 0.0296875 0.03359375
0 0.46015625 0.54296875 0.0265625 0.03359375
0 0.9109375 0.00859375 0.0265625 0.01640625
0 0.58828125 0.88125 0.0296875 0.05
0 0.6015625 0.79375 0.025 0.04609375
0 0.85625 0.77578125 0.0375 0.04375
0 0.4875 0.24375 0.0421875 0.04375
0 0.81171875 0.14765625 0.0296875 0.03984375
0 0.18046875 0.15 0.025 0.03984375
0 0.0359375 0.14921875 0.03125 0.03984375
0 0.48359375 0.95234375 0.025 0.02734375
0 0.50859375 0.97421875 0.0296875 0.03125
0 0.35703125 0.93671875 0.0234375 0.02734375
0 0.7828125 0.82890625 0.0234375 0.03984375
0 0.9796875 0.97421875 0.021875 0.02890625
1 0.57109375 0.86640625 0.0890625 0.1125
1 0.3203125 0.78984375 0.103125 0.09609375