0 0.7265625 0.41953125 0.0265625 0.0375
0 0.76171875 0.57890625 0.0265625 0.0375
0 0.75625 0.853125 0.0265625 0.0375
0 0.80546875 0.84609375 0.0265625 0.0375
0 0.91640625 0.80625 0.0265625 0.0375
0 0.97265625 0.73046875 0.0265625 0.0375
0 0.86484375 0.18984375 0.0265625 0.0375
0 0.78359375 0.153125 0.0265625 0.0375
0 0.7015625 0.10390625 0.0265625 0.0375
0 0.715625 0.21796875 0.0265625 0.0375
0 0.6875 0.30859375 0.0265625 0.0375
0 0.61875 0.27265625 0.0265625 0.04140625
0 0.4234375 0.88515625 0.0265625 0.0375
0 0.35625 0.56640625 0.0265625 0.0375
0 0.51171875 0.86875 0.0265625 0.0375
0 0.29609375 0.80390625 0.0234375 0.0375
0 0.15234375 0.84140625 0.0265625 0.0375
0 0.16171875 0.96640625 0.0265625 0.0375
0 0.1453125 0.74921875 0.0265625 0.0375
0 0.01796875 0.81796875 0.0265625 0.04375
0 0.171875 0.43671875 0.025 0.03984375
0 0.13203125 0.409375 0.025 0.03984375
0 0.371875 0.153125 0.0234375 0.03515625
0 0.32890625 0.14140625 0.0265625 0.03359375
0 0.22890625 0.06640625 0.0265625 0.03359375
0 0.2890625 0.63671875 0.0265625 0.03359375
0 0.409375 0.48828125 0.0265625 0.03359375
0 0.5015625 0.3875 0.0265625 0.03359375
0 0.98125 0.56953125 0.028125 0.03984375
0 0.98515625 0.23515625 0.0265625 0.03359375
0 0.825 0.25625 0.028125 0.0375
0 0.23671875 0.68515625 0.0265625 0.03359375
0 0.00859375 0.775 0.0171875 0.03515625
0 0.37265625 0.45625 0.025 0.03359375
0 0.41171875 0.11875 0.0296875 0.05
0 0.3984375 0.20625 0.025 0.04609375
0 0.73125 0.60703125 0.0359375 0.04609375
0 0.58125 0.54453125 0.0328125 0.0375
0 0.14375 0.22421875 0.0375 0.04375
0 0.48984375 0.72265625 0.0421875 0.04375
1 0.42890625 0.13359375 0.0890625 0.1125
1 0.6796875 0.21015625 0.103125 0.09609375