0 0.73515625 0.56484375 0.0265625 0.0375
0 0.76171875 0.42265625 0.0265625 0.0375
0 0.75859375 0.14375 0.0265625 0.0375
0 0.80546875 0.15390625 0.0265625 0.0375
0 0.91640625 0.19375 0.0265625 0.0375
0 0.9890625 0.22421875 0.021875 0.03515625
0 0.86484375 0.81015625 0.0265625 0.0375
0 0.68984375 0.74765625 0.0265625 0.04140625
0 0.75625 0.84375 0.0265625 0.0375
0 0.71875 0.778125 0.0265625 0.0375
0 0.73515625 0.6375 0.0265625 0.0375
0 0.46484375 0.025 0.0265625 0.0375
0 0.371875 0.39453125 0.0265625 0.0375
0 0.51171875 0.13125 0.0265625 0.0375
0 0.15703125 0.14375 0.0265625 0.0375
0 0.16640625 0.01875 0.0265625 0.0375
0 0.15 0.24609375 0.0265625 0.0375
0 0.171875 0.56328125 0.025 0.03984375
0 0.134375 0.590625 0.025 0.03984375
0 0.34140625 0.79453125 0.0265625 0.03359375
0 0.23515625 0.90625 0.0265625 0.03359375
0 0.28984375 0.36484375 0.0265625 0.03359375
0 0.44609375 0.44140625 0.0296875 0.03359375
0 0.52421875 0.58359375 0.0265625 0.03359375
0 0.35390625 0.50703125 0.028125 0.0375
0 0.0375 0.10703125 0.0234375 0.03515625
0 0.41171875 0.88125 0.0296875 0.05
0 0.3984375 0.79375 0.025 0.04609375
0 0.14375 0.77578125 0.0375 0.04375
0 0.1515625 0.89140625 0.03125 0.0375
0 0.50625 0.25234375 0.0421875 0.04375
0 0.5 0.96796875 0.025 0.02734375
0 0.49296875 0.984375 0.0296875 0.01875
0 0.6359375 0.9625 0.0234375 0.02734375
1 0.42890625 0.86640625 0.0890625 0.1125
1 0.6796875 0.78984375 0.103125 0.09609375