0 0.26484375 0.43515625 0.0265625 0.0375
0 0.23828125 0.57734375 0.0265625 0.0375
0 0.24140625 0.85625 0.0265625 0.0375
0 0.19453125 0.84609375 0.0265625 0.0375
0 0.08359375 0.80625 0.0265625 0.0375
0 0.00625 0.78984375 0.0125 0.03125
0 0.13515625 0.18984375 0.0265625 0.0375
0 0.3125 0.23984375 0.0265625 0.04140625
0 0.2421875 0.16328125 0.0265625 0.0375
0 0.2796875 0.225 0.0265625 0.0375
0 0.25234375 0.36875 0.0265625 0.0375
0 0.5359375 0.97578125 0.0265625 0.0375
0 0.62890625 0.60625 0.0265625 0.0375
0 0.48828125 0.86875 0.0265625 0.0375
0 0.84296875 0.85625 0.0265625 0.0375
0 0.83359375 0.98125 0.0265625 0.0375
0 0.846875 0.75390625 0.0265625 0.0375
0 0.828125 0.43671875 0.025 0.03984375
0 0.865625 0.409375 0.025 0.03984375
0 0.64765625 0.221875 0.0265625 0.03359375
0 0.7625 0.09921875 0.0265625 0.03359375
0 0.71015625 0.63515625 0.0265625 0.03359375
0 0.54453125 0.57734375 0.0296875 0.03359375
0 0.471875 0.42421875 0.0265625 0.03359375
0 0.76328125 0.41875 0.028125 0.0375
0 0.953125 0.921875 0.0234375 0.03515625
0 0.58828125 0.11875 0.0296875 0.05
0 0.6015625 0.20625 0.025 0.04609375
0 0.85625 0.22421875 0.0375 0.04375
0 0.76015625 0.05 0.0296875 0.03359375
0 0.49296875 0.74921875 0.0421875 0.04375
0 0.9859375 0.35078125 0.028125 0.04375
0 0.49296875 0.03828125 0.025 0.02734375
0 0.50703125 0.01875 0.0296875 0.025
0 0.36171875 0.046875 0.0234375 0.02734375
1 0.57109375 0.13359375 0.0890625 0.1125
1 0.3203125 0.21015625 0.103125 0.09609375