0 0.73515625 0.56484375 0.0265625 0.0375
0 0.76171875 0.42265625 0.0265625 0.0375
0 0.75859375 0.14375 0.0265625 0.0375
0 0.80546875 0.15390625 0.0265625 0.0375
0 0.91640625 0.19375 0.0265625 0.0375
0 0.99375 0.203125 0.0125 0.03125
0 0.86484375 0.81015625 0.0265625 0.0375
0 0.6859375 0.77421875 0.0265625 0.04140625
0 0.759375 0.83203125 0.0265625 0.0375
0 0.72265625 0.77109375 0.0265625 0.0375
0 0.75234375 0.62890625 0.0265625 0.0375
0 0.46328125 0.02265625 0.0265625 0.0375
0 0.3703125 0.39296875 0.0265625 0.0375
0 0.51171875 0.13125 0.0265625 0.0375
0 0.15703125 0.14375 0.0265625 0.0375
0 0.16640625 0.01875 0.0265625 0.0375
0 0.1546875 0.24609375 0.0265625 0.0375
0 0.171875 0.56328125 0.025 0.03984375
0 0.13515625 0.590625 0.025 0.03984375
0 0.35625 0.77109375 0.0265625 0.03359375
0 0.2390625 0.89921875 0.0265625 0.03359375
0 0.28984375 0.36484375 0.0265625 0.03359375
0 0.46328125 0.415625 0.0296875 0.03359375
0 0.53125 0.571875 0.0265625 0.03359375
0 0.196875 0.58125 0.028125 0.0375
0 0.05234375 0.06328125 0.0234375 0.03515625
0 0.41171875 0.88125 0.0296875 0.05
0 0.3984375 0.79375 0.025 0.04609375
0 0.14375 0.77578125 0.0375 0.04375
0 0.5078125 0.25 0.0421875 0.04375
0 0.01875 0.58203125 0.028125 0.04375
0 0.51171875 0.95703125 0.025 0.02734375
0 0.49296875 0.97890625 0.0296875 0.02890625
0 0.63984375 0.94765625 0.0234375 0.02734375
1 0.42890625 0.86640625 0.0890625 0.1125
1 0.6796875 0.78984375 0.103125 0.09609375