0 0.72890625 0.571875 0.0265625 0.0375
0 0.76171875 0.42265625 0.0265625 0.0375
0 0.75703125 0.14375 0.0265625 0.0375
0 0.80546875 0.15390625 0.0265625 0.0375
0 0.91640625 0.19375 0.0265625 0.0375
0 0.9765625 0.26015625 0.0265625 0.0375
0 0.86484375 0.81015625 0.0265625 0.0375
0 0.77890625 0.81953125 0.0265625 0.04140625
0 0.725 0.88125 0.0265625 0.0375
0 0.71640625 0.78125 0.0265625 0.0375
0 0.69921875 0.68125 0.0265625 0.0375
0 0.7484375 0.56953125 0.0265625 0.03515625
0 0.43984375 0.08125 0.0265625 0.0375
0 0.3609375 0.428125 0.0265625 0.0375
0 0.51171875 0.13125 0.0265625 0.0375
0 0.15390625 0.15390625 0.0265625 0.0375
0 0.16328125 0.02890625 0.0265625 0.0375
0 0.146875 0.24921875 0.0265625 0.0375
0 0.171875 0.56328125 0.025 0.03984375
0 0.1328125 0.590625 0.025 0.03984375
0 0.3328125 0.840625 0.0265625 0.03359375
0 0.2265625 0.92734375 0.0265625 0.03359375
0 0.28984375 0.36484375 0.0265625 0.03359375
0 0.4140625 0.49765625 0.0265625 0.03359375
0 0.50234375 0.59765625 0.0265625 0.03359375
0 0.98671875 0.73125 0.0265625 0.03359375
0 0.675 0.54296875 0.028125 0.0375
0 0.21640625 0.52734375 0.0265625 0.03359375
0 0.01015625 0.19296875 0.0140625 0.03515625
0 0.240625 0.24609375 0.0296875 0.04140625
0 0.41171875 0.88125 0.0296875 0.05
0 0.3984375 0.79375 0.025 0.04609375
0 0.82578125 0.63984375 0.0359375 0.04609375
0 0.14375 0.77578125 0.0375 0.04375
0 0.4953125 0.26875 0.0421875 0.04375
1 0.42890625 0.86640625 0.0890625 0.1125
1 0.6796875 0.78984375 0.103125 0.09609375