0 0.26484375 0.43515625 0.0265625 0.0375
0 0.23828125 0.57734375 0.0265625 0.0375
0 0.24140625 0.85625 0.0265625 0.0375
0 0.19453125 0.84609375 0.0265625 0.0375
0 0.08359375 0.80625 0.0265625 0.0375
0 0.00546875 0.79921875 0.0109375 0.03359375
0 0.13515625 0.18984375 0.0265625 0.0375
0 0.31953125 0.22265625 0.0265625 0.04140625
0 0.240625 0.16875 0.0265625 0.0375
0 0.2765625 0.23125 0.0265625 0.0375
0 0.246875 0.371875 0.0265625 0.0375
0 0.53671875 0.97734375 0.0265625 0.0375
0 0.6296875 0.60859375 0.0265625 0.0375
0 0.48828125 0.86875 0.0265625 0.0375
0 0.84296875 0.85625 0.0265625 0.0375
0 0.83359375 0.98125 0.0265625 0.0375
0 0.8453125 0.75390625 0.0265625 0.0375
0 0.828125 0.43671875 0.025 0.03984375
0 0.86484375 0.409375 0.025 0.03984375
0 0.64296875 0.23125 0.0265625 0.03359375
0 0.76015625 0.10234375 0.0265625 0.03359375
0 0.71015625 0.63515625 0.0265625 0.03359375
0 0.534375 0.58671875 0.0296875 0.03359375
0 0.46796875 0.42890625 0.0265625 0.03359375
0 0.81953125 0.409375 0.028125 0.0375
0 0.94609375 0.940625 0.0234375 0.03515625
0 0.58828125 0.11875 0.0296875 0.05
0 0.6015625 0.20625 0.025 0.04609375
0 0.85625 0.22421875 0.0375 0.04375
0 0.49140625 0.75078125 0.0421875 0.04375
0 0.94296875 0.4375 0.028125 0.04375
0 0.4875 0.04375 0.025 0.02734375
0 0.50703125 0.02109375 0.0296875 0.02890625
0 0.359375 0.05390625 0.0234375 0.02734375
1 0.57109375 0.13359375 0.0890625 0.1125
1 0.3203125 0.21015625 0.103125 0.09609375