0 0.271875 0.57421875 0.0265625 0.0375
0 0.23828125 0.42265625 0.0265625 0.0375
0 0.24296875 0.14375 0.0265625 0.0375
0 0.19453125 0.15390625 0.0265625 0.0375
0 0.08359375 0.19375 0.0265625 0.0375
0 0.02421875 0.26484375 0.0265625 0.0375
0 0.13515625 0.81015625 0.0265625 0.0375
0 0.221875 0.82265625 0.0265625 0.0375
0 0.2828125 0.88671875 0.0265625 0.0375
0 0.28359375 0.78125 0.0265625 0.0375
0 0.30703125 0.68671875 0.0265625 0.0375
0 0.30234375 0.61484375 0.0265625 0.04140625
0 0.5671875 0.096875 0.0265625 0.0375
0 0.640625 0.42890625 0.0265625 0.0375
0 0.48828125 0.13125 0.0265625 0.0375
0 0.90390625 0.09765625 0.0234375 0.0375
0 0.846875 0.15546875 0.0265625 0.0375
0 0.8375 0.03046875 0.0265625 0.0375
0 0.85390625 0.25 0.0265625 0.0375
0 0.828125 0.56328125 0.025 0.03984375
0 0.86796875 0.590625 0.025 0.03984375
0 0.66796875 0.846875 0.0265625 0.03359375
0 0.77265625 0.92890625 0.0265625 0.03359375
0 0.71015625 0.36484375 0.0265625 0.03359375
0 0.5890625 0.50234375 0.0265625 0.03359375
0 0.49765625 0.60546875 0.0265625 0.03359375
0 0.01328125 0.740625 0.0265625 0.03359375
0 0.2703125 0.59140625 0.028125 0.0375
0 0.77890625 0.46484375 0.0265625 0.03359375
0 0.99296875 0.20859375 0.0125 0.03515625
0 0.7203125 0.346875 0.0296875 0.04140625
0 0.58828125 0.88125 0.0296875 0.05
0 0.6015625 0.79375 0.025 0.04609375
0 0.23046875 0.57734375 0.0359375 0.04609375
0 0.08828125 0.66015625 0.0328125 0.0375
0 0.85625 0.77578125 0.0375 0.04375
0 0.50703125 0.271875 0.0421875 0.04375
1 0.57109375 0.86640625 0.0890625 0.1125
1 0.3203125 0.78984375 0.103125 0.09609375