0 0.26875 0.43125 0.0265625 0.0375
0 0.23828125 0.57734375 0.0265625 0.0375
0 0.2421875 0.85625 0.0265625 0.0375
0 0.19453125 0.84609375 0.0265625 0.0375
0 0.08359375 0.80625 0.0265625 0.0375
0 0.0203125 0.74765625 0.0265625 0.0375
0 0.13515625 0.18984375 0.0265625 0.0375
0 0.22734375 0.18515625 0.0265625 0.04140625
0 0.26328125 0.12734375 0.0265625 0.0375
0 0.2828125 0.21953125 0.0265625 0.0375
0 0.2921875 0.328125 0.0265625 0.0375
0 0.1890625 0.54140625 0.028125 0.04609375
0 0.55 0.940625 0.0265625 0.0375
0 0.63828125 0.578125 0.0265625 0.0375
0 0.48828125 0.86875 0.0265625 0.0375
0 0.8453125 0.84921875 0.0265625 0.0375
0 0.8359375 0.97421875 0.0265625 0.0375
0 0.85234375 0.75234375 0.0265625 0.0375
0 0.828125 0.43671875 0.025 0.03984375
0 0.8671875 0.409375 0.025 0.03984375
0 0.6640625 0.17109375 0.0265625 0.03359375
0 0.7734375 0.07734375 0.0265625 0.03359375
0 0.71015625 0.63515625 0.0265625 0.03359375
0 0.58046875 0.515625 0.0265625 0.03359375
0 0.4921875 0.40546875 0.0265625 0.03359375
0 0.0078125 0.2875 0.015625 0.03359375
0 0.4171875 0.44765625 0.028125 0.0375
0 0.76171875 0.28359375 0.0265625 0.03359375
0 0.98203125 0.82890625 0.0203125 0.03515625
0 0.81328125 0.94375 0.0328125 0.04140625
0 0.58828125 0.11875 0.0296875 0.05
0 0.6015625 0.20625 0.025 0.04609375
0 0.10859375 0.20078125 0.0359375 0.04609375
0 0.85625 0.22421875 0.0375 0.04375
0 0.5015625 0.73671875 0.0421875 0.04375
0 0.453125 0.02109375 0.0234375 0.025
0 0.49921875 0.01953125 0.025 0.02734375
0 0.3375 0.08671875 0.028125 0.0375
0 0.52265625 0.01015625 0.0296875 0.01875
0 0.36796875 0.01015625 0.0234375 0.0203125
1 0.57109375 0.13359375 0.0890625 0.1125
1 0.3203125 0.21015625 0.103125 0.09609375