0 0.73515625 0.56484375 0.0265625 0.0375
0 0.76171875 0.42265625 0.0265625 0.0375
0 0.7578125 0.14375 0.0265625 0.0375
0 0.80546875 0.15390625 0.0265625 0.0375
0 0.91640625 0.19375 0.0265625 0.0375
0 0.9828125 0.24140625 0.0265625 0.0375
0 0.86484375 0.81015625 0.0265625 0.0375
0 0.7515625 0.79765625 0.0265625 0.04140625
0 0.746875 0.859375 0.0265625 0.0375
0 0.71796875 0.77890625 0.0265625 0.0375
0 0.71875 0.65703125 0.0265625 0.0375
0 0.878125 0.46796875 0.028125 0.05
0 0.46328125 0.03359375 0.0265625 0.0375
0 0.36640625 0.409375 0.0265625 0.0375
0 0.51171875 0.13125 0.0265625 0.0375
0 0.15546875 0.14765625 0.0265625 0.0375
0 0.16484375 0.02265625 0.0265625 0.0375
0 0.1484375 0.246875 0.0265625 0.0375
0 0.171875 0.56328125 0.025 0.03984375
0 0.13359375 0.590625 0.025 0.03984375
0 0.33828125 0.81875 0.0265625 0.03359375
0 0.23046875 0.91640625 0.0265625 0.03359375
0 0.28984375 0.36484375 0.0265625 0.03359375
0 0.43046875 0.46875 0.028125 0.03359375
0 0.515625 0.59375 0.0265625 0.03359375
0 0.99453125 0.69453125 0.0109375 0.03515625
0 0.45390625 0.528125 0.028125 0.0375
0 0.27109375 0.90859375 0.0265625 0.03359375
0 0.02421875 0.14453125 0.0234375 0.03515625
0 0.41171875 0.88125 0.0296875 0.05
0 0.3984375 0.79375 0.025 0.04609375
0 0.98359375 0.9875 0.0203125 0.025
0 0.14375 0.77578125 0.0375 0.04375
0 0.025 0.71953125 0.025 0.0375
0 0.50234375 0.25703125 0.0421875 0.04375
0 0.496875 0.97734375 0.025 0.02734375
0 0.82109375 0.71328125 0.028125 0.0375
0 0.48359375 0.9875 0.0296875 0.01875
0 0.63125 0.97890625 0.0234375 0.02734375
1 0.42890625 0.86640625 0.0890625 0.1125
1 0.6796875 0.78984375 0.103125 0.09609375