0 0.72578125 0.41796875 0.0265625 0.0375
0 0.76171875 0.58046875 0.0265625 0.0375
0 0.75546875 0.85234375 0.0265625 0.0375
0 0.80546875 0.84609375 0.0265625 0.0375
0 0.91640625 0.80625 0.0265625 0.0375
0 0.971875 0.72890625 0.0265625 0.0375
0 0.86484375 0.18984375 0.0265625 0.0375
0 0.79296875 0.13984375 0.0265625 0.0375
0 0.6984375 0.10234375 0.0265625 0.0375
0 0.715625 0.21796875 0.0265625 0.0375
0 0.68671875 0.30703125 0.0265625 0.0375
0 0.6453125 0.21796875 0.0265625 0.04140625
0 0.421875 0.88359375 0.0265625 0.0375
0 0.35546875 0.565625 0.0265625 0.0375
0 0.51171875 0.86875 0.0265625 0.0375
0 0.35390625 0.81640625 0.0234375 0.0375
0 0.1515625 0.840625 0.0265625 0.0375
0 0.1609375 0.965625 0.0265625 0.0375
0 0.1453125 0.74921875 0.0265625 0.0375
0 0.02421875 0.78671875 0.0265625 0.04375
0 0.171875 0.43671875 0.025 0.03984375
0 0.13203125 0.409375 0.025 0.03984375
0 0.34375 0.14609375 0.0234375 0.03515625
0 0.328125 0.13984375 0.0265625 0.03359375
0 0.22890625 0.06640625 0.0265625 0.03359375
0 0.28828125 0.6375 0.0265625 0.03359375
0 0.41015625 0.4875 0.0265625 0.03359375
0 0.50078125 0.38671875 0.0265625 0.03359375
0 0.97734375 0.475 0.0296875 0.0375
0 0.98359375 0.23046875 0.0265625 0.03359375
0 0.86875 0.31015625 0.028125 0.0375
0 0.25390625 0.73359375 0.0265625 0.03359375
0 0.009375 0.77421875 0.01875 0.03515625
0 0.3640625 0.40625 0.025 0.03515625
0 0.41171875 0.11875 0.0296875 0.05
0 0.3984375 0.20625 0.025 0.04609375
0 0.70859375 0.62265625 0.0390625 0.04140625
0 0.471875 0.57890625 0.028125 0.03515625
0 0.14375 0.22421875 0.0375 0.04375
0 0.4890625 0.72109375 0.0421875 0.04375
1 0.42890625 0.13359375 0.0890625 0.1125
1 0.6796875 0.21015625 0.103125 0.09609375