0 0.73515625 0.43515625 0.0265625 0.0375
0 0.76171875 0.57734375 0.0265625 0.0375
0 0.75859375 0.85625 0.0265625 0.0375
0 0.80546875 0.84609375 0.0265625 0.0375
0 0.91640625 0.80625 0.0265625 0.0375
0 0.9859375 0.76796875 0.0265625 0.0375
0 0.86484375 0.18984375 0.0265625 0.0375
0 0.709375 0.24609375 0.0265625 0.04140625
0 0.7546875 0.15234375 0.0265625 0.0375
0 0.71875 0.221875 0.0265625 0.0375
0 0.72734375 0.35625 0.0265625 0.0375
0 0.98125 0.56328125 0.028125 0.05
0 0.465625 0.97421875 0.0265625 0.0375
0 0.37265625 0.603125 0.0265625 0.0375
0 0.51171875 0.86875 0.0265625 0.0375
0 0.15703125 0.85546875 0.0265625 0.0375
0 0.16640625 0.98046875 0.0265625 0.0375
0 0.14921875 0.75390625 0.0265625 0.0375
0 0.171875 0.43671875 0.025 0.03984375
0 0.13359375 0.409375 0.025 0.03984375
0 0.33984375 0.18828125 0.0265625 0.03359375
0 0.23359375 0.08984375 0.0265625 0.03359375
0 0.28984375 0.63515625 0.0265625 0.03359375
0 0.440625 0.54609375 0.0296875 0.03359375
0 0.52109375 0.41171875 0.0265625 0.03359375
0 0.3375 0.55 0.028125 0.0375
0 0.39296875 0.02734375 0.0265625 0.03359375
0 0.03046875 0.87578125 0.0234375 0.03515625
0 0.41171875 0.11875 0.0296875 0.05
0 0.3984375 0.20625 0.025 0.04609375
0 0.14375 0.22421875 0.0375 0.04375
0 0.121875 0.20859375 0.0328125 0.04375
0 0.5046875 0.74609375 0.0421875 0.04375
0 0.4953125 0.02734375 0.025 0.02734375
0 0.98984375 0.25546875 0.0203125 0.03515625
0 0.48984375 0.01484375 0.0296875 0.01875
0 0.634375 0.03125 0.0234375 0.02734375
1 0.42890625 0.13359375 0.0890625 0.1125
1 0.6796875 0.21015625 0.103125 0.09609375