0 0.2703125 0.42890625 0.0265625 0.0375
0 0.23828125 0.57734375 0.0265625 0.0375
0 0.24296875 0.85625 0.0265625 0.0375
0 0.19453125 0.84609375 0.0265625 0.0375
0 0.08359375 0.80625 0.0265625 0.0375
0 0.02265625 0.74140625 0.0265625 0.0375
0 0.13515625 0.18984375 0.0265625 0.0375
0 0.22109375 0.18203125 0.0265625 0.04140625
0 0.27109375 0.12109375 0.0265625 0.0375
0 0.2828125 0.21953125 0.0265625 0.0375
0 0.2984375 0.31953125 0.0265625 0.0375
0 0.23046875 0.45859375 0.028125 0.04609375
0 0.55703125 0.925 0.0265625 0.0375
0 0.63828125 0.57265625 0.0265625 0.0375
0 0.48828125 0.86875 0.0265625 0.0375
0 0.84609375 0.846875 0.0265625 0.0375
0 0.83671875 0.971875 0.0265625 0.0375
0 0.853125 0.75078125 0.0265625 0.0375
0 0.828125 0.43671875 0.025 0.03984375
0 0.8671875 0.409375 0.025 0.03984375
0 0.66640625 0.1625 0.0265625 0.03359375
0 0.7734375 0.07421875 0.0265625 0.03359375
0 0.71015625 0.63515625 0.0265625 0.03359375
0 0.584375 0.50546875 0.0265625 0.03359375
0 0.496875 0.40390625 0.0265625 0.03359375
0 0.01171875 0.27421875 0.0234375 0.03359375
0 0.36875 0.43125 0.028125 0.0375
0 0.76328125 0.40390625 0.0265625 0.03359375
0 0.9875 0.81328125 0.015625 0.03515625
0 0.75546875 0.81796875 0.0296875 0.04140625
0 0.58828125 0.11875 0.0296875 0.05
0 0.6015625 0.20625 0.025 0.04609375
0 0.1640625 0.30625 0.0359375 0.04609375
0 0.85625 0.22421875 0.0375 0.04375
0 0.50390625 0.73203125 0.0421875 0.04375
0 0.32578125 0.021875 0.0234375 0.02890625
0 0.496875 0.01796875 0.025 0.02734375
0 0.47265625 0.0125 0.0296875 0.025
1 0.57109375 0.13359375 0.0890625 0.1125
1 0.3203125 0.21015625 0.103125 0.09609375