0 0.7328125 0.43359375 0.0265625 0.0375
0 0.76171875 0.57734375 0.0265625 0.0375
0 0.7578125 0.85625 0.0265625 0.0375
0 0.80546875 0.84609375 0.0265625 0.0375
0 0.91640625 0.80625 0.0265625 0.0375
0 0.98046875 0.75078125 0.0265625 0.0375
0 0.86484375 0.18984375 0.0265625 0.0375
0 0.7703125 0.18671875 0.0265625 0.04140625
0 0.73984375 0.13125 0.0265625 0.0375
0 0.7171875 0.21953125 0.0265625 0.0375
0 0.71171875 0.33359375 0.0265625 0.0375
0 0.83828125 0.53515625 0.028125 0.05
0 0.45390625 0.94921875 0.0265625 0.0375
0 0.3625 0.58125 0.0265625 0.0375
0 0.51171875 0.86875 0.0265625 0.0375
0 0.1546875 0.85 0.0265625 0.0375
0 0.1640625 0.975 0.0265625 0.0375
0 0.14765625 0.75234375 0.0265625 0.0375
0 0.171875 0.43671875 0.025 0.03984375
0 0.1328125 0.409375 0.025 0.03984375
0 0.33671875 0.17578125 0.0265625 0.03359375
0 0.228125 0.07890625 0.0265625 0.03359375
0 0.28984375 0.63515625 0.0265625 0.03359375
0 0.42265625 0.52109375 0.0265625 0.03359375
0 0.51015625 0.40546875 0.0265625 0.03359375
0 0.99296875 0.29296875 0.0140625 0.03359375
0 0.56171875 0.40703125 0.028125 0.0375
0 0.25546875 0.21484375 0.0265625 0.03359375
0 0.02109375 0.83828125 0.021875 0.03515625
0 0.41171875 0.11875 0.0296875 0.05
0 0.3984375 0.20625 0.025 0.04609375
0 0.91640625 0.146875 0.0296875 0.03984375
0 0.14375 0.22421875 0.0375 0.04375
0 0.5 0.73828125 0.0421875 0.04375
0 0.49921875 0.02109375 0.025 0.02734375
0 0.69921875 0.1625 0.028125 0.0375
0 0.4796875 0.01171875 0.0296875 0.01875
0 0.62734375 0.01328125 0.0234375 0.02265625
1 0.42890625 0.13359375 0.0890625 0.1125
1 0.6796875 0.21015625 0.103125 0.09609375