0 0.725 0.584375 0.0265625 0.0375
0 0.76171875 0.41875 0.0265625 0.0375
0 0.7546875 0.15 0.0265625 0.0375
0 0.80546875 0.15390625 0.0265625 0.0375
0 0.91640625 0.19375 0.0265625 0.0375
0 0.97109375 0.271875 0.0265625 0.0375
0 0.86484375 0.81015625 0.0265625 0.0375
0 0.79765625 0.86328125 0.0265625 0.0375
0 0.69296875 0.90078125 0.0265625 0.0375
0 0.71484375 0.78359375 0.0265625 0.0375
0 0.6859375 0.69375 0.0265625 0.0375
0 0.59140625 0.82734375 0.0265625 0.04140625
0 0.41796875 0.121875 0.0265625 0.0375
0 0.35390625 0.43515625 0.0265625 0.0375
0 0.51171875 0.13125 0.0265625 0.0375
0 0.44765625 0.1875 0.0265625 0.0375
0 0.1515625 0.16015625 0.0265625 0.0375
0 0.1609375 0.03515625 0.0265625 0.0375
0 0.1453125 0.25078125 0.0265625 0.0375
0 0.09921875 0.28203125 0.0265625 0.0375
0 0.171875 0.56328125 0.025 0.03984375
0 0.13125 0.590625 0.025 0.03984375
0 0.30390625 0.834375 0.0234375 0.03515625
0 0.32734375 0.865625 0.0265625 0.03359375
0 0.2296875 0.93515625 0.0265625 0.03359375
0 0.2875 0.36171875 0.0265625 0.03359375
0 0.4109375 0.51640625 0.0265625 0.03359375
0 0.5 0.61484375 0.0265625 0.03359375
0 0.90390625 0.48515625 0.0296875 0.0375
0 0.98203125 0.78046875 0.0265625 0.03359375
0 0.9171875 0.73125 0.028125 0.0375
0 0.25234375 0.20859375 0.0265625 0.03359375
0 0.0109375 0.228125 0.021875 0.03359375
0 0.40390625 0.67890625 0.025 0.03515625
0 0.41171875 0.88125 0.0296875 0.05
0 0.3984375 0.79375 0.025 0.04609375
0 0.65234375 0.30625 0.0390625 0.04140625
0 0.3375 0.40546875 0.028125 0.03515625
0 0.14375 0.77578125 0.0375 0.04375
0 0.4875 0.28125 0.0421875 0.04375