0 0.265625 0.565625 0.0265625 0.0375
0 0.23828125 0.42265625 0.0265625 0.0375
0 0.2421875 0.14375 0.0265625 0.0375
0 0.19453125 0.15390625 0.0265625 0.0375
0 0.08359375 0.19375 0.0265625 0.0375
0 0.01796875 0.24296875 0.0265625 0.0375
0 0.13515625 0.81015625 0.0265625 0.0375
0 0.24921875 0.80390625 0.0265625 0.04140625
0 0.2546875 0.86171875 0.0265625 0.0375
0 0.28203125 0.77890625 0.0265625 0.0375
0 0.2828125 0.659375 0.0265625 0.0375
0 0.12734375 0.47109375 0.028125 0.05
0 0.5390625 0.0375 0.0265625 0.0375
0 0.634375 0.41171875 0.0265625 0.0375
0 0.48828125 0.13125 0.0265625 0.0375
0 0.84453125 0.14765625 0.0265625 0.0375
0 0.83515625 0.02265625 0.0265625 0.0375
0 0.8515625 0.246875 0.0265625 0.0375
0 0.828125 0.56328125 0.025 0.03984375
0 0.86640625 0.590625 0.025 0.03984375
0 0.6625 0.81953125 0.0265625 0.03359375
0 0.7703125 0.91640625 0.0265625 0.03359375
0 0.71015625 0.36484375 0.0265625 0.03359375
0 0.57109375 0.47109375 0.028125 0.03359375
0 0.48515625 0.59375 0.0265625 0.03359375
0 0.00546875 0.69453125 0.0109375 0.03515625
0 0.5171875 0.55625 0.028125 0.0375
0 0.7203125 0.8875 0.0265625 0.03359375
0 0.9765625 0.14765625 0.0234375 0.03515625
0 0.58828125 0.88125 0.0296875 0.05
0 0.6015625 0.79375 0.025 0.04609375
0 0.02109375 0.97265625 0.0265625 0.03125
0 0.85625 0.77578125 0.0375 0.04375
0 0.9796875 0.69609375 0.021875 0.0375
0 0.49765625 0.25859375 0.0421875 0.04375
0 0.50234375 0.97734375 0.025 0.02734375
0 0.2171875 0.73359375 0.028125 0.0375
0 0.5171875 0.9875 0.0296875 0.01875
0 0.36953125 0.98125 0.0234375 0.025
1 0.57109375 0.86640625 0.0890625 0.1125
1 0.3203125 0.78984375 0.103125 0.09609375