0 0.26484375 0.56484375 0.0265625 0.0375
0 0.23828125 0.42265625 0.0265625 0.0375
0 0.23984375 0.14375 0.0265625 0.0375
0 0.19453125 0.15390625 0.0265625 0.0375
0 0.08359375 0.19375 0.0265625 0.0375
0 0.13515625 0.81015625 0.0265625 0.0375
0 0.19375 0.72890625 0.0265625 0.04140625
0 0.20546875 0.8 0.0265625 0.0375
0 0.25859375 0.725 0.0265625 0.0375
0 0.21484375 0.59609375 0.0265625 0.0375
0 0.53984375 0.01875 0.0265625 0.0375
0 0.62734375 0.39609375 0.0265625 0.0375
0 0.48828125 0.13125 0.0265625 0.0375
0 0.84296875 0.14375 0.0265625 0.0375
0 0.83359375 0.01875 0.0265625 0.0375
0 0.84140625 0.21875 0.0265625 0.0375
0 0.828125 0.56328125 0.025 0.03984375
0 0.8640625 0.590625 0.025 0.03984375
0 0.62734375 0.76015625 0.0265625 0.03359375
0 0.73671875 0.84140625 0.0265625 0.03359375
0 0.71015625 0.36484375 0.0265625 0.03359375
0 0.48828125 0.38515625 0.0296875 0.03359375
0 0.45859375 0.52734375 0.0265625 0.03359375
0 0.58828125 0.88125 0.0296875 0.05
0 0.6015625 0.79375 0.025 0.04609375
0 0.85625 0.77578125 0.0375 0.04375
0 0.48515625 0.240625 0.0421875 0.04375
0 0.1796875 0.28671875 0.025 0.03984375
0 0.48125 0.94921875 0.025 0.02734375
0 0.51015625 0.96953125 0.0296875 0.03125
0 0.35703125 0.93671875 0.0234375 0.02734375
0 0.8046875 0.57734375 0.034375 0.03984375
0 0.96875 0.95703125 0.025 0.03984375
1 0.57109375 0.86640625 0.0890625 0.1125
1 0.3203125 0.78984375 0.103125 0.09609375