0 0.26484375 0.56484375 0.0265625 0.0375
0 0.23828125 0.42265625 0.0265625 0.0375
0 0.2421875 0.14375 0.0265625 0.0375
0 0.19453125 0.15390625 0.0265625 0.0375
0 0.08359375 0.19375 0.0265625 0.0375
0 0.015625 0.23515625 0.0265625 0.0375
0 0.13515625 0.81015625 0.0265625 0.0375
0 0.2734375 0.759375 0.0265625 0.04140625
0 0.24765625 0.85234375 0.0265625 0.0375
0 0.28125 0.778125 0.0265625 0.0375
0 0.27578125 0.64921875 0.0265625 0.0375
0 0.06796875 0.41875 0.028125 0.05
0 0.53359375 0.02734375 0.0265625 0.0375
0 0.6296875 0.40078125 0.0265625 0.0375
0 0.48828125 0.13125 0.0265625 0.0375
0 0.84375 0.14609375 0.0265625 0.0375
0 0.834375 0.02109375 0.0265625 0.0375
0 0.8515625 0.246875 0.0265625 0.0375
0 0.828125 0.56328125 0.025 0.03984375
0 0.86640625 0.590625 0.025 0.03984375
0 0.6609375 0.81328125 0.0265625 0.03359375
0 0.76796875 0.9125 0.0265625 0.03359375
0 0.71015625 0.36484375 0.0265625 0.03359375
0 0.56328125 0.459375 0.028125 0.03359375
0 0.48046875 0.590625 0.0265625 0.03359375
0 0.63125 0.41015625 0.028125 0.0375
0 0.65078125 0.928125 0.0265625 0.03359375
0 0.97421875 0.134375 0.0234375 0.03515625
0 0.58828125 0.88125 0.0296875 0.05
0 0.6015625 0.79375 0.025 0.04609375
0 0.85625 0.77578125 0.0375 0.04375
0 0.91640625 0.765625 0.0328125 0.04140625
0 0.4953125 0.25390625 0.0421875 0.04375
0 0.50546875 0.975 0.025 0.02734375
0 0.06875 0.70625 0.0296875 0.03984375
0 0.5125 0.98671875 0.0296875 0.01875
0 0.36640625 0.97265625 0.0234375 0.02734375
0 0.01484375 0.91015625 0.0296875 0.03359375
1 0.57109375 0.86640625 0.0890625 0.1125
1 0.3203125 0.78984375 0.103125 0.09609375