0 0.271875 0.42734375 0.0265625 0.0375
0 0.23828125 0.57734375 0.0265625 0.0375
0 0.24296875 0.85625 0.0265625 0.0375
0 0.19453125 0.84609375 0.0265625 0.0375
0 0.08359375 0.80625 0.0265625 0.0375
0 0.0234375 0.7375 0.0265625 0.0375
0 0.13515625 0.18984375 0.0265625 0.0375
0 0.22265625 0.17265625 0.0265625 0.0375
0 0.27890625 0.11640625 0.0265625 0.0375
0 0.28359375 0.21875 0.0265625 0.0375
0 0.30390625 0.31640625 0.0265625 0.0375
0 0.296875 0.43125 0.0265625 0.04140625
0 0.56328125 0.9125 0.0265625 0.0375
0 0.63984375 0.571875 0.0265625 0.0375
0 0.48828125 0.86875 0.0265625 0.0375
0 0.94375 0.93828125 0.0234375 0.0375
0 0.846875 0.84453125 0.0265625 0.0375
0 0.8375 0.96953125 0.0265625 0.0375
0 0.85390625 0.75 0.0265625 0.0375
0 0.828125 0.43671875 0.025 0.03984375
0 0.86796875 0.409375 0.025 0.03984375
0 0.6671875 0.15625 0.0265625 0.03359375
0 0.7734375 0.071875 0.0265625 0.03359375
0 0.71015625 0.63515625 0.0265625 0.03359375
0 0.5875 0.5 0.0265625 0.03359375
0 0.49765625 0.39921875 0.0265625 0.03359375
0 0.01328125 0.26796875 0.0265625 0.03359375
0 0.309375 0.39140625 0.028125 0.0375
0 0.771875 0.496875 0.0265625 0.03359375
0 0.9921875 0.80078125 0.0125 0.03515625
0 0.73515625 0.69140625 0.0296875 0.04140625
0 0.58828125 0.11875 0.0296875 0.05
0 0.6015625 0.20625 0.025 0.04609375
0 0.2 0.39296875 0.0359375 0.04609375
0 0.03984375 0.22890625 0.0328125 0.0375
0 0.85625 0.22421875 0.0375 0.04375
0 0.50546875 0.73046875 0.0421875 0.04375
1 0.57109375 0.13359375 0.0890625 0.1125
1 0.3203125 0.21015625 0.103125 0.09609375