0 0.26484375 0.43515625 0.0265625 0.0375
0 0.23828125 0.57734375 0.0265625 0.0375
0 0.24140625 0.85625 0.0265625 0.0375
0 0.19453125 0.84609375 0.0265625 0.0375
0 0.08359375 0.80625 0.0265625 0.0375
0 0.01328125 0.76953125 0.0265625 0.0375
0 0.13515625 0.18984375 0.0265625 0.0375
0 0.3046875 0.25 0.0265625 0.04140625
0 0.24453125 0.15390625 0.0265625 0.0375
0 0.28125 0.221875 0.0265625 0.0375
0 0.2703125 0.359375 0.0265625 0.0375
0 0.01484375 0.590625 0.0234375 0.05234375
0 0.534375 0.97421875 0.0265625 0.0375
0 0.62734375 0.60390625 0.0265625 0.0375
0 0.48828125 0.86875 0.0265625 0.0375
0 0.84296875 0.85625 0.0265625 0.0375
0 0.83359375 0.98125 0.0265625 0.0375
0 0.85078125 0.75390625 0.0265625 0.0375
0 0.828125 0.43671875 0.025 0.03984375
0 0.865625 0.409375 0.025 0.03984375
0 0.659375 0.19609375 0.0265625 0.03359375
0 0.765625 0.09140625 0.0265625 0.03359375
0 0.71015625 0.63515625 0.0265625 0.03359375
0 0.55703125 0.55 0.0296875 0.03359375
0 0.47734375 0.41484375 0.0265625 0.03359375
0 0.6671875 0.51875 0.028125 0.0375
0 0.56328125 0.0125 0.0234375 0.025
0 0.96484375 0.88359375 0.0234375 0.03515625
0 0.58828125 0.11875 0.0296875 0.05
0 0.6015625 0.20625 0.025 0.04609375
0 0.85625 0.22421875 0.0375 0.04375
0 0.87109375 0.15625 0.0328125 0.04140625
0 0.49453125 0.746875 0.0421875 0.04375
0 0.50234375 0.02890625 0.025 0.02734375
0 0.50859375 0.01484375 0.0296875 0.01875
0 0.36484375 0.034375 0.0234375 0.02734375
1 0.57109375 0.13359375 0.0890625 0.1125
1 0.3203125 0.21015625 0.103125 0.09609375