0 0.26484375 0.43515625 0.0265625 0.0375
0 0.23828125 0.57734375 0.0265625 0.0375
0 0.24140625 0.85625 0.0265625 0.0375
0 0.19453125 0.84609375 0.0265625 0.0375
0 0.08359375 0.80625 0.0265625 0.0375
0 0.00859375 0.78203125 0.0171875 0.03359375
0 0.13515625 0.18984375 0.0265625 0.0375
0 0.30859375 0.24609375 0.0265625 0.04140625
0 0.24296875 0.159375 0.0265625 0.0375
0 0.28046875 0.22265625 0.0265625 0.0375
0 0.25859375 0.365625 0.0265625 0.0375
0 0.53515625 0.975 0.0265625 0.0375
0 0.628125 0.60625 0.0265625 0.0375
0 0.48828125 0.86875 0.0265625 0.0375
0 0.84296875 0.85625 0.0265625 0.0375
0 0.83359375 0.98125 0.0265625 0.0375
0 0.8484375 0.75390625 0.0265625 0.0375
0 0.828125 0.43671875 0.025 0.03984375
0 0.865625 0.409375 0.025 0.03984375
0 0.653125 0.21328125 0.0265625 0.03359375
0 0.7640625 0.09609375 0.0265625 0.03359375
0 0.71015625 0.63515625 0.0265625 0.03359375
0 0.55078125 0.56796875 0.0296875 0.03359375
0 0.47421875 0.41953125 0.0265625 0.03359375
0 0.6859375 0.47890625 0.028125 0.0375
0 0.95859375 0.90390625 0.0234375 0.03515625
0 0.58828125 0.11875 0.0296875 0.05
0 0.6015625 0.20625 0.025 0.04609375
0 0.85625 0.22421875 0.0375 0.04375
0 0.80703125 0.10390625 0.0296875 0.03359375
0 0.49375 0.74765625 0.0421875 0.04375
0 0.496875 0.034375 0.025 0.02734375
0 0.50703125 0.01640625 0.0296875 0.02109375
0 0.3625 0.04140625 0.0234375 0.02734375
1 0.57109375 0.13359375 0.0890625 0.1125
1 0.3203125 0.21015625 0.103125 0.09609375