0 0.73515625 0.43515625 0.0265625 0.0375
0 0.76171875 0.57734375 0.0265625 0.0375
0 0.759375 0.85625 0.0265625 0.0375
0 0.80546875 0.84609375 0.0265625 0.0375
0 0.91640625 0.80625 0.0265625 0.0375
0 0.86484375 0.18984375 0.0265625 0.0375
0 0.73203125 0.20234375 0.0265625 0.04140625
0 0.7859375 0.18125 0.0265625 0.0375
0 0.7328125 0.25390625 0.0265625 0.0375
0 0.77421875 0.39375 0.0265625 0.0375
0 0.46015625 0.98125 0.0265625 0.0375
0 0.36953125 0.61015625 0.0265625 0.0375
0 0.51171875 0.86875 0.0265625 0.0375
0 0.15703125 0.85625 0.0265625 0.0375
0 0.16640625 0.98125 0.0265625 0.0375
0 0.159375 0.76328125 0.0265625 0.0375
0 0.171875 0.43671875 0.025 0.03984375
0 0.1359375 0.409375 0.025 0.03984375
0 0.37109375 0.2375 0.0265625 0.03359375
0 0.25546875 0.134375 0.0265625 0.03359375
0 0.28984375 0.63515625 0.0265625 0.03359375
0 0.4953125 0.60546875 0.0296875 0.03359375
0 0.540625 0.46171875 0.0265625 0.03359375
0 0.41171875 0.11875 0.0296875 0.05
0 0.3984375 0.20625 0.025 0.04609375
0 0.14375 0.22421875 0.0375 0.04375
0 0.51328125 0.75703125 0.0421875 0.04375
0 0.22890625 0.89765625 0.0296875 0.03984375
0 0.80078125 0.83984375 0.025 0.03984375
0 0.5171875 0.04921875 0.025 0.02734375
0 0.490625 0.02734375 0.0296875 0.03125
0 0.64296875 0.06328125 0.0234375 0.02734375
0 0.2453125 0.23671875 0.034375 0.03984375
0 0.02265625 0.02890625 0.0234375 0.03125
1 0.42890625 0.13359375 0.0890625 0.1125
1 0.6796875 0.21015625 0.103125 0.09609375