0 0.73125 0.43125 0.0265625 0.0375
0 0.76171875 0.57734375 0.0265625 0.0375
0 0.7578125 0.85625 0.0265625 0.0375
0 0.80546875 0.84609375 0.0265625 0.0375
0 0.91640625 0.80625 0.0265625 0.0375
0 0.9796875 0.74765625 0.0265625 0.0375
0 0.86484375 0.18984375 0.0265625 0.0375
0 0.778125 0.18515625 0.0265625 0.04140625
0 0.73671875 0.12734375 0.0265625 0.0375
0 0.7171875 0.21953125 0.0265625 0.0375
0 0.70703125 0.32734375 0.0265625 0.0375
0 0.79453125 0.52890625 0.028125 0.04609375
0 0.44921875 0.93984375 0.0265625 0.0375
0 0.36171875 0.57734375 0.0265625 0.0375
0 0.51171875 0.86875 0.0265625 0.0375
0 0.1546875 0.84921875 0.0265625 0.0375
0 0.1640625 0.97421875 0.0265625 0.0375
0 0.14765625 0.75234375 0.0265625 0.0375
0 0.171875 0.43671875 0.025 0.03984375
0 0.1328125 0.409375 0.025 0.03984375
0 0.3359375 0.17109375 0.0265625 0.03359375
0 0.2265625 0.07734375 0.0265625 0.03359375
0 0.28984375 0.63515625 0.0265625 0.03359375
0 0.41953125 0.51484375 0.0265625 0.03359375
0 0.50703125 0.40546875 0.0265625 0.03359375
0 0.9921875 0.2875 0.015625 0.03359375
0 0.59140625 0.45546875 0.028125 0.0375
0 0.22578125 0.28515625 0.0265625 0.03359375
0 0.0171875 0.828125 0.0203125 0.03515625
0 0.18828125 0.93984375 0.0328125 0.04140625
0 0.41171875 0.11875 0.0296875 0.05
0 0.3984375 0.20625 0.025 0.04609375
0 0.909375 0.23671875 0.0359375 0.04609375
0 0.14375 0.22421875 0.0375 0.04375
0 0.4984375 0.73671875 0.0421875 0.04375
0 0.56015625 0.03515625 0.0234375 0.02890625
0 0.50078125 0.01953125 0.025 0.02734375
0 0.646875 0.1 0.028125 0.0375
0 0.47734375 0.01015625 0.0296875 0.01875
0 0.63359375 0.01015625 0.0234375 0.0203125
1 0.42890625 0.13359375 0.0890625 0.1125
1 0.6796875 0.21015625 0.103125 0.09609375