0 0.7296875 0.42890625 0.0265625 0.0375
0 0.76171875 0.57734375 0.0265625 0.0375
0 0.75703125 0.85625 0.0265625 0.0375
0 0.80546875 0.84609375 0.0265625 0.0375
0 0.91640625 0.80625 0.0265625 0.0375
0 0.97734375 0.74296875 0.0265625 0.0375
0 0.86484375 0.18984375 0.0265625 0.0375
0 0.7796875 0.184375 0.0265625 0.04140625
0 0.72890625 0.12109375 0.0265625 0.0375
0 0.7171875 0.21953125 0.0265625 0.0375
0 0.7015625 0.32109375 0.0265625 0.0375
0 0.771875 0.46875 0.028125 0.04609375
0 0.44296875 0.925 0.0265625 0.0375
0 0.36171875 0.57421875 0.0265625 0.0375
0 0.51171875 0.86875 0.0265625 0.0375
0 0.15390625 0.846875 0.0265625 0.0375
0 0.16328125 0.971875 0.0265625 0.0375
0 0.146875 0.75078125 0.0265625 0.0375
0 0.171875 0.43671875 0.025 0.03984375
0 0.1328125 0.409375 0.025 0.03984375
0 0.334375 0.16328125 0.0265625 0.03359375
0 0.22578125 0.07421875 0.0265625 0.03359375
0 0.28984375 0.63515625 0.0265625 0.03359375
0 0.415625 0.50546875 0.0265625 0.03359375
0 0.503125 0.40390625 0.0265625 0.03359375
0 0.98828125 0.27421875 0.0234375 0.03359375
0 0.621875 0.43828125 0.028125 0.0375
0 0.22734375 0.39609375 0.0265625 0.03359375
0 0.0125 0.81328125 0.015625 0.03515625
0 0.24921875 0.83125 0.0296875 0.04140625
0 0.41171875 0.11875 0.0296875 0.05
0 0.3984375 0.20625 0.025 0.04609375
0 0.840625 0.315625 0.0359375 0.04609375
0 0.14375 0.22421875 0.0375 0.04375
0 0.49609375 0.73203125 0.0421875 0.04375
0 0.66953125 0.03359375 0.0234375 0.02890625
0 0.503125 0.01796875 0.025 0.02734375
0 0.5375 0.01171875 0.0296875 0.02265625
1 0.42890625 0.13359375 0.0890625 0.1125
1 0.6796875 0.21015625 0.103125 0.09609375