0 0.26484375 0.43515625 0.0265625 0.0375
0 0.23828125 0.57734375 0.0265625 0.0375
0 0.2421875 0.85625 0.0265625 0.0375
0 0.19453125 0.84609375 0.0265625 0.0375
0 0.08359375 0.80625 0.0265625 0.0375
0 0.0171875 0.759375 0.0265625 0.0375
0 0.13515625 0.18984375 0.0265625 0.0375
0 0.25546875 0.21484375 0.0265625 0.04140625
0 0.2515625 0.14296875 0.0265625 0.0375
0 0.28203125 0.22109375 0.0265625 0.0375
0 0.2796875 0.34453125 0.0265625 0.0375
0 0.1234375 0.521875 0.028125 0.05
0 0.53515625 0.96953125 0.0265625 0.0375
0 0.6328125 0.59296875 0.0265625 0.0375
0 0.48828125 0.86875 0.0265625 0.0375
0 0.84375 0.853125 0.0265625 0.0375
0 0.834375 0.978125 0.0265625 0.0375
0 0.8515625 0.753125 0.0265625 0.0375
0 0.828125 0.43671875 0.025 0.03984375
0 0.86640625 0.409375 0.025 0.03984375
0 0.66171875 0.18203125 0.0265625 0.03359375
0 0.76953125 0.084375 0.0265625 0.03359375
0 0.71015625 0.63515625 0.0265625 0.03359375
0 0.56875 0.53359375 0.028125 0.03359375
0 0.48359375 0.40625 0.0265625 0.03359375
0 0.55390625 0.515625 0.028125 0.0375
0 0.703125 0.090625 0.0265625 0.03359375
0 0.97578125 0.85859375 0.0234375 0.03515625
0 0.58828125 0.11875 0.0296875 0.05
0 0.6015625 0.20625 0.025 0.04609375
0 0.85625 0.22421875 0.0375 0.04375
0 0.9453125 0.28828125 0.0390625 0.04140625
0 0.496875 0.74375 0.0421875 0.04375
0 0.50390625 0.02421875 0.025 0.02734375
0 0.16171875 0.30234375 0.028125 0.0375
0 0.515625 0.0125 0.0296875 0.01875
0 0.36796875 0.021875 0.0234375 0.02734375
1 0.57109375 0.13359375 0.0890625 0.1125
1 0.3203125 0.21015625 0.103125 0.09609375