0 0.7265625 0.42109375 0.0265625 0.0375
0 0.76171875 0.578125 0.0265625 0.0375
0 0.75625 0.85390625 0.0265625 0.0375
0 0.80546875 0.84609375 0.0265625 0.0375
0 0.91640625 0.80625 0.0265625 0.0375
0 0.9734375 0.73046875 0.0265625 0.0375
0 0.86484375 0.18984375 0.0265625 0.0375
0 0.78203125 0.16328125 0.0265625 0.0375
0 0.70390625 0.10546875 0.0265625 0.0375
0 0.715625 0.21796875 0.0265625 0.0375
0 0.6875 0.309375 0.0265625 0.0375
0 0.67109375 0.2875 0.0265625 0.04140625
0 0.425 0.8875 0.0265625 0.0375
0 0.35703125 0.56796875 0.0265625 0.0375
0 0.51171875 0.86875 0.0265625 0.0375
0 0.27265625 0.81484375 0.0234375 0.0375
0 0.15234375 0.84140625 0.0265625 0.0375
0 0.16171875 0.96640625 0.0265625 0.0375
0 0.1453125 0.74921875 0.0265625 0.0375
0 0.01328125 0.846875 0.0265625 0.04375
0 0.171875 0.43671875 0.025 0.03984375
0 0.13203125 0.409375 0.025 0.03984375
0 0.3671875 0.115625 0.0234375 0.03515625
0 0.3296875 0.14375 0.0265625 0.03359375
0 0.228125 0.06796875 0.0265625 0.03359375
0 0.2890625 0.63671875 0.0265625 0.03359375
0 0.409375 0.490625 0.0265625 0.03359375
0 0.5015625 0.38828125 0.0265625 0.03359375
0 0.98515625 0.23984375 0.0265625 0.03359375
0 0.80390625 0.271875 0.028125 0.0375
0 0.2234375 0.66796875 0.0265625 0.03359375
0 0.0078125 0.77578125 0.015625 0.03515625
0 0.36953125 0.48671875 0.025 0.03359375
0 0.41171875 0.11875 0.0296875 0.05
0 0.3984375 0.20625 0.025 0.04609375
0 0.74453125 0.55 0.0359375 0.04609375
0 0.63828125 0.51875 0.0328125 0.0375
0 0.14375 0.22421875 0.0375 0.04375
0 0.48984375 0.72421875 0.0421875 0.04375
1 0.42890625 0.13359375 0.0890625 0.1125
1 0.6796875 0.21015625 0.103125 0.09609375