0 0.73515625 0.43515625 0.0265625 0.0375
0 0.76171875 0.57734375 0.0265625 0.0375
0 0.7578125 0.85625 0.0265625 0.0375
0 0.80546875 0.84609375 0.0265625 0.0375
0 0.91640625 0.80625 0.0265625 0.0375
0 0.98515625 0.765625 0.0265625 0.0375
0 0.86484375 0.18984375 0.0265625 0.0375
0 0.7203125 0.23828125 0.0265625 0.04140625
0 0.75390625 0.15 0.0265625 0.0375
0 0.71875 0.221875 0.0265625 0.0375
0 0.72578125 0.353125 0.0265625 0.0375
0 0.94765625 0.54453125 0.028125 0.05
0 0.465625 0.97421875 0.0265625 0.0375
0 0.37109375 0.60078125 0.0265625 0.0375
0 0.51171875 0.86875 0.0265625 0.0375
0 0.15625 0.85546875 0.0265625 0.0375
0 0.165625 0.98046875 0.0265625 0.0375
0 0.14921875 0.75390625 0.0265625 0.0375
0 0.171875 0.43671875 0.025 0.03984375
0 0.13359375 0.409375 0.025 0.03984375
0 0.3390625 0.1875 0.0265625 0.03359375
0 0.2328125 0.08828125 0.0265625 0.03359375
0 0.28984375 0.63515625 0.0265625 0.03359375
0 0.43828125 0.54296875 0.0296875 0.03359375
0 0.5203125 0.41015625 0.0265625 0.03359375
0 0.35703125 0.56796875 0.028125 0.0375
0 0.37734375 0.06484375 0.0265625 0.03359375
0 0.0265625 0.86875 0.0234375 0.03515625
0 0.41171875 0.11875 0.0296875 0.05
0 0.3984375 0.20625 0.025 0.04609375
0 0.14375 0.22421875 0.0375 0.04375
0 0.09296875 0.21796875 0.0328125 0.04375
0 0.5046875 0.74609375 0.0421875 0.04375
0 0.49375 0.02578125 0.025 0.02734375
0 0.9640625 0.28671875 0.0296875 0.03984375
0 0.48828125 0.01484375 0.0296875 0.01875
0 0.63359375 0.02890625 0.0234375 0.02734375
1 0.42890625 0.13359375 0.0890625 0.1125
1 0.6796875 0.21015625 0.103125 0.09609375