0 0.73515625 0.56484375 0.0265625 0.0375
0 0.76171875 0.42265625 0.0265625 0.0375
0 0.75859375 0.14375 0.0265625 0.0375
0 0.80546875 0.15390625 0.0265625 0.0375
0 0.91640625 0.19375 0.0265625 0.0375
0 0.99140625 0.21875 0.0171875 0.03359375
0 0.86484375 0.81015625 0.0265625 0.0375
0 0.6890625 0.75234375 0.0265625 0.04140625
0 0.75625 0.84140625 0.0265625 0.0375
0 0.71953125 0.77734375 0.0265625 0.0375
0 0.73984375 0.63515625 0.0265625 0.0375
0 0.46484375 0.025 0.0265625 0.0375
0 0.371875 0.39453125 0.0265625 0.0375
0 0.51171875 0.13125 0.0265625 0.0375
0 0.15703125 0.14375 0.0265625 0.0375
0 0.16640625 0.01875 0.0265625 0.0375
0 0.1515625 0.24609375 0.0265625 0.0375
0 0.171875 0.56328125 0.025 0.03984375
0 0.134375 0.590625 0.025 0.03984375
0 0.34609375 0.7875 0.0265625 0.03359375
0 0.2359375 0.90546875 0.0265625 0.03359375
0 0.28984375 0.36484375 0.0265625 0.03359375
0 0.4484375 0.434375 0.0296875 0.03359375
0 0.52578125 0.58125 0.0265625 0.03359375
0 0.28828125 0.48828125 0.028125 0.0375
0 0.040625 0.09765625 0.0234375 0.03515625
0 0.41171875 0.88125 0.0296875 0.05
0 0.3984375 0.79375 0.025 0.04609375
0 0.14375 0.77578125 0.0375 0.04375
0 0.18203125 0.92421875 0.0296875 0.03359375
0 0.50625 0.25234375 0.0421875 0.04375
0 0.50234375 0.965625 0.025 0.02734375
0 0.49296875 0.98359375 0.0296875 0.02109375
0 0.63671875 0.959375 0.0234375 0.02734375
1 0.42890625 0.86640625 0.0890625 0.1125
1 0.6796875 0.78984375 0.103125 0.09609375