0 0.26484375 0.56484375 0.0265625 0.0375
0 0.23828125 0.42265625 0.0265625 0.0375
0 0.23984375 0.14375 0.0265625 0.0375
0 0.19453125 0.15390625 0.0265625 0.0375
0 0.08359375 0.19375 0.0265625 0.0375
0 0.13515625 0.81015625 0.0265625 0.0375
0 0.23046875 0.79765625 0.0265625 0.04140625
0 0.2109375 0.8125 0.0265625 0.0375
0 0.26640625 0.740625 0.0265625 0.0375
0 0.221875 0.603125 0.0265625 0.0375
0 0.53984375 0.01875 0.0265625 0.0375
0 0.6296875 0.39140625 0.0265625 0.0375
0 0.48828125 0.13125 0.0265625 0.0375
0 0.84296875 0.14375 0.0265625 0.0375
0 0.83359375 0.01875 0.0265625 0.0375
0 0.84140625 0.228125 0.0265625 0.0375
0 0.828125 0.56328125 0.025 0.03984375
0 0.8640625 0.590625 0.025 0.03984375
0 0.62890625 0.76171875 0.0265625 0.03359375
0 0.7375 0.85546875 0.0265625 0.03359375
0 0.71015625 0.36484375 0.0265625 0.03359375
0 0.49921875 0.39140625 0.0296875 0.03359375
0 0.459375 0.534375 0.0265625 0.03359375
0 0.58828125 0.88125 0.0296875 0.05
0 0.6015625 0.79375 0.025 0.04609375
0 0.85625 0.77578125 0.0375 0.04375
0 0.4859375 0.24140625 0.0421875 0.04375
0 0.73046875 0.07265625 0.0296875 0.03984375
0 0.21328125 0.19609375 0.025 0.03984375
0 0.48203125 0.95 0.025 0.02734375
0 0.509375 0.971875 0.0296875 0.03125
0 0.35703125 0.93671875 0.0234375 0.02734375
0 0.75546875 0.703125 0.034375 0.03984375
0 0.97421875 0.965625 0.0234375 0.03515625
1 0.57109375 0.86640625 0.0890625 0.1125
1 0.3203125 0.78984375 0.103125 0.09609375