0 0.73515625 0.43515625 0.0265625 0.0375
0 0.76171875 0.57734375 0.0265625 0.0375
0 0.7578125 0.85625 0.0265625 0.0375
0 0.80546875 0.84609375 0.0265625 0.0375
0 0.91640625 0.80625 0.0265625 0.0375
0 0.98359375 0.76015625 0.0265625 0.0375
0 0.86484375 0.18984375 0.0265625 0.0375
0 0.74453125 0.20703125 0.0265625 0.04140625
0 0.7484375 0.14296875 0.0265625 0.0375
0 0.71796875 0.22109375 0.0265625 0.0375
0 0.72109375 0.34609375 0.0265625 0.0375
0 0.88125 0.52265625 0.028125 0.05
0 0.465625 0.97109375 0.0265625 0.0375
0 0.36796875 0.59375 0.0265625 0.0375
0 0.51171875 0.86875 0.0265625 0.0375
0 0.15625 0.853125 0.0265625 0.0375
0 0.165625 0.978125 0.0265625 0.0375
0 0.1484375 0.753125 0.0265625 0.0375
0 0.171875 0.43671875 0.025 0.03984375
0 0.13359375 0.409375 0.025 0.03984375
0 0.33828125 0.18359375 0.0265625 0.03359375
0 0.23046875 0.08515625 0.0265625 0.03359375
0 0.28984375 0.63515625 0.0265625 0.03359375
0 0.43203125 0.534375 0.028125 0.03359375
0 0.5171875 0.40625 0.0265625 0.03359375
0 0.43828125 0.53515625 0.028125 0.0375
0 0.31171875 0.10234375 0.0265625 0.03359375
0 0.02421875 0.859375 0.0234375 0.03515625
0 0.41171875 0.11875 0.0296875 0.05
0 0.3984375 0.20625 0.025 0.04609375
0 0.14375 0.22421875 0.0375 0.04375
0 0.05546875 0.27109375 0.0328125 0.04140625
0 0.503125 0.74375 0.0421875 0.04375
0 0.49609375 0.02421875 0.025 0.02734375
0 0.85625 0.28125 0.028125 0.0375
0 0.48515625 0.0125 0.0296875 0.01875
0 0.63203125 0.02265625 0.0234375 0.02734375
0 0.87734375 0.01171875 0.0265625 0.02265625
1 0.42890625 0.13359375 0.0890625 0.1125
1 0.6796875 0.21015625 0.103125 0.09609375