0 0.26484375 0.43515625 0.0265625 0.0375
0 0.23828125 0.57734375 0.0265625 0.0375
0 0.2421875 0.85625 0.0265625 0.0375
0 0.19453125 0.84609375 0.0265625 0.0375
0 0.08359375 0.80625 0.0265625 0.0375
0 0.015625 0.7625 0.0265625 0.0375
0 0.13515625 0.18984375 0.0265625 0.0375
0 0.2640625 0.22890625 0.0265625 0.04140625
0 0.24921875 0.14609375 0.0265625 0.0375
0 0.28203125 0.22109375 0.0265625 0.0375
0 0.27734375 0.34765625 0.0265625 0.0375
0 0.08671875 0.56328125 0.028125 0.05
0 0.53359375 0.97265625 0.0265625 0.0375
0 0.63125 0.59609375 0.0265625 0.0375
0 0.48828125 0.86875 0.0265625 0.0375
0 0.84375 0.85390625 0.0265625 0.0375
0 0.834375 0.97890625 0.0265625 0.0375
0 0.8515625 0.753125 0.0265625 0.0375
0 0.828125 0.43671875 0.025 0.03984375
0 0.86640625 0.409375 0.025 0.03984375
0 0.6609375 0.184375 0.0265625 0.03359375
0 0.76875 0.08671875 0.0265625 0.03359375
0 0.71015625 0.63515625 0.0265625 0.03359375
0 0.565625 0.5375 0.028125 0.03359375
0 0.48125 0.40703125 0.0265625 0.03359375
0 0.6078125 0.52578125 0.028125 0.0375
0 0.6734375 0.08046875 0.0265625 0.03359375
0 0.975 0.8625 0.0234375 0.03515625
0 0.58828125 0.11875 0.0296875 0.05
0 0.6015625 0.20625 0.025 0.04609375
0 0.85625 0.22421875 0.0375 0.04375
0 0.91875 0.25078125 0.0328125 0.04140625
0 0.49609375 0.74453125 0.0421875 0.04375
0 0.5046875 0.025 0.025 0.02734375
0 0.1015625 0.28828125 0.0296875 0.03984375
0 0.5140625 0.01328125 0.0296875 0.01875
0 0.3671875 0.025 0.0234375 0.02734375
0 0.0796875 0.0625 0.0296875 0.03359375
1 0.57109375 0.13359375 0.0890625 0.1125
1 0.3203125 0.21015625 0.103125 0.09609375