0 0.26484375 0.56484375 0.0265625 0.0375
0 0.23828125 0.42265625 0.0265625 0.0375
0 0.240625 0.14375 0.0265625 0.0375
0 0.19453125 0.15390625 0.0265625 0.0375
0 0.08359375 0.19375 0.0265625 0.0375
0 0.13515625 0.81015625 0.0265625 0.0375
0 0.28203125 0.80390625 0.0265625 0.04140625
0 0.21640625 0.821875 0.0265625 0.0375
0 0.26796875 0.74921875 0.0265625 0.0375
0 0.22734375 0.61171875 0.0265625 0.0375
0 0.53984375 0.01875 0.0265625 0.0375
0 0.63125 0.38828125 0.0265625 0.0375
0 0.48828125 0.13125 0.0265625 0.0375
0 0.84296875 0.14375 0.0265625 0.0375
0 0.83359375 0.01875 0.0265625 0.0375
0 0.83671875 0.24453125 0.0265625 0.0375
0 0.828125 0.56328125 0.025 0.03984375
0 0.8640625 0.590625 0.025 0.03984375
0 0.6296875 0.7625 0.0265625 0.03359375
0 0.75 0.87265625 0.0265625 0.03359375
0 0.71015625 0.36484375 0.0265625 0.03359375
0 0.50859375 0.39609375 0.0296875 0.03359375
0 0.46015625 0.54140625 0.0265625 0.03359375
0 0.91015625 0.0078125 0.0265625 0.015625
0 0.58828125 0.88125 0.0296875 0.05
0 0.6015625 0.79375 0.025 0.04609375
0 0.85625 0.77578125 0.0375 0.04375
0 0.4875 0.24375 0.0421875 0.04375
0 0.78828125 0.140625 0.0296875 0.03984375
0 0.18671875 0.14453125 0.025 0.03984375
0 0.02734375 0.19453125 0.0265625 0.03359375
0 0.4828125 0.95078125 0.025 0.02734375
0 0.50859375 0.97265625 0.0296875 0.03125
0 0.35703125 0.93671875 0.0234375 0.02734375
0 0.79140625 0.84375 0.034375 0.03984375
0 0.97890625 0.97265625 0.0234375 0.03125
1 0.57109375 0.86640625 0.0890625 0.1125
1 0.3203125 0.78984375 0.103125 0.09609375