0 0.728125 0.42578125 0.0265625 0.0375
0 0.76171875 0.57734375 0.0265625 0.0375
0 0.75703125 0.85625 0.0265625 0.0375
0 0.80546875 0.84609375 0.0265625 0.0375
0 0.91640625 0.80625 0.0265625 0.0375
0 0.97578125 0.73671875 0.0265625 0.0375
0 0.86484375 0.18984375 0.0265625 0.0375
0 0.77734375 0.17734375 0.0265625 0.0375
0 0.71953125 0.115625 0.0265625 0.0375
0 0.71640625 0.21875 0.0265625 0.0375
0 0.69453125 0.315625 0.0265625 0.0375
0 0.6875 0.42578125 0.0265625 0.04140625
0 0.43515625 0.90859375 0.0265625 0.0375
0 0.36015625 0.57109375 0.0265625 0.0375
0 0.51171875 0.86875 0.0265625 0.0375
0 0.05859375 0.93125 0.0234375 0.0375
0 0.153125 0.84453125 0.0265625 0.0375
0 0.1625 0.96953125 0.0265625 0.0375
0 0.14609375 0.75 0.0265625 0.0375
0 0.171875 0.43671875 0.025 0.03984375
0 0.13203125 0.409375 0.025 0.03984375
0 0.33203125 0.15546875 0.0265625 0.03359375
0 0.22734375 0.071875 0.0265625 0.03359375
0 0.28984375 0.63515625 0.0265625 0.03359375
0 0.41171875 0.49921875 0.0265625 0.03359375
0 0.50234375 0.396875 0.0265625 0.03359375
0 0.98671875 0.26484375 0.0265625 0.03359375
0 0.6890625 0.409375 0.028125 0.0375
0 0.24140625 0.5125 0.0265625 0.03359375
0 0.0078125 0.796875 0.0125 0.03515625
0 0.2921875 0.69140625 0.0296875 0.04140625
0 0.41171875 0.11875 0.0296875 0.05
0 0.3984375 0.20625 0.025 0.04609375
0 0.77734375 0.42265625 0.0359375 0.04609375
0 0.93671875 0.25234375 0.0328125 0.0375
0 0.14375 0.22421875 0.0375 0.04375
0 0.49375 0.72890625 0.0421875 0.04375
1 0.42890625 0.13359375 0.0890625 0.1125
1 0.6796875 0.21015625 0.103125 0.09609375