0 0.27421875 0.58359375 0.0265625 0.0375
0 0.23828125 0.41953125 0.0265625 0.0375
0 0.24453125 0.14921875 0.0265625 0.0375
0 0.19453125 0.15390625 0.0265625 0.0375
0 0.08359375 0.19375 0.0265625 0.0375
0 0.028125 0.27109375 0.0265625 0.0375
0 0.13515625 0.81015625 0.0265625 0.0375
0 0.2015625 0.85859375 0.0265625 0.0375
0 0.30390625 0.89921875 0.0265625 0.0375
0 0.284375 0.78203125 0.0265625 0.0375
0 0.31328125 0.69296875 0.0265625 0.0375
0 0.403125 0.796875 0.0265625 0.04140625
0 0.5796875 0.11875 0.0265625 0.0375
0 0.6453125 0.434375 0.0265625 0.0375
0 0.48828125 0.13125 0.0265625 0.0375
0 0.59609375 0.18359375 0.0265625 0.0375
0 0.8484375 0.16015625 0.0265625 0.0375
0 0.8390625 0.03515625 0.0265625 0.0375
0 0.8546875 0.25078125 0.0265625 0.0375
0 0.93046875 0.240625 0.0265625 0.04375
0 0.828125 0.56328125 0.025 0.03984375
0 0.86875 0.590625 0.025 0.03984375
0 0.6640625 0.85625 0.0234375 0.03515625
0 0.671875 0.8625 0.0265625 0.03359375
0 0.7703125 0.934375 0.0265625 0.03359375
0 0.71171875 0.3625 0.0265625 0.03359375
0 0.58984375 0.51484375 0.0265625 0.03359375
0 0.49921875 0.61328125 0.0265625 0.03359375
0 0.07890625 0.525 0.0296875 0.0375
0 0.0171875 0.775 0.0265625 0.03359375
0 0.1265625 0.73359375 0.028125 0.0375
0 0.75 0.24296875 0.0265625 0.03359375
0 0.98984375 0.22734375 0.0203125 0.03359375
0 0.615625 0.63203125 0.025 0.03515625
0 0.58828125 0.88125 0.0296875 0.05
0 0.6015625 0.79375 0.025 0.04609375
0 0.3171875 0.3375 0.0390625 0.04140625
0 0.596875 0.390625 0.028125 0.03515625
0 0.85625 0.77578125 0.0375 0.04375
0 0.51171875 0.28046875 0.0421875 0.04375