0 0.725 0.415625 0.0265625 0.0375
0 0.76171875 0.58125 0.0265625 0.0375
0 0.7546875 0.85078125 0.0265625 0.0375
0 0.80546875 0.84609375 0.0265625 0.0375
0 0.91640625 0.80625 0.0265625 0.0375
0 0.97109375 0.728125 0.0265625 0.0375
0 0.86484375 0.18984375 0.0265625 0.0375
0 0.79921875 0.1375 0.0265625 0.0375
0 0.69296875 0.09921875 0.0265625 0.0375
0 0.71484375 0.21640625 0.0265625 0.0375
0 0.6859375 0.30625 0.0265625 0.0375
0 0.60390625 0.17734375 0.0265625 0.04140625
0 0.41796875 0.87890625 0.0265625 0.0375
0 0.35390625 0.56484375 0.0265625 0.0375
0 0.51171875 0.86875 0.0265625 0.0375
0 0.43984375 0.80078125 0.0265625 0.0375
0 0.1515625 0.83984375 0.0265625 0.0375
0 0.1609375 0.96484375 0.0265625 0.0375
0 0.1453125 0.74921875 0.0265625 0.0375
0 0.0984375 0.709375 0.0265625 0.0375
0 0.171875 0.43671875 0.025 0.03984375
0 0.13125 0.409375 0.025 0.03984375
0 0.30390625 0.159375 0.0234375 0.03515625
0 0.32734375 0.13515625 0.0265625 0.03359375
0 0.2296875 0.06484375 0.0265625 0.03359375
0 0.2875 0.63828125 0.0265625 0.03359375
0 0.4109375 0.48359375 0.0265625 0.03359375
0 0.5 0.38515625 0.0265625 0.03359375
0 0.91171875 0.50390625 0.0296875 0.0375
0 0.98203125 0.22109375 0.0265625 0.03359375
0 0.9078125 0.26484375 0.028125 0.0375
0 0.26484375 0.79375 0.0265625 0.03359375
0 0.0109375 0.771875 0.021875 0.03359375
0 0.4171875 0.321875 0.025 0.03515625
0 0.41171875 0.11875 0.0296875 0.05
0 0.3984375 0.20625 0.025 0.04609375
0 0.66640625 0.696875 0.0390625 0.04140625
0 0.35625 0.61328125 0.028125 0.03515625
0 0.14375 0.22421875 0.0375 0.04375
0 0.4875 0.71875 0.0421875 0.04375