0 0.73515625 0.43515625 0.0265625 0.0375
0 0.76171875 0.57734375 0.0265625 0.0375
0 0.759375 0.85625 0.0265625 0.0375
0 0.80546875 0.84609375 0.0265625 0.0375
0 0.91640625 0.80625 0.0265625 0.0375
0 0.86484375 0.18984375 0.0265625 0.0375
0 0.71328125 0.20703125 0.0265625 0.04140625
0 0.78046875 0.17578125 0.0265625 0.0375
0 0.73125 0.25 0.0265625 0.0375
0 0.77109375 0.38515625 0.0265625 0.0375
0 0.4609375 0.98046875 0.0265625 0.0375
0 0.36796875 0.6125 0.0265625 0.0375
0 0.51171875 0.86875 0.0265625 0.0375
0 0.15703125 0.85625 0.0265625 0.0375
0 0.16640625 0.98125 0.0265625 0.0375
0 0.1625 0.75390625 0.0265625 0.0375
0 0.171875 0.43671875 0.025 0.03984375
0 0.1359375 0.409375 0.025 0.03984375
0 0.3703125 0.2375 0.0265625 0.03359375
0 0.24609375 0.12109375 0.0265625 0.03359375
0 0.28984375 0.63515625 0.0265625 0.03359375
0 0.48828125 0.60234375 0.0296875 0.03359375
0 0.53984375 0.45625 0.0265625 0.03359375
0 0.0875 0.9890625 0.025 0.021875
0 0.41171875 0.11875 0.0296875 0.05
0 0.3984375 0.20625 0.025 0.04609375
0 0.14375 0.22421875 0.0375 0.04375
0 0.5125 0.75625 0.0421875 0.04375
0 0.1828125 0.82265625 0.0296875 0.03984375
0 0.825 0.846875 0.025 0.03984375
0 0.93125 0.83203125 0.03125 0.03984375
0 0.51640625 0.04765625 0.025 0.02734375
0 0.49140625 0.02578125 0.0296875 0.03125
0 0.64296875 0.06328125 0.0234375 0.02734375
0 0.24375 0.153125 0.021875 0.03984375
0 0.01953125 0.02421875 0.021875 0.02890625
1 0.42890625 0.13359375 0.0890625 0.1125
1 0.6796875 0.21015625 0.103125 0.09609375