0 0.275 0.41484375 0.0265625 0.0375
0 0.23828125 0.58203125 0.0265625 0.0375
0 0.2453125 0.85 0.0265625 0.0375
0 0.19453125 0.84609375 0.0265625 0.0375
0 0.08359375 0.80625 0.0265625 0.0375
0 0.0296875 0.728125 0.0265625 0.0375
0 0.13515625 0.18984375 0.0265625 0.0375
0 0.19609375 0.12734375 0.0265625 0.0375
0 0.30859375 0.09765625 0.0265625 0.0375
0 0.28515625 0.21640625 0.0265625 0.0375
0 0.3140625 0.30546875 0.0265625 0.0375
0 0.40234375 0.13984375 0.0265625 0.04140625
0 0.5828125 0.87734375 0.0265625 0.0375
0 0.64609375 0.56328125 0.0265625 0.0375
0 0.48828125 0.86875 0.0265625 0.0375
0 0.53515625 0.8 0.0265625 0.0375
0 0.8484375 0.83828125 0.0265625 0.0375
0 0.8390625 0.96328125 0.0265625 0.0375
0 0.85546875 0.74765625 0.0265625 0.0375
0 0.92109375 0.68125 0.0265625 0.0375
0 0.828125 0.43671875 0.025 0.03984375
0 0.86875 0.409375 0.025 0.03984375
0 0.68671875 0.1625 0.0234375 0.03359375
0 0.6734375 0.13359375 0.0265625 0.03359375
0 0.7703125 0.06484375 0.0265625 0.03359375
0 0.7125 0.63828125 0.0265625 0.03359375
0 0.5890625 0.48203125 0.0265625 0.03359375
0 0.5 0.384375 0.0265625 0.03359375
0 0.13515625 0.53828125 0.0296875 0.0375
0 0.01796875 0.21875 0.0265625 0.03359375
0 0.078125 0.24453125 0.028125 0.03515625
0 0.74140625 0.80859375 0.0265625 0.03359375
0 0.98828125 0.77109375 0.0234375 0.03359375
0 0.57890625 0.29921875 0.025 0.03515625
0 0.58828125 0.11875 0.0296875 0.05
0 0.6015625 0.20625 0.025 0.04609375
0 0.34921875 0.73125 0.0390625 0.04140625
0 0.7078125 0.60546875 0.028125 0.03515625
0 0.85625 0.22421875 0.0375 0.04375
0 0.51328125 0.71796875 0.0421875 0.04375