0 0.26484375 0.43515625 0.0265625 0.0375
0 0.23828125 0.57734375 0.0265625 0.0375
0 0.240625 0.85625 0.0265625 0.0375
0 0.19453125 0.84609375 0.0265625 0.0375
0 0.08359375 0.80625 0.0265625 0.0375
0 0.00546875 0.81015625 0.0109375 0.03359375
0 0.13515625 0.18984375 0.0265625 0.0375
0 0.3046875 0.215625 0.0265625 0.04140625
0 0.2296875 0.17421875 0.0265625 0.0375
0 0.2703125 0.24453125 0.0265625 0.0375
0 0.23515625 0.38125 0.0265625 0.0375
0 0.53828125 0.97890625 0.0265625 0.0375
0 0.63125 0.61015625 0.0265625 0.0375
0 0.48828125 0.86875 0.0265625 0.0375
0 0.84296875 0.85625 0.0265625 0.0375
0 0.83359375 0.98125 0.0265625 0.0375
0 0.83984375 0.75390625 0.0265625 0.0375
0 0.828125 0.43671875 0.025 0.03984375
0 0.8640625 0.409375 0.025 0.03984375
0 0.63125 0.23671875 0.0265625 0.03359375
0 0.7546875 0.11171875 0.0265625 0.03359375
0 0.71015625 0.63515625 0.0265625 0.03359375
0 0.51875 0.6 0.0296875 0.03359375
0 0.46171875 0.44609375 0.0265625 0.03359375
0 0.99609375 0.378125 0.0078125 0.02265625
0 0.92578125 0.97578125 0.0234375 0.03515625
0 0.58828125 0.11875 0.0296875 0.05
0 0.6015625 0.20625 0.025 0.04609375
0 0.85625 0.22421875 0.0375 0.04375
0 0.4890625 0.75390625 0.0421875 0.04375
0 0.859375 0.68515625 0.0296875 0.03984375
0 0.15 0.928125 0.025 0.03984375
0 0.15 0.95625 0.03125 0.03984375
0 0.484375 0.046875 0.025 0.02734375
0 0.5078125 0.025 0.0296875 0.03125
0 0.35703125 0.06328125 0.0234375 0.02734375
0 0.753125 0.01796875 0.03125 0.03515625
0 0.9859375 0.015625 0.021875 0.025
1 0.57109375 0.13359375 0.0890625 0.1125
1 0.3203125 0.21015625 0.103125 0.09609375