0 0.275 0.584375 0.0265625 0.0375
0 0.23828125 0.41875 0.0265625 0.0375
0 0.2453125 0.14921875 0.0265625 0.0375
0 0.19453125 0.15390625 0.0265625 0.0375
0 0.08359375 0.19375 0.0265625 0.0375
0 0.02890625 0.271875 0.0265625 0.0375
0 0.13515625 0.81015625 0.0265625 0.0375
0 0.20078125 0.8625 0.0265625 0.0375
0 0.30625 0.90078125 0.0265625 0.0375
0 0.284375 0.78203125 0.0265625 0.0375
0 0.3140625 0.69375 0.0265625 0.0375
0 0.38515625 0.84375 0.0265625 0.04140625
0 0.58125 0.12109375 0.0265625 0.0375
0 0.6453125 0.43515625 0.0265625 0.0375
0 0.48828125 0.13125 0.0265625 0.0375
0 0.56640625 0.21875 0.0265625 0.0375
0 0.8484375 0.16015625 0.0265625 0.0375
0 0.8390625 0.03515625 0.0265625 0.0375
0 0.8546875 0.25078125 0.0265625 0.0375
0 0.91328125 0.25390625 0.0265625 0.0375
0 0.828125 0.56328125 0.025 0.03984375
0 0.86875 0.590625 0.025 0.03984375
0 0.68828125 0.85703125 0.0234375 0.03515625
0 0.67265625 0.86484375 0.0265625 0.03359375
0 0.7703125 0.93515625 0.0265625 0.03359375
0 0.7125 0.36171875 0.0265625 0.03359375
0 0.5890625 0.515625 0.0265625 0.03359375
0 0.5 0.61484375 0.0265625 0.03359375
0 0.0921875 0.47109375 0.0296875 0.0375
0 0.0171875 0.778125 0.0265625 0.03359375
0 0.1109375 0.73125 0.028125 0.0375
0 0.73515625 0.20703125 0.0265625 0.03359375
0 0.9890625 0.228125 0.021875 0.03359375
0 0.590625 0.66875 0.025 0.03515625
0 0.58828125 0.88125 0.0296875 0.05
0 0.6015625 0.79375 0.025 0.04609375
0 0.3234375 0.28671875 0.0390625 0.04140625
0 0.65 0.40703125 0.028125 0.03515625
0 0.85625 0.77578125 0.0375 0.04375
0 0.5125 0.28125 0.0421875 0.04375