0 0.27421875 0.41875 0.0265625 0.0375
0 0.23828125 0.57890625 0.0265625 0.0375
0 0.24453125 0.853125 0.0265625 0.0375
0 0.19453125 0.84609375 0.0265625 0.0375
0 0.08359375 0.80625 0.0265625 0.0375
0 0.02734375 0.72890625 0.0265625 0.0375
0 0.13515625 0.18984375 0.0265625 0.0375
0 0.20859375 0.146875 0.0265625 0.0375
0 0.3 0.103125 0.0265625 0.0375
0 0.284375 0.21796875 0.0265625 0.0375
0 0.31328125 0.30859375 0.0265625 0.0375
0 0.37578125 0.24609375 0.0265625 0.04140625
0 0.57734375 0.884375 0.0265625 0.0375
0 0.64453125 0.56640625 0.0265625 0.0375
0 0.48828125 0.86875 0.0265625 0.0375
0 0.66328125 0.82109375 0.0234375 0.0375
0 0.8484375 0.840625 0.0265625 0.0375
0 0.8390625 0.965625 0.0265625 0.0375
0 0.8546875 0.74921875 0.0265625 0.0375
0 0.94140625 0.79609375 0.0265625 0.04375
0 0.828125 0.43671875 0.025 0.03984375
0 0.86796875 0.409375 0.025 0.03984375
0 0.6375 0.15625 0.0234375 0.03515625
0 0.671875 0.13984375 0.0265625 0.03359375
0 0.77109375 0.06640625 0.0265625 0.03359375
0 0.71171875 0.6375 0.0265625 0.03359375
0 0.58984375 0.4875 0.0265625 0.03359375
0 0.49921875 0.3875 0.0265625 0.03359375
0 0.01484375 0.525 0.0296875 0.0375
0 0.015625 0.23203125 0.0265625 0.03359375
0 0.146875 0.27890625 0.028125 0.0375
0 0.78046875 0.72734375 0.0265625 0.03359375
0 0.990625 0.77421875 0.01875 0.03515625
0 0.6296875 0.42578125 0.025 0.03515625
0 0.58828125 0.11875 0.0296875 0.05
0 0.6015625 0.20625 0.025 0.04609375
0 0.27734375 0.60390625 0.0390625 0.04140625
0 0.4859375 0.56953125 0.028125 0.03515625
0 0.85625 0.22421875 0.0375 0.04375
0 0.5109375 0.721875 0.0421875 0.04375
1 0.57109375 0.13359375 0.0890625 0.1125
1 0.3203125 0.21015625 0.103125 0.09609375