0 0.27421875 0.41875 0.0265625 0.0375
0 0.23828125 0.57890625 0.0265625 0.0375
0 0.24453125 0.853125 0.0265625 0.0375
0 0.19453125 0.84609375 0.0265625 0.0375
0 0.08359375 0.80625 0.0265625 0.0375
0 0.02734375 0.72890625 0.0265625 0.0375
0 0.13515625 0.18984375 0.0265625 0.0375
0 0.2109375 0.15234375 0.0265625 0.0375
0 0.29921875 0.103125 0.0265625 0.0375
0 0.284375 0.21796875 0.0265625 0.0375
0 0.31328125 0.30859375 0.0265625 0.0375
0 0.36015625 0.2625 0.0265625 0.04140625
0 0.57734375 0.884375 0.0265625 0.0375
0 0.64375 0.56640625 0.0265625 0.0375
0 0.48828125 0.86875 0.0265625 0.0375
0 0.68515625 0.79140625 0.0234375 0.0375
0 0.8484375 0.840625 0.0265625 0.0375
0 0.8390625 0.965625 0.0265625 0.0375
0 0.8546875 0.74921875 0.0265625 0.0375
0 0.96875 0.81875 0.0265625 0.04375
0 0.828125 0.43671875 0.025 0.03984375
0 0.86796875 0.409375 0.025 0.03984375
0 0.63125 0.165625 0.0234375 0.03515625
0 0.67109375 0.140625 0.0265625 0.03359375
0 0.77109375 0.06640625 0.0265625 0.03359375
0 0.71171875 0.6375 0.0265625 0.03359375
0 0.58984375 0.48828125 0.0265625 0.03359375
0 0.49921875 0.3875 0.0265625 0.03359375
0 0.00625 0.509375 0.0125 0.03515625
0 0.015625 0.23359375 0.0265625 0.03359375
0 0.16640625 0.26953125 0.028125 0.0375
0 0.7765625 0.70625 0.0265625 0.03359375
0 0.990625 0.77421875 0.01875 0.03515625
0 0.6296875 0.453125 0.025 0.03515625
0 0.58828125 0.11875 0.0296875 0.05
0 0.6015625 0.20625 0.025 0.04609375
0 0.29453125 0.58125 0.0359375 0.04609375
0 0.46484375 0.55 0.0328125 0.0375
0 0.85625 0.22421875 0.0375 0.04375
0 0.5109375 0.721875 0.0421875 0.04375
1 0.57109375 0.13359375 0.0890625 0.1125
1 0.3203125 0.21015625 0.103125 0.09609375