0 0.26484375 0.56484375 0.0265625 0.0375
0 0.23828125 0.42265625 0.0265625 0.0375
0 0.2421875 0.14375 0.0265625 0.0375
0 0.19453125 0.15390625 0.0265625 0.0375
0 0.08359375 0.19375 0.0265625 0.0375
0 0.01640625 0.23984375 0.0265625 0.0375
0 0.13515625 0.81015625 0.0265625 0.0375
0 0.25546875 0.79375 0.0265625 0.04140625
0 0.2515625 0.85703125 0.0265625 0.0375
0 0.28203125 0.77890625 0.0265625 0.0375
0 0.27890625 0.65390625 0.0265625 0.0375
0 0.1171875 0.475 0.028125 0.05
0 0.534375 0.02890625 0.0265625 0.0375
0 0.63203125 0.40625 0.0265625 0.0375
0 0.48828125 0.13125 0.0265625 0.0375
0 0.84375 0.146875 0.0265625 0.0375
0 0.834375 0.021875 0.0265625 0.0375
0 0.8515625 0.246875 0.0265625 0.0375
0 0.828125 0.56328125 0.025 0.03984375
0 0.86640625 0.590625 0.025 0.03984375
0 0.66171875 0.81640625 0.0265625 0.03359375
0 0.76953125 0.91484375 0.0265625 0.03359375
0 0.71015625 0.36484375 0.0265625 0.03359375
0 0.56796875 0.465625 0.028125 0.03359375
0 0.4828125 0.59375 0.0265625 0.03359375
0 0.559375 0.4625 0.028125 0.0375
0 0.68828125 0.90078125 0.0265625 0.03359375
0 0.97578125 0.140625 0.0234375 0.03515625
0 0.58828125 0.88125 0.0296875 0.05
0 0.6015625 0.79375 0.025 0.04609375
0 0.85625 0.77578125 0.0375 0.04375
0 0.94765625 0.73125 0.0328125 0.04140625
0 0.496875 0.25625 0.0421875 0.04375
0 0.50390625 0.97578125 0.025 0.02734375
0 0.14375 0.72265625 0.028125 0.0375
0 0.51484375 0.9875 0.0296875 0.01875
0 0.36796875 0.97734375 0.0234375 0.02734375
0 0.1234375 0.98828125 0.0265625 0.02265625
1 0.57109375 0.86640625 0.0890625 0.1125
1 0.3203125 0.78984375 0.103125 0.09609375