0 0.275 0.58515625 0.0265625 0.0375
0 0.23828125 0.41796875 0.0265625 0.0375
0 0.2453125 0.15 0.0265625 0.0375
0 0.19453125 0.15390625 0.0265625 0.0375
0 0.08359375 0.19375 0.0265625 0.0375
0 0.0296875 0.271875 0.0265625 0.0375
0 0.13515625 0.81015625 0.0265625 0.0375
0 0.19453125 0.87421875 0.0265625 0.0375
0 0.309375 0.903125 0.0265625 0.0375
0 0.28515625 0.78359375 0.0265625 0.0375
0 0.3140625 0.69453125 0.0265625 0.0375
0 0.41640625 0.86328125 0.0265625 0.04140625
0 0.58359375 0.12265625 0.0265625 0.0375
0 0.64609375 0.43671875 0.0265625 0.0375
0 0.48828125 0.13125 0.0265625 0.0375
0 0.50546875 0.22890625 0.0265625 0.0375
0 0.84921875 0.16171875 0.0265625 0.0375
0 0.83984375 0.03671875 0.0265625 0.0375
0 0.85546875 0.25234375 0.0265625 0.0375
0 0.890625 0.30625 0.0265625 0.0375
0 0.828125 0.56328125 0.025 0.03984375
0 0.86875 0.590625 0.025 0.03984375
0 0.69140625 0.81875 0.0234375 0.03359375
0 0.6734375 0.86640625 0.0265625 0.03359375
0 0.7703125 0.93671875 0.0265625 0.03359375
0 0.7125 0.36171875 0.0265625 0.03359375
0 0.5890625 0.51796875 0.0265625 0.03359375
0 0.5 0.615625 0.0265625 0.03359375
0 0.15078125 0.44375 0.0265625 0.03359375
0 0.0171875 0.78203125 0.0265625 0.03359375
0 0.0734375 0.77421875 0.0265625 0.03359375
0 0.74140625 0.17734375 0.0265625 0.03359375
0 0.98828125 0.22890625 0.0234375 0.03359375
0 0.565625 0.71015625 0.025 0.03515625
0 0.58828125 0.88125 0.0296875 0.05
0 0.6015625 0.79375 0.025 0.04609375
0 0.3359375 0.259375 0.0390625 0.04140625
0 0.74375 0.39609375 0.028125 0.03515625
0 0.85625 0.77578125 0.0375 0.04375
0 0.51328125 0.28203125 0.0421875 0.04375