0 0.26484375 0.43515625 0.0265625 0.0375
0 0.23828125 0.57734375 0.0265625 0.0375
0 0.24140625 0.85625 0.0265625 0.0375
0 0.19453125 0.84609375 0.0265625 0.0375
0 0.08359375 0.80625 0.0265625 0.0375
0 0.00625 0.78515625 0.0125 0.03125
0 0.13515625 0.18984375 0.0265625 0.0375
0 0.30546875 0.24296875 0.0265625 0.04140625
0 0.24296875 0.16015625 0.0265625 0.0375
0 0.28046875 0.22265625 0.0265625 0.0375
0 0.25546875 0.36640625 0.0265625 0.0375
0 0.5359375 0.97578125 0.0265625 0.0375
0 0.628125 0.60625 0.0265625 0.0375
0 0.48828125 0.86875 0.0265625 0.0375
0 0.84296875 0.85625 0.0265625 0.0375
0 0.83359375 0.98125 0.0265625 0.0375
0 0.84765625 0.75390625 0.0265625 0.0375
0 0.828125 0.43671875 0.025 0.03984375
0 0.865625 0.409375 0.025 0.03984375
0 0.65078125 0.21796875 0.0265625 0.03359375
0 0.76328125 0.096875 0.0265625 0.03359375
0 0.71015625 0.63515625 0.0265625 0.03359375
0 0.54921875 0.57265625 0.0296875 0.03359375
0 0.4734375 0.42109375 0.0265625 0.03359375
0 0.6921875 0.45 0.028125 0.0375
0 0.95703125 0.91015625 0.0234375 0.03515625
0 0.58828125 0.11875 0.0296875 0.05
0 0.6015625 0.20625 0.025 0.04609375
0 0.85625 0.22421875 0.0375 0.04375
0 0.778125 0.06875 0.0296875 0.03359375
0 0.49296875 0.74921875 0.0421875 0.04375
0 0.4953125 0.03515625 0.025 0.02734375
0 0.50703125 0.01796875 0.0296875 0.02265625
0 0.3625 0.04375 0.0234375 0.02734375
1 0.57109375 0.13359375 0.0890625 0.1125
1 0.3203125 0.21015625 0.103125 0.09609375