0 0.7328125 0.56640625 0.0265625 0.0375
0 0.76171875 0.42265625 0.0265625 0.0375
0 0.7578125 0.14375 0.0265625 0.0375
0 0.80546875 0.15390625 0.0265625 0.0375
0 0.91640625 0.19375 0.0265625 0.0375
0 0.98125 0.24765625 0.0265625 0.0375
0 0.86484375 0.81015625 0.0265625 0.0375
0 0.76875 0.81484375 0.0265625 0.04140625
0 0.74140625 0.86640625 0.0265625 0.0375
0 0.71796875 0.77890625 0.0265625 0.0375
0 0.7125 0.665625 0.0265625 0.0375
0 0.8375 0.471875 0.028125 0.05
0 0.45546875 0.04765625 0.0265625 0.0375
0 0.36328125 0.41796875 0.0265625 0.0375
0 0.51171875 0.13125 0.0265625 0.0375
0 0.1546875 0.15 0.0265625 0.0375
0 0.1640625 0.025 0.0265625 0.0375
0 0.14765625 0.24765625 0.0265625 0.0375
0 0.171875 0.56328125 0.025 0.03984375
0 0.1328125 0.590625 0.025 0.03984375
0 0.33671875 0.82265625 0.0265625 0.03359375
0 0.228125 0.91953125 0.0265625 0.03359375
0 0.28984375 0.36484375 0.0265625 0.03359375
0 0.42421875 0.47734375 0.0265625 0.03359375
0 0.5109375 0.59453125 0.0265625 0.03359375
0 0.99375 0.70234375 0.0125 0.03515625
0 0.53125 0.5375 0.028125 0.0375
0 0.24453125 0.81875 0.0265625 0.03359375
0 0.02265625 0.15859375 0.0234375 0.03515625
0 0.41171875 0.88125 0.0296875 0.05
0 0.3984375 0.79375 0.025 0.04609375
0 0.94765625 0.85703125 0.0296875 0.03984375
0 0.14375 0.77578125 0.0375 0.04375
0 0.5 0.26015625 0.0421875 0.04375
0 0.49921875 0.978125 0.025 0.02734375
0 0.71875 0.82265625 0.028125 0.0375
0 0.48046875 0.98828125 0.0296875 0.01875
0 0.628125 0.98515625 0.0234375 0.02265625
1 0.42890625 0.86640625 0.0890625 0.1125
1 0.6796875 0.78984375 0.103125 0.09609375