0 0.725 0.584375 0.0265625 0.0375
0 0.76171875 0.41875 0.0265625 0.0375
0 0.7546875 0.14921875 0.0265625 0.0375
0 0.80546875 0.15390625 0.0265625 0.0375
0 0.91640625 0.19375 0.0265625 0.0375
0 0.97109375 0.271875 0.0265625 0.0375
0 0.86484375 0.81015625 0.0265625 0.0375
0 0.79921875 0.86171875 0.0265625 0.0375
0 0.69296875 0.90078125 0.0265625 0.0375
0 0.71484375 0.78359375 0.0265625 0.0375
0 0.6859375 0.69375 0.0265625 0.0375
0 0.60390625 0.82578125 0.0265625 0.04140625
0 0.41796875 0.12109375 0.0265625 0.0375
0 0.35390625 0.43515625 0.0265625 0.0375
0 0.51171875 0.13125 0.0265625 0.0375
0 0.43984375 0.203125 0.0265625 0.0375
0 0.1515625 0.16015625 0.0265625 0.0375
0 0.1609375 0.03515625 0.0265625 0.0375
0 0.1453125 0.25078125 0.0265625 0.0375
0 0.09453125 0.29375 0.0265625 0.0375
0 0.171875 0.56328125 0.025 0.03984375
0 0.13125 0.590625 0.025 0.03984375
0 0.30625 0.84140625 0.0234375 0.03515625
0 0.32734375 0.86484375 0.0265625 0.03359375
0 0.2296875 0.93515625 0.0265625 0.03359375
0 0.2875 0.36171875 0.0265625 0.03359375
0 0.4109375 0.51640625 0.0265625 0.03359375
0 0.5 0.61484375 0.0265625 0.03359375
0 0.9109375 0.49140625 0.0296875 0.0375
0 0.98203125 0.77890625 0.0265625 0.03359375
0 0.9046875 0.73671875 0.028125 0.0375
0 0.26796875 0.20546875 0.0265625 0.03359375
0 0.0109375 0.228125 0.021875 0.03359375
0 0.4203125 0.678125 0.025 0.03515625
0 0.41171875 0.88125 0.0296875 0.05
0 0.3984375 0.79375 0.025 0.04609375
0 0.67109375 0.3 0.0390625 0.04140625
0 0.35859375 0.38359375 0.028125 0.03515625
0 0.14375 0.77578125 0.0375 0.04375
0 0.4875 0.28125 0.0421875 0.04375