0 0.728125 0.42578125 0.0265625 0.0375
0 0.76171875 0.57734375 0.0265625 0.0375
0 0.75703125 0.85625 0.0265625 0.0375
0 0.80546875 0.84609375 0.0265625 0.0375
0 0.91640625 0.80625 0.0265625 0.0375
0 0.97578125 0.73671875 0.0265625 0.0375
0 0.86484375 0.18984375 0.0265625 0.0375
0 0.778125 0.17734375 0.0265625 0.0375
0 0.71875 0.11484375 0.0265625 0.0375
0 0.71640625 0.21875 0.0265625 0.0375
0 0.69375 0.31484375 0.0265625 0.0375
0 0.69765625 0.40234375 0.0265625 0.04140625
0 0.434375 0.90625 0.0265625 0.0375
0 0.36015625 0.57109375 0.0265625 0.0375
0 0.51171875 0.86875 0.0265625 0.0375
0 0.07109375 0.90390625 0.0234375 0.0375
0 0.153125 0.84453125 0.0265625 0.0375
0 0.1625 0.96953125 0.0265625 0.0375
0 0.14609375 0.75 0.0265625 0.0375
0 0.171875 0.43671875 0.025 0.03984375
0 0.13203125 0.409375 0.025 0.03984375
0 0.33203125 0.15390625 0.0265625 0.03359375
0 0.22734375 0.07109375 0.0265625 0.03359375
0 0.28984375 0.63515625 0.0265625 0.03359375
0 0.41171875 0.49921875 0.0265625 0.03359375
0 0.50234375 0.396875 0.0265625 0.03359375
0 0.98671875 0.2625 0.0265625 0.03359375
0 0.709375 0.41171875 0.028125 0.0375
0 0.253125 0.534375 0.0265625 0.03359375
0 0.00703125 0.79453125 0.0125 0.03515625
0 0.27421875 0.68203125 0.0296875 0.04140625
0 0.41171875 0.11875 0.0296875 0.05
0 0.3984375 0.20625 0.025 0.04609375
0 0.80078125 0.42109375 0.0359375 0.04609375
0 0.91484375 0.28984375 0.0328125 0.0375
0 0.14375 0.22421875 0.0375 0.04375
0 0.49375 0.72890625 0.0421875 0.04375
1 0.42890625 0.13359375 0.0890625 0.1125
1 0.6796875 0.21015625 0.103125 0.09609375