0 0.73046875 0.43125 0.0265625 0.0375
0 0.76171875 0.57734375 0.0265625 0.0375
0 0.7578125 0.85625 0.0265625 0.0375
0 0.80546875 0.84609375 0.0265625 0.0375
0 0.91640625 0.80625 0.0265625 0.0375
0 0.97890625 0.74609375 0.0265625 0.0375
0 0.86484375 0.18984375 0.0265625 0.0375
0 0.77890625 0.18515625 0.0265625 0.04140625
0 0.73515625 0.125 0.0265625 0.0375
0 0.7171875 0.21953125 0.0265625 0.0375
0 0.70625 0.32578125 0.0265625 0.0375
0 0.80546875 0.51796875 0.028125 0.04609375
0 0.44765625 0.93515625 0.0265625 0.0375
0 0.36171875 0.57578125 0.0265625 0.0375
0 0.51171875 0.86875 0.0265625 0.0375
0 0.1546875 0.84765625 0.0265625 0.0375
0 0.1640625 0.97265625 0.0265625 0.0375
0 0.146875 0.75078125 0.0265625 0.0375
0 0.171875 0.43671875 0.025 0.03984375
0 0.1328125 0.409375 0.025 0.03984375
0 0.33515625 0.16875 0.0265625 0.03359375
0 0.2265625 0.07578125 0.0265625 0.03359375
0 0.28984375 0.63515625 0.0265625 0.03359375
0 0.41796875 0.5125 0.0265625 0.03359375
0 0.50625 0.40390625 0.0265625 0.03359375
0 0.99140625 0.284375 0.0171875 0.03359375
0 0.6078125 0.46640625 0.028125 0.0375
0 0.234375 0.315625 0.0265625 0.03359375
0 0.01640625 0.82421875 0.01875 0.03515625
0 0.2015625 0.91484375 0.0390625 0.04140625
0 0.41171875 0.11875 0.0296875 0.05
0 0.3984375 0.20625 0.025 0.04609375
0 0.85703125 0.24140625 0.0359375 0.04609375
0 0.14375 0.22421875 0.0375 0.04375
0 0.49765625 0.73515625 0.0421875 0.04375
0 0.59375 0.11015625 0.0234375 0.02890625
0 0.5015625 0.01875 0.025 0.02734375
0 0.625 0.05703125 0.028125 0.0375
0 0.4765625 0.01015625 0.0296875 0.01875
1 0.42890625 0.13359375 0.0890625 0.1125
1 0.6796875 0.21015625 0.103125 0.09609375