0 0.275 0.41484375 0.0265625 0.0375
0 0.23828125 0.58203125 0.0265625 0.0375
0 0.2453125 0.85 0.0265625 0.0375
0 0.19453125 0.84609375 0.0265625 0.0375
0 0.08359375 0.80625 0.0265625 0.0375
0 0.0296875 0.728125 0.0265625 0.0375
0 0.13515625 0.18984375 0.0265625 0.0375
0 0.1953125 0.12578125 0.0265625 0.0375
0 0.309375 0.09765625 0.0265625 0.0375
0 0.28515625 0.21640625 0.0265625 0.0375
0 0.3140625 0.30546875 0.0265625 0.0375
0 0.409375 0.12890625 0.0265625 0.04140625
0 0.58359375 0.87734375 0.0265625 0.0375
0 0.64609375 0.56328125 0.0265625 0.0375
0 0.48828125 0.86875 0.0265625 0.0375
0 0.52265625 0.78515625 0.0265625 0.0375
0 0.8484375 0.83828125 0.0265625 0.0375
0 0.8390625 0.96328125 0.0265625 0.0375
0 0.85546875 0.74765625 0.0265625 0.0375
0 0.89765625 0.71015625 0.0265625 0.0375
0 0.828125 0.43671875 0.025 0.03984375
0 0.86875 0.409375 0.025 0.03984375
0 0.68828125 0.17109375 0.0234375 0.03359375
0 0.6734375 0.13359375 0.0265625 0.03359375
0 0.7703125 0.06328125 0.0265625 0.03359375
0 0.7125 0.63828125 0.0265625 0.03359375
0 0.5890625 0.48203125 0.0265625 0.03359375
0 0.5 0.384375 0.0265625 0.03359375
0 0.14921875 0.55390625 0.0296875 0.0375
0 0.0171875 0.21796875 0.0265625 0.03359375
0 0.07421875 0.23359375 0.0265625 0.03359375
0 0.74921875 0.81484375 0.0265625 0.03359375
0 0.98828125 0.77109375 0.0234375 0.03359375
0 0.57109375 0.29140625 0.025 0.03515625
0 0.58828125 0.11875 0.0296875 0.05
0 0.6015625 0.20625 0.025 0.04609375
0 0.34140625 0.72890625 0.0390625 0.04140625
0 0.7375 0.56953125 0.028125 0.03515625
0 0.85625 0.22421875 0.0375 0.04375
0 0.51328125 0.71796875 0.0421875 0.04375