0 0.72421875 0.58671875 0.0265625 0.0375
0 0.76171875 0.41796875 0.0265625 0.0375
0 0.75390625 0.15078125 0.0265625 0.0375
0 0.80546875 0.15390625 0.0265625 0.0375
0 0.91640625 0.19375 0.0265625 0.0375
0 0.9703125 0.27265625 0.0265625 0.0375
0 0.86484375 0.81015625 0.0265625 0.0375
0 0.80546875 0.88671875 0.0265625 0.0375
0 0.68828125 0.90390625 0.0265625 0.0375
0 0.71484375 0.78359375 0.0265625 0.0375
0 0.68515625 0.69453125 0.0265625 0.0375
0 0.5703125 0.88828125 0.0265625 0.03984375
0 0.41484375 0.125 0.0265625 0.0375
0 0.353125 0.43671875 0.0265625 0.0375
0 0.51171875 0.13125 0.0265625 0.0375
0 0.52109375 0.23984375 0.0265625 0.0375
0 0.15078125 0.16171875 0.0265625 0.0375
0 0.16015625 0.03671875 0.0265625 0.0375
0 0.14453125 0.25234375 0.0265625 0.0375
0 0.1109375 0.35859375 0.0265625 0.0375
0 0.171875 0.56328125 0.025 0.03984375
0 0.13125 0.590625 0.025 0.03984375
0 0.33203125 0.815625 0.0234375 0.03359375
0 0.3265625 0.86875 0.0265625 0.03359375
0 0.26015625 0.94609375 0.0265625 0.03359375
0 0.23046875 0.93671875 0.0265625 0.03359375
0 0.28671875 0.36015625 0.0265625 0.03359375
0 0.41171875 0.51875 0.0265625 0.03359375
0 0.49921875 0.615625 0.0265625 0.03359375
0 0.82421875 0.39921875 0.0265625 0.03359375
0 0.98359375 0.78359375 0.0265625 0.03359375
0 0.9265625 0.79921875 0.0265625 0.03359375
0 0.35 0.03046875 0.0265625 0.03359375
0 0.26171875 0.16484375 0.0265625 0.03359375
0 0.0125 0.23046875 0.025 0.03359375
0 0.4328125 0.740625 0.025 0.03515625
0 0.41171875 0.88125 0.0296875 0.05
0 0.3984375 0.79375 0.025 0.04609375
0 0.61640625 0.24140625 0.0390625 0.04140625
0 0.21640625 0.38359375 0.028125 0.03515625
0 0.14375 0.77578125 0.0375 0.04375
0 0.4859375 0.28359375 0.0421875 0.04375