0 0.26875 0.43125 0.0265625 0.0375
0 0.23828125 0.57734375 0.0265625 0.0375
0 0.2421875 0.85625 0.0265625 0.0375
0 0.19453125 0.84609375 0.0265625 0.0375
0 0.08359375 0.80625 0.0265625 0.0375
0 0.02109375 0.746875 0.0265625 0.0375
0 0.13515625 0.18984375 0.0265625 0.0375
0 0.22421875 0.17734375 0.0265625 0.04140625
0 0.2640625 0.12578125 0.0265625 0.0375
0 0.2828125 0.21953125 0.0265625 0.0375
0 0.29296875 0.32734375 0.0265625 0.0375
0 0.2046875 0.5125 0.028125 0.04609375
0 0.5515625 0.9375 0.0265625 0.0375
0 0.63828125 0.57734375 0.0265625 0.0375
0 0.48828125 0.86875 0.0265625 0.0375
0 0.8453125 0.84921875 0.0265625 0.0375
0 0.8359375 0.97421875 0.0265625 0.0375
0 0.85234375 0.75234375 0.0265625 0.0375
0 0.828125 0.43671875 0.025 0.03984375
0 0.8671875 0.409375 0.025 0.03984375
0 0.66484375 0.16953125 0.0265625 0.03359375
0 0.7734375 0.07578125 0.0265625 0.03359375
0 0.71015625 0.63515625 0.0265625 0.03359375
0 0.58125 0.51328125 0.0265625 0.03359375
0 0.49375 0.40546875 0.0265625 0.03359375
0 0.00859375 0.28515625 0.0171875 0.03359375
0 0.40234375 0.475 0.028125 0.0375
0 0.79296875 0.31015625 0.0265625 0.03359375
0 0.9828125 0.82578125 0.01875 0.03515625
0 0.7859375 0.928125 0.0328125 0.04140625
0 0.58828125 0.11875 0.0296875 0.05
0 0.6015625 0.20625 0.025 0.04609375
0 0.10625 0.246875 0.0359375 0.04609375
0 0.85625 0.22421875 0.0375 0.04375
0 0.50234375 0.73515625 0.0421875 0.04375
0 0.41484375 0.07265625 0.0234375 0.02890625
0 0.4984375 0.01953125 0.025 0.02734375
0 0.35703125 0.05859375 0.028125 0.0375
0 0.5234375 0.01015625 0.0296875 0.01875
1 0.57109375 0.13359375 0.0890625 0.1125
1 0.3203125 0.21015625 0.103125 0.09609375