0 0.73515625 0.43515625 0.0265625 0.0375
0 0.76171875 0.57734375 0.0265625 0.0375
0 0.75859375 0.85625 0.0265625 0.0375
0 0.80546875 0.84609375 0.0265625 0.0375
0 0.91640625 0.80625 0.0265625 0.0375
0 0.99375 0.79453125 0.0125 0.03125
0 0.86484375 0.18984375 0.0265625 0.0375
0 0.68828125 0.228125 0.0265625 0.04140625
0 0.75859375 0.16640625 0.0265625 0.0375
0 0.721875 0.228125 0.0265625 0.0375
0 0.75078125 0.37109375 0.0265625 0.0375
0 0.46328125 0.97734375 0.0265625 0.0375
0 0.37109375 0.60703125 0.0265625 0.0375
0 0.51171875 0.86875 0.0265625 0.0375
0 0.15703125 0.85625 0.0265625 0.0375
0 0.16640625 0.98125 0.0265625 0.0375
0 0.15390625 0.75390625 0.0265625 0.0375
0 0.171875 0.43671875 0.025 0.03984375
0 0.13515625 0.409375 0.025 0.03984375
0 0.3546875 0.22734375 0.0265625 0.03359375
0 0.2390625 0.10078125 0.0265625 0.03359375
0 0.28984375 0.63515625 0.0265625 0.03359375
0 0.46171875 0.58203125 0.0296875 0.03359375
0 0.53046875 0.42734375 0.0265625 0.03359375
0 0.21171875 0.40546875 0.028125 0.0375
0 0.05078125 0.93203125 0.0234375 0.03515625
0 0.41171875 0.11875 0.0296875 0.05
0 0.3984375 0.20625 0.025 0.04609375
0 0.14375 0.22421875 0.0375 0.04375
0 0.5078125 0.75 0.0421875 0.04375
0 0.0421875 0.396875 0.028125 0.04375
0 0.51015625 0.04140625 0.025 0.02734375
0 0.49296875 0.01953125 0.0296875 0.02734375
0 0.63984375 0.05078125 0.0234375 0.02734375
1 0.42890625 0.13359375 0.0890625 0.1125
1 0.6796875 0.21015625 0.103125 0.09609375