0 0.26484375 0.56484375 0.0265625 0.0375
0 0.23828125 0.42265625 0.0265625 0.0375
0 0.2421875 0.14375 0.0265625 0.0375
0 0.19453125 0.15390625 0.0265625 0.0375
0 0.08359375 0.19375 0.0265625 0.0375
0 0.01640625 0.23828125 0.0265625 0.0375
0 0.13515625 0.81015625 0.0265625 0.0375
0 0.26015625 0.77265625 0.0265625 0.04140625
0 0.25078125 0.85625 0.0265625 0.0375
0 0.28203125 0.77890625 0.0265625 0.0375
0 0.278125 0.653125 0.0265625 0.0375
0 0.10390625 0.43828125 0.028125 0.05
0 0.53359375 0.02734375 0.0265625 0.0375
0 0.63125 0.40546875 0.0265625 0.0375
0 0.48828125 0.13125 0.0265625 0.0375
0 0.84375 0.146875 0.0265625 0.0375
0 0.834375 0.021875 0.0265625 0.0375
0 0.8515625 0.246875 0.0265625 0.0375
0 0.828125 0.56328125 0.025 0.03984375
0 0.86640625 0.590625 0.025 0.03984375
0 0.66171875 0.81640625 0.0265625 0.03359375
0 0.76875 0.91484375 0.0265625 0.03359375
0 0.71015625 0.36484375 0.0265625 0.03359375
0 0.5671875 0.46484375 0.028125 0.03359375
0 0.48203125 0.59375 0.0265625 0.03359375
0 0.5734375 0.46640625 0.028125 0.0375
0 0.69921875 0.91640625 0.0265625 0.03359375
0 0.975 0.13984375 0.0234375 0.03515625
0 0.58828125 0.88125 0.0296875 0.05
0 0.6015625 0.79375 0.025 0.04609375
0 0.85625 0.77578125 0.0375 0.04375
0 0.9421875 0.753125 0.0328125 0.04140625
0 0.49609375 0.25546875 0.0421875 0.04375
0 0.50390625 0.97578125 0.025 0.02734375
0 0.1234375 0.70625 0.028125 0.0375
0 0.51484375 0.98671875 0.0296875 0.01875
0 0.3671875 0.97578125 0.0234375 0.02734375
0 0.10234375 0.98671875 0.0265625 0.0265625
1 0.57109375 0.86640625 0.0890625 0.1125
1 0.3203125 0.78984375 0.103125 0.09609375