0 0.27578125 0.41328125 0.0265625 0.0375
0 0.23828125 0.58203125 0.0265625 0.0375
0 0.24609375 0.84921875 0.0265625 0.0375
0 0.19453125 0.84609375 0.0265625 0.0375
0 0.08359375 0.80625 0.0265625 0.0375
0 0.0296875 0.72734375 0.0265625 0.0375
0 0.13515625 0.18984375 0.0265625 0.0375
0 0.19375 0.1125 0.0265625 0.0375
0 0.3125 0.09609375 0.0265625 0.0375
0 0.28515625 0.21640625 0.0265625 0.0375
0 0.31484375 0.30546875 0.0265625 0.0375
0 0.42421875 0.10078125 0.0265625 0.0375
0 0.58515625 0.875 0.0265625 0.0375
0 0.646875 0.56328125 0.0265625 0.0375
0 0.48828125 0.86875 0.0265625 0.0375
0 0.46640625 0.759375 0.0265625 0.0375
0 0.84921875 0.83828125 0.0265625 0.0375
0 0.83984375 0.96328125 0.0265625 0.0375
0 0.85546875 0.74765625 0.0265625 0.0375
0 0.88984375 0.64609375 0.0265625 0.0375
0 0.828125 0.43671875 0.025 0.03984375
0 0.86875 0.409375 0.025 0.03984375
0 0.66953125 0.18515625 0.0234375 0.03359375
0 0.6734375 0.13125 0.0265625 0.03359375
0 0.73359375 0.06484375 0.0265625 0.03359375
0 0.76953125 0.06328125 0.0265625 0.03359375
0 0.71328125 0.63984375 0.0265625 0.03359375
0 0.58828125 0.48125 0.0265625 0.03359375
0 0.50078125 0.384375 0.0265625 0.03359375
0 0.16953125 0.61015625 0.0265625 0.03359375
0 0.01640625 0.21640625 0.0265625 0.03359375
0 0.071875 0.19921875 0.0265625 0.03359375
0 0.715625 0.99140625 0.01875 0.01640625
0 0.646875 0.96171875 0.0265625 0.03359375
0 0.73671875 0.83984375 0.0265625 0.03359375
0 0.9875 0.76953125 0.025 0.03359375
0 0.56015625 0.25625 0.025 0.03515625
0 0.58828125 0.11875 0.0296875 0.05
0 0.6015625 0.20625 0.025 0.04609375
0 0.38203125 0.75625 0.0390625 0.04140625
0 0.7890625 0.628125 0.028125 0.03515625
0 0.85625 0.22421875 0.0375 0.04375
0 0.5140625 0.71640625 0.0421875 0.04375