0 0.73359375 0.56640625 0.0265625 0.0375
0 0.76171875 0.42265625 0.0265625 0.0375
0 0.7578125 0.14375 0.0265625 0.0375
0 0.80546875 0.15390625 0.0265625 0.0375
0 0.91640625 0.19375 0.0265625 0.0375
0 0.98125 0.24609375 0.0265625 0.0375
0 0.86484375 0.81015625 0.0265625 0.0375
0 0.765625 0.81171875 0.0265625 0.04140625
0 0.7421875 0.865625 0.0265625 0.0375
0 0.71796875 0.77890625 0.0265625 0.0375
0 0.7140625 0.66328125 0.0265625 0.0375
0 0.84609375 0.47109375 0.028125 0.05
0 0.45703125 0.04453125 0.0265625 0.0375
0 0.3640625 0.415625 0.0265625 0.0375
0 0.51171875 0.13125 0.0265625 0.0375
0 0.15546875 0.14921875 0.0265625 0.0375
0 0.16484375 0.02421875 0.0265625 0.0375
0 0.14765625 0.24765625 0.0265625 0.0375
0 0.171875 0.56328125 0.025 0.03984375
0 0.13359375 0.590625 0.025 0.03984375
0 0.3375 0.821875 0.0265625 0.03359375
0 0.22890625 0.91875 0.0265625 0.03359375
0 0.28984375 0.36484375 0.0265625 0.03359375
0 0.425 0.475 0.0265625 0.03359375
0 0.51171875 0.59453125 0.0265625 0.03359375
0 0.99453125 0.69609375 0.0109375 0.03515625
0 0.53203125 0.51484375 0.028125 0.0375
0 0.25390625 0.84609375 0.0265625 0.03359375
0 0.02265625 0.15546875 0.0234375 0.03515625
0 0.41171875 0.88125 0.0296875 0.05
0 0.3984375 0.79375 0.025 0.04609375
0 0.93984375 0.9125 0.0296875 0.03984375
0 0.14375 0.77578125 0.0375 0.04375
0 0.50078125 0.26015625 0.0421875 0.04375
0 0.4984375 0.978125 0.025 0.02734375
0 0.728125 0.771875 0.028125 0.0375
0 0.48125 0.98828125 0.0296875 0.01875
0 0.62890625 0.984375 0.0234375 0.02265625
1 0.42890625 0.86640625 0.0890625 0.1125
1 0.6796875 0.78984375 0.103125 0.09609375