0 0.728125 0.42734375 0.0265625 0.0375
0 0.76171875 0.57734375 0.0265625 0.0375
0 0.75703125 0.85625 0.0265625 0.0375
0 0.80546875 0.84609375 0.0265625 0.0375
0 0.91640625 0.80625 0.0265625 0.0375
0 0.97578125 0.7375 0.0265625 0.0375
0 0.86484375 0.18984375 0.0265625 0.0375
0 0.77734375 0.17578125 0.0265625 0.0375
0 0.7203125 0.115625 0.0265625 0.0375
0 0.71640625 0.21875 0.0265625 0.0375
0 0.6953125 0.315625 0.0265625 0.0375
0 0.68359375 0.42265625 0.0265625 0.04140625
0 0.4359375 0.909375 0.0265625 0.0375
0 0.36015625 0.57109375 0.0265625 0.0375
0 0.51171875 0.86875 0.0265625 0.0375
0 0.065625 0.896875 0.0234375 0.0375
0 0.153125 0.84453125 0.0265625 0.0375
0 0.1625 0.96953125 0.0265625 0.0375
0 0.14609375 0.75 0.0265625 0.0375
0 0.171875 0.43671875 0.025 0.03984375
0 0.13203125 0.409375 0.025 0.03984375
0 0.33203125 0.15546875 0.0265625 0.03359375
0 0.22734375 0.071875 0.0265625 0.03359375
0 0.28984375 0.63515625 0.0265625 0.03359375
0 0.4125 0.5 0.0265625 0.03359375
0 0.50234375 0.39765625 0.0265625 0.03359375
0 0.98671875 0.265625 0.0265625 0.03359375
0 0.696875 0.40078125 0.028125 0.0375
0 0.22890625 0.51015625 0.0265625 0.03359375
0 0.0078125 0.79921875 0.0125 0.03515625
0 0.2875 0.70390625 0.0296875 0.04140625
0 0.41171875 0.11875 0.0296875 0.05
0 0.3984375 0.20625 0.025 0.04609375
0 0.7765625 0.37890625 0.0359375 0.04609375
0 0.9546875 0.25546875 0.0328125 0.0375
0 0.14375 0.22421875 0.0375 0.04375
0 0.49375 0.72890625 0.0421875 0.04375
1 0.42890625 0.13359375 0.0890625 0.1125
1 0.6796875 0.21015625 0.103125 0.09609375