0 0.26484375 0.56484375 0.0265625 0.0375
0 0.23828125 0.42265625 0.0265625 0.0375
0 0.240625 0.14375 0.0265625 0.0375
0 0.19453125 0.15390625 0.0265625 0.0375
0 0.08359375 0.19375 0.0265625 0.0375
0 0.00546875 0.18984375 0.0109375 0.03359375
0 0.13515625 0.81015625 0.0265625 0.0375
0 0.30703125 0.7875 0.0265625 0.04140625
0 0.2328125 0.82578125 0.0265625 0.0375
0 0.27109375 0.75703125 0.0265625 0.0375
0 0.23671875 0.62109375 0.0265625 0.0375
0 0.53828125 0.02109375 0.0265625 0.0375
0 0.63046875 0.38984375 0.0265625 0.0375
0 0.48828125 0.13125 0.0265625 0.0375
0 0.84296875 0.14375 0.0265625 0.0375
0 0.83359375 0.01875 0.0265625 0.0375
0 0.840625 0.24609375 0.0265625 0.0375
0 0.828125 0.56328125 0.025 0.03984375
0 0.8640625 0.590625 0.025 0.03984375
0 0.63125 0.76328125 0.0265625 0.03359375
0 0.75546875 0.890625 0.0265625 0.03359375
0 0.71015625 0.36484375 0.0265625 0.03359375
0 0.52109375 0.40078125 0.0296875 0.03359375
0 0.4625 0.55703125 0.0265625 0.03359375
0 0.98515625 0.62421875 0.028125 0.0375
0 0.9296875 0.02890625 0.0234375 0.03515625
0 0.58828125 0.88125 0.0296875 0.05
0 0.6015625 0.79375 0.025 0.04609375
0 0.85625 0.77578125 0.0375 0.04375
0 0.48984375 0.246875 0.0421875 0.04375
0 0.87265625 0.3625 0.0296875 0.03984375
0 0.14375 0.06796875 0.025 0.03984375
0 0.175 0.025 0.028125 0.02890625
0 0.484375 0.953125 0.025 0.02734375
0 0.5078125 0.97578125 0.0296875 0.03125
0 0.35703125 0.93671875 0.0234375 0.02734375
0 0.9875 0.98671875 0.0203125 0.02265625
1 0.57109375 0.86640625 0.0890625 0.1125
1 0.3203125 0.78984375 0.103125 0.09609375