0 0.27265625 0.57578125 0.0265625 0.0375
0 0.23828125 0.42265625 0.0265625 0.0375
0 0.24296875 0.14375 0.0265625 0.0375
0 0.19453125 0.15390625 0.0265625 0.0375
0 0.08359375 0.19375 0.0265625 0.0375
0 0.02578125 0.26796875 0.0265625 0.0375
0 0.13515625 0.81015625 0.0265625 0.0375
0 0.21640625 0.81953125 0.0265625 0.0375
0 0.28828125 0.88984375 0.0265625 0.0375
0 0.28359375 0.78125 0.0265625 0.0375
0 0.3109375 0.68828125 0.0265625 0.0375
0 0.33046875 0.62109375 0.0265625 0.04140625
0 0.5703125 0.10625 0.0265625 0.0375
0 0.64140625 0.43125 0.0265625 0.0375
0 0.48828125 0.13125 0.0265625 0.0375
0 0.84296875 0.16484375 0.0234375 0.0375
0 0.846875 0.15625 0.0265625 0.0375
0 0.8375 0.03125 0.0265625 0.0375
0 0.85390625 0.25 0.0265625 0.0375
0 0.828125 0.56328125 0.025 0.03984375
0 0.86796875 0.590625 0.025 0.03984375
0 0.59140625 0.94609375 0.0234375 0.02890625
0 0.66953125 0.85078125 0.0265625 0.03359375
0 0.771875 0.93046875 0.0265625 0.03359375
0 0.71015625 0.36484375 0.0265625 0.03359375
0 0.590625 0.50546875 0.0265625 0.03359375
0 0.49765625 0.609375 0.0265625 0.03359375
0 0.01328125 0.75 0.0265625 0.03359375
0 0.2453125 0.64921875 0.028125 0.0375
0 0.7625 0.41015625 0.0265625 0.03359375
0 0.99375 0.221875 0.0125 0.03515625
0 0.68125 0.4125 0.025 0.04140625
0 0.58828125 0.88125 0.0296875 0.05
0 0.6015625 0.79375 0.025 0.04609375
0 0.246875 0.50625 0.0359375 0.04609375
0 0.17734375 0.575 0.0328125 0.0375
0 0.85625 0.77578125 0.0375 0.04375
0 0.5078125 0.27421875 0.0421875 0.04375
1 0.57109375 0.86640625 0.0890625 0.1125
1 0.3203125 0.78984375 0.103125 0.09609375