0 0.26796875 0.56796875 0.0265625 0.0375
0 0.23828125 0.42265625 0.0265625 0.0375
0 0.2421875 0.14375 0.0265625 0.0375
0 0.19453125 0.15390625 0.0265625 0.0375
0 0.08359375 0.19375 0.0265625 0.0375
0 0.0203125 0.25078125 0.0265625 0.0375
0 0.13515625 0.81015625 0.0265625 0.0375
0 0.22578125 0.809375 0.0265625 0.04140625
0 0.2625 0.871875 0.0265625 0.0375
0 0.2828125 0.78046875 0.0265625 0.0375
0 0.29140625 0.67109375 0.0265625 0.0375
0 0.16953125 0.46171875 0.028125 0.04609375
0 0.54921875 0.05703125 0.0265625 0.0375
0 0.63828125 0.421875 0.0265625 0.0375
0 0.48828125 0.13125 0.0265625 0.0375
0 0.8453125 0.15078125 0.0265625 0.0375
0 0.8359375 0.02578125 0.0265625 0.0375
0 0.85234375 0.24765625 0.0265625 0.0375
0 0.828125 0.56328125 0.025 0.03984375
0 0.8671875 0.590625 0.025 0.03984375
0 0.6640625 0.82734375 0.0265625 0.03359375
0 0.77265625 0.921875 0.0265625 0.03359375
0 0.71015625 0.36484375 0.0265625 0.03359375
0 0.5796875 0.48359375 0.0265625 0.03359375
0 0.4921875 0.59453125 0.0265625 0.03359375
0 0.0078125 0.7125 0.015625 0.03359375
0 0.42109375 0.56796875 0.028125 0.0375
0 0.76875 0.74453125 0.0265625 0.03359375
0 0.98125 0.16875 0.0203125 0.03515625
0 0.821875 0.02890625 0.0328125 0.04140625
0 0.58828125 0.88125 0.0296875 0.05
0 0.6015625 0.79375 0.025 0.04609375
0 0.07109375 0.78984375 0.0359375 0.04609375
0 0.85625 0.77578125 0.0375 0.04375
0 0.5015625 0.26328125 0.0421875 0.04375
0 0.49921875 0.98046875 0.025 0.02734375
0 0.3203125 0.90078125 0.028125 0.0375
0 0.521875 0.98984375 0.0296875 0.01875
0 0.37421875 0.98984375 0.0234375 0.0203125
1 0.57109375 0.86640625 0.0890625 0.1125
1 0.3203125 0.78984375 0.103125 0.09609375