0 0.73515625 0.56484375 0.0265625 0.0375
0 0.76171875 0.42265625 0.0265625 0.0375
0 0.75859375 0.14375 0.0265625 0.0375
0 0.80546875 0.15390625 0.0265625 0.0375
0 0.91640625 0.19375 0.0265625 0.0375
0 0.99375 0.20546875 0.0125 0.03125
0 0.86484375 0.81015625 0.0265625 0.0375
0 0.6890625 0.77109375 0.0265625 0.04140625
0 0.75859375 0.834375 0.0265625 0.0375
0 0.721875 0.771875 0.0265625 0.0375
0 0.75078125 0.62890625 0.0265625 0.0375
0 0.46328125 0.02265625 0.0265625 0.0375
0 0.37109375 0.39296875 0.0265625 0.0375
0 0.51171875 0.13125 0.0265625 0.0375
0 0.15703125 0.14375 0.0265625 0.0375
0 0.16640625 0.01875 0.0265625 0.0375
0 0.15390625 0.24609375 0.0265625 0.0375
0 0.171875 0.56328125 0.025 0.03984375
0 0.13515625 0.590625 0.025 0.03984375
0 0.3546875 0.77265625 0.0265625 0.03359375
0 0.2390625 0.89921875 0.0265625 0.03359375
0 0.28984375 0.36484375 0.0265625 0.03359375
0 0.4609375 0.41796875 0.0296875 0.03359375
0 0.53046875 0.57265625 0.0265625 0.03359375
0 0.22109375 0.615625 0.028125 0.0375
0 0.05078125 0.06796875 0.0234375 0.03515625
0 0.41171875 0.88125 0.0296875 0.05
0 0.3984375 0.79375 0.025 0.04609375
0 0.14375 0.77578125 0.0375 0.04375
0 0.5078125 0.25 0.0421875 0.04375
0 0.04140625 0.60546875 0.028125 0.04375
0 0.51015625 0.95859375 0.025 0.02734375
0 0.49296875 0.98046875 0.0296875 0.02734375
0 0.63984375 0.94921875 0.0234375 0.02734375
1 0.42890625 0.86640625 0.0890625 0.1125
1 0.6796875 0.78984375 0.103125 0.09609375