0 0.26484375 0.56484375 0.0265625 0.0375
0 0.23828125 0.42265625 0.0265625 0.0375
0 0.240625 0.14375 0.0265625 0.0375
0 0.19453125 0.15390625 0.0265625 0.0375
0 0.08359375 0.19375 0.0265625 0.0375
0 0.13515625 0.81015625 0.0265625 0.0375
0 0.28671875 0.78515625 0.0265625 0.04140625
0 0.22109375 0.82421875 0.0265625 0.0375
0 0.26875 0.75078125 0.0265625 0.0375
0 0.2296875 0.61484375 0.0265625 0.0375
0 0.5390625 0.01953125 0.0265625 0.0375
0 0.63203125 0.3875 0.0265625 0.0375
0 0.48828125 0.13125 0.0265625 0.0375
0 0.84296875 0.14375 0.0265625 0.0375
0 0.83359375 0.01875 0.0265625 0.0375
0 0.8375 0.24609375 0.0265625 0.0375
0 0.828125 0.56328125 0.025 0.03984375
0 0.8640625 0.590625 0.025 0.03984375
0 0.63046875 0.7625 0.0265625 0.03359375
0 0.75390625 0.88046875 0.0265625 0.03359375
0 0.71015625 0.36484375 0.0265625 0.03359375
0 0.5125 0.39765625 0.0296875 0.03359375
0 0.46015625 0.54453125 0.0265625 0.03359375
0 0.91484375 0.01171875 0.025 0.02265625
0 0.58828125 0.88125 0.0296875 0.05
0 0.6015625 0.79375 0.025 0.04609375
0 0.85625 0.77578125 0.0375 0.04375
0 0.48828125 0.24453125 0.0421875 0.04375
0 0.82578125 0.20390625 0.0296875 0.03984375
0 0.175 0.140625 0.025 0.03984375
0 0.06171875 0.13828125 0.03125 0.03984375
0 0.48359375 0.95234375 0.025 0.02734375
0 0.50859375 0.97421875 0.0296875 0.03125
0 0.35703125 0.93671875 0.0234375 0.02734375
0 0.76875 0.85078125 0.021875 0.03984375
0 0.98125 0.97734375 0.021875 0.02890625
1 0.57109375 0.86640625 0.0890625 0.1125
1 0.3203125 0.78984375 0.103125 0.09609375