0 0.7265625 0.58046875 0.0265625 0.0375
0 0.76171875 0.42109375 0.0265625 0.0375
0 0.75625 0.14609375 0.0265625 0.0375
0 0.80546875 0.15390625 0.0265625 0.0375
0 0.91640625 0.19375 0.0265625 0.0375
0 0.97265625 0.26953125 0.0265625 0.0375
0 0.86484375 0.81015625 0.0265625 0.0375
0 0.78046875 0.84375 0.0265625 0.0375
0 0.703125 0.89609375 0.0265625 0.0375
0 0.715625 0.78203125 0.0265625 0.0375
0 0.6875 0.69140625 0.0265625 0.0375
0 0.62578125 0.71015625 0.0265625 0.04140625
0 0.42421875 0.11328125 0.0265625 0.0375
0 0.35625 0.43359375 0.0265625 0.0375
0 0.51171875 0.13125 0.0265625 0.0375
0 0.284375 0.21640625 0.0234375 0.0375
0 0.15234375 0.15859375 0.0265625 0.0375
0 0.16171875 0.03359375 0.0265625 0.0375
0 0.1453125 0.25078125 0.0265625 0.0375
0 0.02109375 0.15703125 0.0265625 0.04375
0 0.171875 0.56328125 0.025 0.03984375
0 0.13203125 0.590625 0.025 0.03984375
0 0.36953125 0.8625 0.0234375 0.03515625
0 0.32890625 0.85859375 0.0265625 0.03359375
0 0.22890625 0.93203125 0.0265625 0.03359375
0 0.2890625 0.36328125 0.0265625 0.03359375
0 0.409375 0.51015625 0.0265625 0.03359375
0 0.5015625 0.6125 0.0265625 0.03359375
0 0.990625 0.415625 0.015625 0.03984375
0 0.98515625 0.76328125 0.0265625 0.03359375
0 0.81875 0.73984375 0.028125 0.0375
0 0.22734375 0.31796875 0.0265625 0.03359375
0 0.00859375 0.225 0.0171875 0.03515625
0 0.35078125 0.55703125 0.025 0.03359375
0 0.41171875 0.88125 0.0296875 0.05
0 0.3984375 0.79375 0.025 0.04609375
0 0.73984375 0.43125 0.0359375 0.04609375
0 0.60234375 0.46796875 0.0328125 0.0375
0 0.14375 0.77578125 0.0375 0.04375
0 0.48984375 0.27734375 0.0421875 0.04375
1 0.42890625 0.86640625 0.0890625 0.1125
1 0.6796875 0.78984375 0.103125 0.09609375