0 0.72890625 0.57109375 0.0265625 0.0375
0 0.76171875 0.42265625 0.0265625 0.0375
0 0.75703125 0.14375 0.0265625 0.0375
0 0.80546875 0.15390625 0.0265625 0.0375
0 0.91640625 0.19375 0.0265625 0.0375
0 0.97734375 0.25859375 0.0265625 0.0375
0 0.86484375 0.81015625 0.0265625 0.0375
0 0.77890625 0.82109375 0.0265625 0.04140625
0 0.72734375 0.88046875 0.0265625 0.0375
0 0.71640625 0.78125 0.0265625 0.0375
0 0.70078125 0.68046875 0.0265625 0.0375
0 0.7390625 0.51875 0.028125 0.04609375
0 0.44140625 0.078125 0.0265625 0.0375
0 0.36171875 0.42734375 0.0265625 0.0375
0 0.51171875 0.13125 0.0265625 0.0375
0 0.15390625 0.153125 0.0265625 0.0375
0 0.16328125 0.028125 0.0265625 0.0375
0 0.146875 0.24921875 0.0265625 0.0375
0 0.171875 0.56328125 0.025 0.03984375
0 0.1328125 0.590625 0.025 0.03984375
0 0.33359375 0.83828125 0.0265625 0.03359375
0 0.2265625 0.92578125 0.0265625 0.03359375
0 0.28984375 0.36484375 0.0265625 0.03359375
0 0.41484375 0.49609375 0.0265625 0.03359375
0 0.50234375 0.59609375 0.0265625 0.03359375
0 0.9875 0.72890625 0.025 0.03359375
0 0.6484375 0.56015625 0.028125 0.0375
0 0.21640625 0.5625 0.0265625 0.03359375
0 0.0109375 0.18984375 0.015625 0.03515625
0 0.25078125 0.2 0.0296875 0.04140625
0 0.41171875 0.88125 0.0296875 0.05
0 0.3984375 0.79375 0.025 0.04609375
0 0.81796875 0.66953125 0.0359375 0.04609375
0 0.14375 0.77578125 0.0375 0.04375
0 0.4953125 0.26796875 0.0421875 0.04375
1 0.42890625 0.86640625 0.0890625 0.1125
1 0.6796875 0.78984375 0.103125 0.09609375