0 0.27578125 0.58671875 0.0265625 0.0375
0 0.23828125 0.41796875 0.0265625 0.0375
0 0.24609375 0.15078125 0.0265625 0.0375
0 0.19453125 0.15390625 0.0265625 0.0375
0 0.08359375 0.19375 0.0265625 0.0375
0 0.0296875 0.27265625 0.0265625 0.0375
0 0.13515625 0.81015625 0.0265625 0.0375
0 0.19296875 0.88828125 0.0265625 0.0375
0 0.3125 0.90390625 0.0265625 0.0375
0 0.28515625 0.78359375 0.0265625 0.0375
0 0.31484375 0.69453125 0.0265625 0.0375
0 0.4265625 0.90546875 0.0265625 0.0375
0 0.58515625 0.125 0.0265625 0.0375
0 0.646875 0.43671875 0.0265625 0.0375
0 0.48828125 0.13125 0.0265625 0.0375
0 0.46171875 0.22265625 0.0265625 0.0375
0 0.84921875 0.16171875 0.0265625 0.0375
0 0.83984375 0.03671875 0.0265625 0.0375
0 0.85546875 0.25234375 0.0265625 0.0375
0 0.878125 0.32578125 0.0265625 0.0375
0 0.828125 0.56328125 0.025 0.03984375
0 0.86875 0.590625 0.025 0.03984375
0 0.67265625 0.81328125 0.0234375 0.03359375
0 0.6734375 0.86875 0.0265625 0.03359375
0 0.74453125 0.91640625 0.0265625 0.03359375
0 0.76953125 0.93671875 0.0265625 0.03359375
0 0.71328125 0.36015625 0.0265625 0.03359375
0 0.58828125 0.51953125 0.0265625 0.03359375
0 0.50078125 0.615625 0.0265625 0.03359375
0 0.17265625 0.384375 0.0265625 0.03359375
0 0.015625 0.784375 0.0265625 0.03359375
0 0.0671875 0.80703125 0.0265625 0.03359375
0 0.7171875 0.0109375 0.01875 0.021875
0 0.65234375 0.04765625 0.0265625 0.03359375
0 0.734375 0.15703125 0.0265625 0.03359375
0 0.9875 0.23046875 0.025 0.03359375
0 0.546875 0.75546875 0.025 0.03515625
0 0.58828125 0.88125 0.0296875 0.05
0 0.6015625 0.79375 0.025 0.04609375
0 0.38046875 0.24609375 0.0390625 0.04140625
0 0.7984375 0.35625 0.028125 0.03359375
0 0.85625 0.77578125 0.0375 0.04375
0 0.5140625 0.28359375 0.0421875 0.04375