0 0.73515625 0.43515625 0.0265625 0.0375
0 0.76171875 0.57734375 0.0265625 0.0375
0 0.75859375 0.85625 0.0265625 0.0375
0 0.80546875 0.84609375 0.0265625 0.0375
0 0.91640625 0.80625 0.0265625 0.0375
0 0.9859375 0.76875 0.0265625 0.0375
0 0.86484375 0.18984375 0.0265625 0.0375
0 0.70546875 0.24296875 0.0265625 0.04140625
0 0.7546875 0.153125 0.0265625 0.0375
0 0.71875 0.221875 0.0265625 0.0375
0 0.72890625 0.35859375 0.0265625 0.0375
0 0.9859375 0.546875 0.025 0.05234375
0 0.465625 0.97421875 0.0265625 0.0375
0 0.37265625 0.60390625 0.0265625 0.0375
0 0.51171875 0.86875 0.0265625 0.0375
0 0.15703125 0.85625 0.0265625 0.0375
0 0.16640625 0.98125 0.0265625 0.0375
0 0.14921875 0.75390625 0.0265625 0.0375
0 0.171875 0.43671875 0.025 0.03984375
0 0.134375 0.409375 0.025 0.03984375
0 0.33984375 0.19296875 0.0265625 0.03359375
0 0.23359375 0.090625 0.0265625 0.03359375
0 0.28984375 0.63515625 0.0265625 0.03359375
0 0.4421875 0.54921875 0.0296875 0.03359375
0 0.521875 0.41328125 0.0265625 0.03359375
0 0.3359375 0.525 0.028125 0.0375
0 0.428125 0.028125 0.0265625 0.03359375
0 0.0328125 0.88046875 0.0234375 0.03515625
0 0.41171875 0.11875 0.0296875 0.05
0 0.3984375 0.20625 0.025 0.04609375
0 0.14375 0.22421875 0.0375 0.04375
0 0.11875 0.175 0.0328125 0.04375
0 0.50546875 0.746875 0.0421875 0.04375
0 0.49609375 0.028125 0.025 0.02734375
0 0.490625 0.01484375 0.0296875 0.01875
0 0.63515625 0.03359375 0.0234375 0.02734375
1 0.42890625 0.13359375 0.0890625 0.1125
1 0.6796875 0.21015625 0.103125 0.09609375