0 0.26953125 0.56875 0.0265625 0.0375
0 0.23828125 0.42265625 0.0265625 0.0375
0 0.2421875 0.14375 0.0265625 0.0375
0 0.19453125 0.15390625 0.0265625 0.0375
0 0.08359375 0.19375 0.0265625 0.0375
0 0.02109375 0.25390625 0.0265625 0.0375
0 0.13515625 0.81015625 0.0265625 0.0375
0 0.22265625 0.81953125 0.0265625 0.04140625
0 0.26484375 0.875 0.0265625 0.0375
0 0.2828125 0.78046875 0.0265625 0.0375
0 0.29375 0.67421875 0.0265625 0.0375
0 0.196875 0.48046875 0.028125 0.04609375
0 0.55234375 0.06328125 0.0265625 0.0375
0 0.63828125 0.42421875 0.0265625 0.0375
0 0.48828125 0.13125 0.0265625 0.0375
0 0.8453125 0.15234375 0.0265625 0.0375
0 0.8359375 0.02734375 0.0265625 0.0375
0 0.853125 0.24921875 0.0265625 0.0375
0 0.828125 0.56328125 0.025 0.03984375
0 0.8671875 0.590625 0.025 0.03984375
0 0.66484375 0.83125 0.0265625 0.03359375
0 0.7734375 0.92421875 0.0265625 0.03359375
0 0.71015625 0.36484375 0.0265625 0.03359375
0 0.58125 0.4875 0.0265625 0.03359375
0 0.49375 0.59609375 0.0265625 0.03359375
0 0.00859375 0.715625 0.0171875 0.03359375
0 0.4 0.53359375 0.028125 0.0375
0 0.77109375 0.69765625 0.0265625 0.03359375
0 0.98359375 0.175 0.01875 0.03515625
0 0.79609375 0.07890625 0.0390625 0.04140625
0 0.58828125 0.88125 0.0296875 0.05
0 0.6015625 0.79375 0.025 0.04609375
0 0.12734375 0.778125 0.0359375 0.04609375
0 0.85625 0.77578125 0.0375 0.04375
0 0.50234375 0.26484375 0.0421875 0.04375
0 0.41328125 0.89296875 0.0234375 0.02890625
0 0.4984375 0.98125 0.025 0.02734375
0 0.3703125 0.953125 0.028125 0.0375
0 0.5234375 0.98984375 0.0296875 0.01875
1 0.57109375 0.86640625 0.0890625 0.1125
1 0.3203125 0.78984375 0.103125 0.09609375