0 0.27578125 0.5875 0.0265625 0.0375
0 0.23828125 0.41640625 0.0265625 0.0375
0 0.24609375 0.15234375 0.0265625 0.0375
0 0.19453125 0.15390625 0.0265625 0.0375
0 0.08359375 0.19375 0.0265625 0.0375
0 0.03046875 0.27265625 0.0265625 0.0375
0 0.13515625 0.81015625 0.0265625 0.0375
0 0.19140625 0.89375 0.0265625 0.0375
0 0.3140625 0.90546875 0.0265625 0.0375
0 0.28515625 0.78359375 0.0265625 0.0375
0 0.31484375 0.69609375 0.0265625 0.0375
0 0.459375 0.89140625 0.0265625 0.0375
0 0.5859375 0.12578125 0.0265625 0.0375
0 0.64765625 0.4375 0.0265625 0.0375
0 0.48828125 0.13125 0.0265625 0.0375
0 0.434375 0.26171875 0.0265625 0.0375
0 0.84921875 0.1625 0.0265625 0.0375
0 0.83984375 0.0375 0.0265625 0.0375
0 0.85546875 0.25234375 0.0265625 0.0375
0 0.86796875 0.36171875 0.0265625 0.0375
0 0.828125 0.56328125 0.025 0.03984375
0 0.86875 0.590625 0.025 0.03984375
0 0.67578125 0.80703125 0.0234375 0.03359375
0 0.67421875 0.86953125 0.0265625 0.03359375
0 0.7265625 0.88515625 0.0265625 0.03359375
0 0.76953125 0.9375 0.0265625 0.03359375
0 0.71328125 0.36015625 0.0265625 0.03359375
0 0.58828125 0.51953125 0.0265625 0.03359375
0 0.50078125 0.61640625 0.0265625 0.03359375
0 0.20078125 0.36875 0.0265625 0.03359375
0 0.015625 0.784375 0.0265625 0.03359375
0 0.03359375 0.78984375 0.0265625 0.03359375
0 0.75 0.02890625 0.0265625 0.03359375
0 0.66953125 0.040625 0.0265625 0.03359375
0 0.73359375 0.14453125 0.0265625 0.03359375
0 0.98671875 0.23125 0.0265625 0.03359375
0 0.5625 0.784375 0.025 0.03515625
0 0.58828125 0.88125 0.0296875 0.05
0 0.6015625 0.79375 0.025 0.04609375
0 0.38671875 0.21953125 0.0328125 0.03515625
0 0.825 0.32734375 0.028125 0.03359375
0 0.85625 0.77578125 0.0375 0.04375
0 0.51484375 0.284375 0.0421875 0.04375