0 0.27421875 0.58125 0.0265625 0.0375
0 0.23828125 0.42109375 0.0265625 0.0375
0 0.24375 0.146875 0.0265625 0.0375
0 0.19453125 0.15390625 0.0265625 0.0375
0 0.08359375 0.19375 0.0265625 0.0375
0 0.02734375 0.26953125 0.0265625 0.0375
0 0.13515625 0.81015625 0.0265625 0.0375
0 0.21328125 0.846875 0.0265625 0.0375
0 0.2984375 0.89609375 0.0265625 0.0375
0 0.284375 0.78203125 0.0265625 0.0375
0 0.3125 0.69140625 0.0265625 0.0375
0 0.36171875 0.73359375 0.0265625 0.04140625
0 0.5765625 0.11484375 0.0265625 0.0375
0 0.64375 0.43359375 0.0265625 0.0375
0 0.48828125 0.13125 0.0265625 0.0375
0 0.68359375 0.17734375 0.0234375 0.0375
0 0.84765625 0.159375 0.0265625 0.0375
0 0.83828125 0.034375 0.0265625 0.0375
0 0.8546875 0.25078125 0.0265625 0.0375
0 0.9703125 0.19609375 0.0265625 0.04375
0 0.828125 0.56328125 0.025 0.03984375
0 0.86796875 0.590625 0.025 0.03984375
0 0.63515625 0.83671875 0.0234375 0.03515625
0 0.67109375 0.859375 0.0265625 0.03359375
0 0.77109375 0.93359375 0.0265625 0.03359375
0 0.7109375 0.36328125 0.0265625 0.03359375
0 0.590625 0.51171875 0.0265625 0.03359375
0 0.4984375 0.6125 0.0265625 0.03359375
0 0.0171875 0.47265625 0.021875 0.04140625
0 0.015625 0.765625 0.0265625 0.03359375
0 0.1640625 0.73828125 0.028125 0.0375
0 0.76328125 0.30078125 0.0265625 0.03359375
0 0.99140625 0.225 0.0171875 0.03515625
0 0.6265625 0.55390625 0.025 0.03359375
0 0.58828125 0.88125 0.0296875 0.05
0 0.6015625 0.79375 0.025 0.04609375
0 0.2796875 0.415625 0.0359375 0.04609375
0 0.446875 0.45703125 0.0328125 0.0375
0 0.85625 0.77578125 0.0375 0.04375
0 0.5109375 0.278125 0.0421875 0.04375
1 0.57109375 0.86640625 0.0890625 0.1125
1 0.3203125 0.78984375 0.103125 0.09609375