0 0.72578125 0.58359375 0.0265625 0.0375
0 0.76171875 0.41953125 0.0265625 0.0375
0 0.75546875 0.14921875 0.0265625 0.0375
0 0.80546875 0.15390625 0.0265625 0.0375
0 0.91640625 0.19375 0.0265625 0.0375
0 0.971875 0.27109375 0.0265625 0.0375
0 0.86484375 0.81015625 0.0265625 0.0375
0 0.7984375 0.85859375 0.0265625 0.0375
0 0.69609375 0.9 0.0265625 0.0375
0 0.715625 0.78203125 0.0265625 0.0375
0 0.68671875 0.69296875 0.0265625 0.0375
0 0.59453125 0.79765625 0.0265625 0.04140625
0 0.41953125 0.11875 0.0265625 0.0375
0 0.3546875 0.434375 0.0265625 0.0375
0 0.51171875 0.13125 0.0265625 0.0375
0 0.40546875 0.17265625 0.0265625 0.0375
0 0.1515625 0.16015625 0.0265625 0.0375
0 0.1609375 0.03515625 0.0265625 0.0375
0 0.1453125 0.25078125 0.0265625 0.0375
0 0.06328125 0.240625 0.0265625 0.04375
0 0.171875 0.56328125 0.025 0.03984375
0 0.13125 0.590625 0.025 0.03984375
0 0.33671875 0.85546875 0.0234375 0.03515625
0 0.32734375 0.86328125 0.0265625 0.03359375
0 0.2296875 0.934375 0.0265625 0.03359375
0 0.28828125 0.3625 0.0265625 0.03359375
0 0.41015625 0.51484375 0.0265625 0.03359375
0 0.50078125 0.61328125 0.0265625 0.03359375
0 0.91640625 0.51875 0.0296875 0.0375
0 0.9828125 0.775 0.0265625 0.03359375
0 0.87265625 0.73671875 0.028125 0.0375
0 0.25234375 0.23984375 0.0265625 0.03359375
0 0.01015625 0.22734375 0.0203125 0.03359375
0 0.38203125 0.64296875 0.025 0.03515625
0 0.41171875 0.88125 0.0296875 0.05
0 0.3984375 0.79375 0.025 0.04609375
0 0.67890625 0.340625 0.0390625 0.04140625
0 0.403125 0.39765625 0.028125 0.03515625
0 0.14375 0.77578125 0.0375 0.04375
0 0.48828125 0.28046875 0.0421875 0.04375