0 0.26484375 0.56484375 0.0265625 0.0375
0 0.23828125 0.42265625 0.0265625 0.0375
0 0.2421875 0.14375 0.0265625 0.0375
0 0.19453125 0.15390625 0.0265625 0.0375
0 0.08359375 0.19375 0.0265625 0.0375
0 0.0171875 0.24140625 0.0265625 0.0375
0 0.13515625 0.81015625 0.0265625 0.0375
0 0.25 0.79453125 0.0265625 0.04140625
0 0.253125 0.859375 0.0265625 0.0375
0 0.28203125 0.77890625 0.0265625 0.0375
0 0.28125 0.65703125 0.0265625 0.0375
0 0.11640625 0.46796875 0.028125 0.05
0 0.53671875 0.03359375 0.0265625 0.0375
0 0.6328125 0.409375 0.0265625 0.0375
0 0.48828125 0.13125 0.0265625 0.0375
0 0.84453125 0.14765625 0.0265625 0.0375
0 0.83515625 0.02265625 0.0265625 0.0375
0 0.8515625 0.246875 0.0265625 0.0375
0 0.828125 0.56328125 0.025 0.03984375
0 0.86640625 0.590625 0.025 0.03984375
0 0.66171875 0.81875 0.0265625 0.03359375
0 0.76953125 0.915625 0.0265625 0.03359375
0 0.71015625 0.36484375 0.0265625 0.03359375
0 0.56953125 0.46796875 0.028125 0.03359375
0 0.484375 0.59375 0.0265625 0.03359375
0 0.54453125 0.51484375 0.028125 0.0375
0 0.71875 0.903125 0.0265625 0.03359375
0 0.97578125 0.14453125 0.0234375 0.03515625
0 0.58828125 0.88125 0.0296875 0.05
0 0.6015625 0.79375 0.025 0.04609375
0 0.0125 0.98671875 0.0125 0.0265625
0 0.85625 0.77578125 0.0375 0.04375
0 0.975 0.728125 0.025 0.02734375
0 0.49765625 0.25703125 0.0421875 0.04375
0 0.503125 0.97734375 0.025 0.02734375
0 0.1765625 0.73515625 0.028125 0.0375
0 0.515625 0.9875 0.0296875 0.01875
0 0.36875 0.97890625 0.0234375 0.02734375
1 0.57109375 0.86640625 0.0890625 0.1125
1 0.3203125 0.78984375 0.103125 0.09609375