0 0.73515625 0.43515625 0.0265625 0.0375
0 0.76171875 0.57734375 0.0265625 0.0375
0 0.75859375 0.85625 0.0265625 0.0375
0 0.80546875 0.84609375 0.0265625 0.0375
0 0.91640625 0.80625 0.0265625 0.0375
0 0.98671875 0.77109375 0.0265625 0.0375
0 0.86484375 0.18984375 0.0265625 0.0375
0 0.69765625 0.24921875 0.0265625 0.04140625
0 0.75546875 0.15390625 0.0265625 0.0375
0 0.71875 0.221875 0.0265625 0.0375
0 0.73125 0.36015625 0.0265625 0.0375
0 0.46484375 0.975 0.0265625 0.0375
0 0.37265625 0.60546875 0.0265625 0.0375
0 0.51171875 0.86875 0.0265625 0.0375
0 0.15703125 0.85625 0.0265625 0.0375
0 0.16640625 0.98125 0.0265625 0.0375
0 0.15 0.75390625 0.0265625 0.0375
0 0.171875 0.43671875 0.025 0.03984375
0 0.134375 0.409375 0.025 0.03984375
0 0.340625 0.19765625 0.0265625 0.03359375
0 0.234375 0.09140625 0.0265625 0.03359375
0 0.28984375 0.63515625 0.0265625 0.03359375
0 0.44375 0.553125 0.0296875 0.03359375
0 0.5234375 0.41484375 0.0265625 0.03359375
0 0.3296875 0.50390625 0.028125 0.0375
0 0.45859375 0.025 0.0203125 0.02734375
0 0.0359375 0.88515625 0.0234375 0.03515625
0 0.41171875 0.11875 0.0296875 0.05
0 0.3984375 0.20625 0.025 0.04609375
0 0.14375 0.22421875 0.0375 0.04375
0 0.13046875 0.13828125 0.0328125 0.0375
0 0.50546875 0.746875 0.0421875 0.04375
0 0.4984375 0.03046875 0.025 0.02734375
0 0.49140625 0.015625 0.0296875 0.01875
0 0.6359375 0.03515625 0.0234375 0.02734375
1 0.42890625 0.13359375 0.0890625 0.1125
1 0.6796875 0.21015625 0.103125 0.09609375