0 0.275 0.58359375 0.0265625 0.0375
0 0.23828125 0.41875 0.0265625 0.0375
0 0.2453125 0.14921875 0.0265625 0.0375
0 0.19453125 0.15390625 0.0265625 0.0375
0 0.08359375 0.19375 0.0265625 0.0375
0 0.02890625 0.271875 0.0265625 0.0375
0 0.13515625 0.81015625 0.0265625 0.0375
0 0.2015625 0.86328125 0.0265625 0.0375
0 0.30625 0.90078125 0.0265625 0.0375
0 0.284375 0.78203125 0.0265625 0.0375
0 0.3140625 0.69375 0.0265625 0.0375
0 0.38515625 0.85234375 0.0265625 0.04140625
0 0.58125 0.12109375 0.0265625 0.0375
0 0.6453125 0.43515625 0.0265625 0.0375
0 0.48828125 0.13125 0.0265625 0.0375
0 0.57578125 0.21484375 0.0265625 0.0375
0 0.8484375 0.16015625 0.0265625 0.0375
0 0.8390625 0.03515625 0.0265625 0.0375
0 0.8546875 0.25078125 0.0265625 0.0375
0 0.91328125 0.24375 0.0265625 0.0375
0 0.828125 0.56328125 0.025 0.03984375
0 0.86875 0.590625 0.025 0.03984375
0 0.69140625 0.85703125 0.0234375 0.03515625
0 0.67265625 0.86484375 0.0265625 0.03359375
0 0.7703125 0.93515625 0.0265625 0.03359375
0 0.7125 0.36171875 0.0265625 0.03359375
0 0.5890625 0.515625 0.0265625 0.03359375
0 0.5 0.61484375 0.0265625 0.03359375
0 0.0875 0.46484375 0.0296875 0.0375
0 0.0171875 0.778125 0.0265625 0.03359375
0 0.1140625 0.72890625 0.028125 0.0375
0 0.74140625 0.209375 0.0265625 0.03359375
0 0.9890625 0.228125 0.021875 0.03359375
0 0.60078125 0.66015625 0.025 0.03515625
0 0.58828125 0.88125 0.0296875 0.05
0 0.6015625 0.79375 0.025 0.04609375
0 0.31953125 0.296875 0.0390625 0.04140625
0 0.64375 0.42109375 0.028125 0.03515625
0 0.85625 0.77578125 0.0375 0.04375
0 0.5125 0.28125 0.0421875 0.04375