0 0.26640625 0.43359375 0.0265625 0.0375
0 0.23828125 0.57734375 0.0265625 0.0375
0 0.2421875 0.85625 0.0265625 0.0375
0 0.19453125 0.84609375 0.0265625 0.0375
0 0.08359375 0.80625 0.0265625 0.0375
0 0.01875 0.753125 0.0265625 0.0375
0 0.13515625 0.18984375 0.0265625 0.0375
0 0.2328125 0.18671875 0.0265625 0.04140625
0 0.2578125 0.134375 0.0265625 0.0375
0 0.28203125 0.22109375 0.0265625 0.0375
0 0.28671875 0.33515625 0.0265625 0.0375
0 0.15390625 0.52890625 0.028125 0.05
0 0.54375 0.95390625 0.0265625 0.0375
0 0.6359375 0.58359375 0.0265625 0.0375
0 0.48828125 0.86875 0.0265625 0.0375
0 0.84453125 0.85078125 0.0265625 0.0375
0 0.83515625 0.97578125 0.0265625 0.0375
0 0.85234375 0.75234375 0.0265625 0.0375
0 0.828125 0.43671875 0.025 0.03984375
0 0.86640625 0.409375 0.025 0.03984375
0 0.6625 0.17734375 0.0265625 0.03359375
0 0.77109375 0.08046875 0.0265625 0.03359375
0 0.71015625 0.63515625 0.0265625 0.03359375
0 0.575 0.52421875 0.0265625 0.03359375
0 0.48828125 0.40546875 0.0265625 0.03359375
0 0.00625 0.30078125 0.0125 0.03515625
0 0.4546875 0.47109375 0.028125 0.0375
0 0.73671875 0.17265625 0.0265625 0.03359375
0 0.97734375 0.84375 0.0234375 0.03515625
0 0.58828125 0.11875 0.0296875 0.05
0 0.6015625 0.20625 0.025 0.04609375
0 0.0546875 0.103125 0.0296875 0.03984375
0 0.85625 0.22421875 0.0375 0.04375
0 0.49921875 0.73984375 0.0421875 0.04375
0 0.5015625 0.021875 0.025 0.02734375
0 0.271875 0.2125 0.028125 0.0375
0 0.51953125 0.01171875 0.0296875 0.01875
0 0.371875 0.015625 0.0234375 0.02265625
1 0.57109375 0.13359375 0.0890625 0.1125
1 0.3203125 0.21015625 0.103125 0.09609375