0 0.73515625 0.56484375 0.0265625 0.0375
0 0.76171875 0.42265625 0.0265625 0.0375
0 0.7578125 0.14375 0.0265625 0.0375
0 0.80546875 0.15390625 0.0265625 0.0375
0 0.91640625 0.19375 0.0265625 0.0375
0 0.984375 0.23671875 0.0265625 0.0375
0 0.86484375 0.81015625 0.0265625 0.0375
0 0.7328125 0.77265625 0.0265625 0.04140625
0 0.7515625 0.853125 0.0265625 0.0375
0 0.71875 0.778125 0.0265625 0.0375
0 0.7234375 0.65078125 0.0265625 0.0375
0 0.91875 0.465625 0.028125 0.05
0 0.46640625 0.02734375 0.0265625 0.0375
0 0.36953125 0.403125 0.0265625 0.0375
0 0.51171875 0.13125 0.0265625 0.0375
0 0.15625 0.14609375 0.0265625 0.0375
0 0.165625 0.02109375 0.0265625 0.0375
0 0.1484375 0.246875 0.0265625 0.0375
0 0.171875 0.56328125 0.025 0.03984375
0 0.13359375 0.590625 0.025 0.03984375
0 0.3390625 0.81484375 0.0265625 0.03359375
0 0.23203125 0.91328125 0.0265625 0.03359375
0 0.28984375 0.36484375 0.0265625 0.03359375
0 0.43515625 0.46171875 0.028125 0.03359375
0 0.51875 0.59140625 0.0265625 0.03359375
0 0.3765625 0.46875 0.028125 0.0375
0 0.32890625 0.94140625 0.0265625 0.03359375
0 0.025 0.13671875 0.0234375 0.03515625
0 0.41171875 0.88125 0.0296875 0.05
0 0.3984375 0.79375 0.025 0.04609375
0 0.14375 0.77578125 0.0375 0.04375
0 0.0625 0.765625 0.0328125 0.04140625
0 0.50390625 0.25546875 0.0421875 0.04375
0 0.4953125 0.975 0.025 0.02734375
0 0.89921875 0.728125 0.0296875 0.03984375
0 0.48671875 0.98671875 0.0296875 0.01875
0 0.6328125 0.97421875 0.0234375 0.02734375
0 0.95625 0.921875 0.0296875 0.03359375
1 0.42890625 0.86640625 0.0890625 0.1125
1 0.6796875 0.78984375 0.103125 0.09609375