0 0.2671875 0.43203125 0.0265625 0.0375
0 0.23828125 0.57734375 0.0265625 0.0375
0 0.2421875 0.85625 0.0265625 0.0375
0 0.19453125 0.84609375 0.0265625 0.0375
0 0.08359375 0.80625 0.0265625 0.0375
0 0.01953125 0.75078125 0.0265625 0.0375
0 0.13515625 0.18984375 0.0265625 0.0375
0 0.2296875 0.1875 0.0265625 0.04140625
0 0.26015625 0.13125 0.0265625 0.0375
0 0.2828125 0.21953125 0.0265625 0.0375
0 0.2890625 0.33203125 0.0265625 0.0375
0 0.165625 0.53984375 0.028125 0.05
0 0.54609375 0.94921875 0.0265625 0.0375
0 0.6375 0.58046875 0.0265625 0.0375
0 0.48828125 0.86875 0.0265625 0.0375
0 0.8453125 0.85 0.0265625 0.0375
0 0.8359375 0.975 0.0265625 0.0375
0 0.85234375 0.75234375 0.0265625 0.0375
0 0.828125 0.43671875 0.025 0.03984375
0 0.8671875 0.409375 0.025 0.03984375
0 0.66328125 0.175 0.0265625 0.03359375
0 0.771875 0.07890625 0.0265625 0.03359375
0 0.71015625 0.63515625 0.0265625 0.03359375
0 0.578125 0.52109375 0.0265625 0.03359375
0 0.48984375 0.40546875 0.0265625 0.03359375
0 0.00703125 0.290625 0.0140625 0.03359375
0 0.4359375 0.40234375 0.028125 0.0375
0 0.76484375 0.225 0.0265625 0.03359375
0 0.97890625 0.8375 0.021875 0.03515625
0 0.58828125 0.11875 0.0296875 0.05
0 0.6015625 0.20625 0.025 0.04609375
0 0.0609375 0.14609375 0.0359375 0.04609375
0 0.85625 0.22421875 0.0375 0.04375
0 0.5 0.73828125 0.0421875 0.04375
0 0.5 0.02109375 0.025 0.02734375
0 0.29375 0.146875 0.028125 0.0375
0 0.5203125 0.01171875 0.0296875 0.01875
0 0.37265625 0.0125 0.0234375 0.02265625
1 0.57109375 0.13359375 0.0890625 0.1125
1 0.3203125 0.21015625 0.103125 0.09609375