0 0.26484375 0.56484375 0.0265625 0.0375
0 0.23828125 0.42265625 0.0265625 0.0375
0 0.23984375 0.14375 0.0265625 0.0375
0 0.19453125 0.15390625 0.0265625 0.0375
0 0.08359375 0.19375 0.0265625 0.0375
0 0.13515625 0.81015625 0.0265625 0.0375
0 0.2484375 0.80234375 0.0265625 0.04140625
0 0.2125 0.81484375 0.0265625 0.0375
0 0.26640625 0.74296875 0.0265625 0.0375
0 0.2234375 0.60390625 0.0265625 0.0375
0 0.53984375 0.01875 0.0265625 0.0375
0 0.6296875 0.390625 0.0265625 0.0375
0 0.48828125 0.13125 0.0265625 0.0375
0 0.84296875 0.14375 0.0265625 0.0375
0 0.83359375 0.01875 0.0265625 0.0375
0 0.84140625 0.23125 0.0265625 0.0375
0 0.828125 0.56328125 0.025 0.03984375
0 0.8640625 0.590625 0.025 0.03984375
0 0.62890625 0.76171875 0.0265625 0.03359375
0 0.740625 0.859375 0.0265625 0.03359375
0 0.71015625 0.36484375 0.0265625 0.03359375
0 0.5015625 0.39296875 0.0296875 0.03359375
0 0.459375 0.53515625 0.0265625 0.03359375
0 0.58828125 0.88125 0.0296875 0.05
0 0.6015625 0.79375 0.025 0.04609375
0 0.85625 0.77578125 0.0375 0.04375
0 0.48671875 0.24296875 0.0421875 0.04375
0 0.746875 0.08984375 0.0296875 0.03984375
0 0.196875 0.19609375 0.025 0.03984375
0 0.4828125 0.95078125 0.025 0.02734375
0 0.509375 0.971875 0.0296875 0.03125
0 0.35703125 0.93671875 0.0234375 0.02734375
0 0.7859375 0.753125 0.034375 0.03984375
0 0.97578125 0.96796875 0.0234375 0.03359375
1 0.57109375 0.86640625 0.0890625 0.1125
1 0.3203125 0.78984375 0.103125 0.09609375