0 0.275 0.41640625 0.0265625 0.0375
0 0.23828125 0.58125 0.0265625 0.0375
0 0.2453125 0.85078125 0.0265625 0.0375
0 0.19453125 0.84609375 0.0265625 0.0375
0 0.08359375 0.80625 0.0265625 0.0375
0 0.02890625 0.728125 0.0265625 0.0375
0 0.13515625 0.18984375 0.0265625 0.0375
0 0.20390625 0.13359375 0.0265625 0.0375
0 0.30546875 0.1 0.0265625 0.0375
0 0.284375 0.21796875 0.0265625 0.0375
0 0.3140625 0.30625 0.0265625 0.0375
0 0.37734375 0.16015625 0.0265625 0.04140625
0 0.58125 0.88046875 0.0265625 0.0375
0 0.6453125 0.56484375 0.0265625 0.0375
0 0.48828125 0.86875 0.0265625 0.0375
0 0.575 0.80859375 0.0265625 0.0375
0 0.8484375 0.83984375 0.0265625 0.0375
0 0.8390625 0.96484375 0.0265625 0.0375
0 0.8546875 0.74921875 0.0265625 0.0375
0 0.93359375 0.72421875 0.0265625 0.0375
0 0.828125 0.43671875 0.025 0.03984375
0 0.86875 0.409375 0.025 0.03984375
0 0.68828125 0.13671875 0.0234375 0.03515625
0 0.67265625 0.13671875 0.0265625 0.03359375
0 0.7703125 0.06484375 0.0265625 0.03359375
0 0.7125 0.63828125 0.0265625 0.03359375
0 0.5890625 0.484375 0.0265625 0.03359375
0 0.5 0.38515625 0.0265625 0.03359375
0 0.07265625 0.53203125 0.0296875 0.0375
0 0.0171875 0.22265625 0.0265625 0.03359375
0 0.1140625 0.26484375 0.028125 0.0375
0 0.76875 0.79609375 0.0265625 0.03359375
0 0.9890625 0.771875 0.021875 0.03359375
0 0.609375 0.34453125 0.025 0.03515625
0 0.58828125 0.11875 0.0296875 0.05
0 0.6015625 0.20625 0.025 0.04609375
0 0.30859375 0.67890625 0.0390625 0.04140625
0 0.63203125 0.590625 0.028125 0.03515625
0 0.85625 0.22421875 0.0375 0.04375
0 0.5125 0.71953125 0.0421875 0.04375