0 0.26484375 0.43515625 0.0265625 0.0375
0 0.23828125 0.57734375 0.0265625 0.0375
0 0.24140625 0.85625 0.0265625 0.0375
0 0.19453125 0.84609375 0.0265625 0.0375
0 0.08359375 0.80625 0.0265625 0.0375
0 0.0140625 0.76875 0.0265625 0.0375
0 0.13515625 0.18984375 0.0265625 0.0375
0 0.29453125 0.24375 0.0265625 0.04140625
0 0.2453125 0.153125 0.0265625 0.0375
0 0.28125 0.221875 0.0265625 0.0375
0 0.27109375 0.35859375 0.0265625 0.0375
0 0.01484375 0.546875 0.0265625 0.05
0 0.534375 0.97421875 0.0265625 0.0375
0 0.62734375 0.60390625 0.0265625 0.0375
0 0.48828125 0.86875 0.0265625 0.0375
0 0.84296875 0.85625 0.0265625 0.0375
0 0.83359375 0.98125 0.0265625 0.0375
0 0.85078125 0.75390625 0.0265625 0.0375
0 0.828125 0.43671875 0.025 0.03984375
0 0.865625 0.409375 0.025 0.03984375
0 0.66015625 0.19140625 0.0265625 0.03359375
0 0.76640625 0.090625 0.0265625 0.03359375
0 0.71015625 0.63515625 0.0265625 0.03359375
0 0.5578125 0.54921875 0.0296875 0.03359375
0 0.478125 0.41328125 0.0265625 0.03359375
0 0.6625 0.52890625 0.028125 0.0375
0 0.57265625 0.02734375 0.0265625 0.03359375
0 0.9671875 0.88046875 0.0234375 0.03515625
0 0.58828125 0.11875 0.0296875 0.05
0 0.6015625 0.20625 0.025 0.04609375
0 0.85625 0.22421875 0.0375 0.04375
0 0.88359375 0.171875 0.0328125 0.04375
0 0.49453125 0.746875 0.0421875 0.04375
0 0.50390625 0.028125 0.025 0.02734375
0 0.509375 0.01484375 0.0296875 0.01875
0 0.36484375 0.03359375 0.0234375 0.02734375
1 0.57109375 0.13359375 0.0890625 0.1125
1 0.3203125 0.21015625 0.103125 0.09609375