0 0.26796875 0.56796875 0.0265625 0.0375
0 0.23828125 0.42265625 0.0265625 0.0375
0 0.2421875 0.14375 0.0265625 0.0375
0 0.19453125 0.15390625 0.0265625 0.0375
0 0.08359375 0.19375 0.0265625 0.0375
0 0.0203125 0.25 0.0265625 0.0375
0 0.13515625 0.81015625 0.0265625 0.0375
0 0.22734375 0.81640625 0.0265625 0.04140625
0 0.26171875 0.87109375 0.0265625 0.0375
0 0.2828125 0.78046875 0.0265625 0.0375
0 0.290625 0.66953125 0.0265625 0.0375
0 0.16640625 0.478125 0.028125 0.04609375
0 0.54765625 0.05546875 0.0265625 0.0375
0 0.63828125 0.42109375 0.0265625 0.0375
0 0.48828125 0.13125 0.0265625 0.0375
0 0.8453125 0.15078125 0.0265625 0.0375
0 0.8359375 0.02578125 0.0265625 0.0375
0 0.85234375 0.24765625 0.0265625 0.0375
0 0.828125 0.56328125 0.025 0.03984375
0 0.8671875 0.590625 0.025 0.03984375
0 0.66328125 0.82578125 0.0265625 0.03359375
0 0.77265625 0.921875 0.0265625 0.03359375
0 0.71015625 0.36484375 0.0265625 0.03359375
0 0.57890625 0.48203125 0.0265625 0.03359375
0 0.49140625 0.59453125 0.0265625 0.03359375
0 0.0078125 0.7125 0.015625 0.03359375
0 0.425 0.57265625 0.028125 0.0375
0 0.75703125 0.75390625 0.0265625 0.03359375
0 0.98046875 0.165625 0.021875 0.03515625
0 0.80703125 0.01796875 0.03125 0.03125
0 0.58828125 0.88125 0.0296875 0.05
0 0.6015625 0.79375 0.025 0.04609375
0 0.09609375 0.821875 0.0359375 0.04609375
0 0.85625 0.77578125 0.0375 0.04375
0 0.50078125 0.2625 0.0421875 0.04375
0 0.5 0.97890625 0.025 0.02734375
0 0.31171875 0.878125 0.028125 0.0375
0 0.52109375 0.98984375 0.0296875 0.01875
0 0.3734375 0.98828125 0.0234375 0.02109375
1 0.57109375 0.86640625 0.0890625 0.1125
1 0.3203125 0.78984375 0.103125 0.09609375