0 0.72578125 0.58125 0.0265625 0.0375
0 0.76171875 0.41953125 0.0265625 0.0375
0 0.75546875 0.14765625 0.0265625 0.0375
0 0.80546875 0.15390625 0.0265625 0.0375
0 0.91640625 0.19375 0.0265625 0.0375
0 0.971875 0.27109375 0.0265625 0.0375
0 0.86484375 0.81015625 0.0265625 0.0375
0 0.7921875 0.86015625 0.0265625 0.0375
0 0.69921875 0.89765625 0.0265625 0.0375
0 0.715625 0.78203125 0.0265625 0.0375
0 0.68671875 0.69296875 0.0265625 0.0375
0 0.64453125 0.77421875 0.0265625 0.04140625
0 0.421875 0.11640625 0.0265625 0.0375
0 0.35546875 0.434375 0.0265625 0.0375
0 0.51171875 0.13125 0.0265625 0.0375
0 0.35234375 0.17109375 0.0234375 0.0375
0 0.1515625 0.159375 0.0265625 0.0375
0 0.1609375 0.034375 0.0265625 0.0375
0 0.1453125 0.25078125 0.0265625 0.0375
0 0.04296875 0.20234375 0.0265625 0.04375
0 0.171875 0.56328125 0.025 0.03984375
0 0.13203125 0.590625 0.025 0.03984375
0 0.34765625 0.84921875 0.0234375 0.03515625
0 0.328125 0.86015625 0.0265625 0.03359375
0 0.22890625 0.93359375 0.0265625 0.03359375
0 0.28828125 0.3625 0.0265625 0.03359375
0 0.41015625 0.5125 0.0265625 0.03359375
0 0.50078125 0.61328125 0.0265625 0.03359375
0 0.96796875 0.49765625 0.0296875 0.0375
0 0.984375 0.76953125 0.0265625 0.03359375
0 0.86328125 0.696875 0.028125 0.0375
0 0.2296875 0.28359375 0.0265625 0.03359375
0 0.009375 0.22578125 0.01875 0.03515625
0 0.3609375 0.584375 0.025 0.03515625
0 0.41171875 0.88125 0.0296875 0.05
0 0.3984375 0.79375 0.025 0.04609375
0 0.71640625 0.36875 0.0390625 0.04140625
0 0.4890625 0.43828125 0.028125 0.03515625
0 0.14375 0.77578125 0.0375 0.04375
0 0.4890625 0.27890625 0.0421875 0.04375
1 0.42890625 0.86640625 0.0890625 0.1125
1 0.6796875 0.78984375 0.103125 0.09609375