0 0.26484375 0.43515625 0.0265625 0.0375
0 0.23828125 0.57734375 0.0265625 0.0375
0 0.240625 0.85625 0.0265625 0.0375
0 0.19453125 0.84609375 0.0265625 0.0375
0 0.08359375 0.80625 0.0265625 0.0375
0 0.00546875 0.81015625 0.0109375 0.03359375
0 0.13515625 0.18984375 0.0265625 0.0375
0 0.30390625 0.21796875 0.0265625 0.04140625
0 0.2328125 0.17421875 0.0265625 0.0375
0 0.27109375 0.24140625 0.0265625 0.0375
0 0.23671875 0.37890625 0.0265625 0.0375
0 0.53828125 0.97890625 0.0265625 0.0375
0 0.63046875 0.61015625 0.0265625 0.0375
0 0.48828125 0.86875 0.0265625 0.0375
0 0.84296875 0.85625 0.0265625 0.0375
0 0.83359375 0.98125 0.0265625 0.0375
0 0.84140625 0.75390625 0.0265625 0.0375
0 0.828125 0.43671875 0.025 0.03984375
0 0.86484375 0.409375 0.025 0.03984375
0 0.63125 0.23515625 0.0265625 0.03359375
0 0.75546875 0.109375 0.0265625 0.03359375
0 0.71015625 0.63515625 0.0265625 0.03359375
0 0.52109375 0.59765625 0.0296875 0.03359375
0 0.4625 0.44296875 0.0265625 0.03359375
0 0.98359375 0.39296875 0.028125 0.0375
0 0.9296875 0.97109375 0.0234375 0.03515625
0 0.58828125 0.11875 0.0296875 0.05
0 0.6015625 0.20625 0.025 0.04609375
0 0.85625 0.22421875 0.0375 0.04375
0 0.48984375 0.753125 0.0421875 0.04375
0 0.878125 0.634375 0.0296875 0.03984375
0 0.140625 0.928125 0.025 0.03984375
0 0.1984375 0.97890625 0.028125 0.02890625
0 0.484375 0.046875 0.025 0.02734375
0 0.5078125 0.02421875 0.0296875 0.03125
0 0.35703125 0.06328125 0.0234375 0.02734375
0 0.9875 0.01328125 0.0203125 0.02265625
1 0.57109375 0.13359375 0.0890625 0.1125
1 0.3203125 0.21015625 0.103125 0.09609375