0 0.73515625 0.43515625 0.0265625 0.0375
0 0.76171875 0.57734375 0.0265625 0.0375
0 0.759375 0.85625 0.0265625 0.0375
0 0.80546875 0.84609375 0.0265625 0.0375
0 0.91640625 0.80625 0.0265625 0.0375
0 0.99453125 0.81015625 0.0109375 0.03359375
0 0.86484375 0.18984375 0.0265625 0.0375
0 0.69609375 0.21796875 0.0265625 0.04140625
0 0.76953125 0.17421875 0.0265625 0.0375
0 0.7296875 0.24375 0.0265625 0.0375
0 0.76484375 0.38125 0.0265625 0.0375
0 0.46171875 0.97890625 0.0265625 0.0375
0 0.36875 0.61015625 0.0265625 0.0375
0 0.51171875 0.86875 0.0265625 0.0375
0 0.15703125 0.85625 0.0265625 0.0375
0 0.16640625 0.98125 0.0265625 0.0375
0 0.159375 0.75390625 0.0265625 0.0375
0 0.171875 0.43671875 0.025 0.03984375
0 0.1359375 0.409375 0.025 0.03984375
0 0.36875 0.23671875 0.0265625 0.03359375
0 0.24453125 0.11171875 0.0265625 0.03359375
0 0.28984375 0.63515625 0.0265625 0.03359375
0 0.48046875 0.6 0.0296875 0.03359375
0 0.5375 0.44453125 0.0265625 0.03359375
0 0.00546875 0.36953125 0.0109375 0.03359375
0 0.0734375 0.975 0.0234375 0.03515625
0 0.41171875 0.11875 0.0296875 0.05
0 0.3984375 0.20625 0.025 0.04609375
0 0.14375 0.22421875 0.0375 0.04375
0 0.5109375 0.75390625 0.0421875 0.04375
0 0.134375 0.67578125 0.0296875 0.03984375
0 0.85234375 0.92890625 0.025 0.03984375
0 0.821875 0.95703125 0.03125 0.03984375
0 0.515625 0.046875 0.025 0.02734375
0 0.4921875 0.02421875 0.0296875 0.03125
0 0.64296875 0.06328125 0.0234375 0.02734375
0 0.265625 0.02421875 0.021875 0.03125
0 0.01328125 0.015625 0.0203125 0.02265625
1 0.42890625 0.13359375 0.0890625 0.1125
1 0.6796875 0.21015625 0.103125 0.09609375