0 0.271875 0.425 0.0265625 0.0375
0 0.23828125 0.57734375 0.0265625 0.0375
0 0.24296875 0.85625 0.0265625 0.0375
0 0.19453125 0.84609375 0.0265625 0.0375
0 0.08359375 0.80625 0.0265625 0.0375
0 0.025 0.734375 0.0265625 0.0375
0 0.13515625 0.18984375 0.0265625 0.0375
0 0.22109375 0.17734375 0.0265625 0.0375
0 0.28359375 0.11328125 0.0265625 0.0375
0 0.28359375 0.21875 0.0265625 0.0375
0 0.3078125 0.31328125 0.0265625 0.0375
0 0.3109375 0.39375 0.0265625 0.04140625
0 0.56796875 0.90078125 0.0265625 0.0375
0 0.640625 0.56953125 0.0265625 0.0375
0 0.48828125 0.86875 0.0265625 0.0375
0 0.9 0.86796875 0.0234375 0.0375
0 0.846875 0.84453125 0.0265625 0.0375
0 0.8375 0.96953125 0.0265625 0.0375
0 0.85390625 0.75 0.0265625 0.0375
0 0.828125 0.43671875 0.025 0.03984375
0 0.86796875 0.409375 0.025 0.03984375
0 0.66875 0.15234375 0.0265625 0.03359375
0 0.77265625 0.07109375 0.0265625 0.03359375
0 0.71015625 0.63515625 0.0265625 0.03359375
0 0.5890625 0.496875 0.0265625 0.03359375
0 0.49765625 0.39453125 0.0265625 0.03359375
0 0.01328125 0.25703125 0.0265625 0.03359375
0 0.290625 0.37265625 0.028125 0.0375
0 0.75859375 0.55 0.0265625 0.03359375
0 0.99296875 0.78828125 0.0125 0.03515625
0 0.7140625 0.61640625 0.0296875 0.04140625
0 0.58828125 0.11875 0.0296875 0.05
0 0.6015625 0.20625 0.025 0.04609375
0 0.23984375 0.45 0.0359375 0.04609375
0 0.103125 0.334375 0.0328125 0.0375
0 0.85625 0.22421875 0.0375 0.04375
0 0.50703125 0.728125 0.0421875 0.04375
1 0.57109375 0.13359375 0.0890625 0.1125
1 0.3203125 0.21015625 0.103125 0.09609375