0 0.725 0.58515625 0.0265625 0.0375
0 0.76171875 0.41796875 0.0265625 0.0375
0 0.7546875 0.15 0.0265625 0.0375
0 0.80546875 0.15390625 0.0265625 0.0375
0 0.91640625 0.19375 0.0265625 0.0375
0 0.9703125 0.271875 0.0265625 0.0375
0 0.86484375 0.81015625 0.0265625 0.0375
0 0.80546875 0.87421875 0.0265625 0.0375
0 0.690625 0.903125 0.0265625 0.0375
0 0.71484375 0.78359375 0.0265625 0.0375
0 0.6859375 0.69453125 0.0265625 0.0375
0 0.58671875 0.865625 0.0265625 0.04140625
0 0.41640625 0.12265625 0.0265625 0.0375
0 0.35390625 0.43671875 0.0265625 0.0375
0 0.51171875 0.13125 0.0265625 0.0375
0 0.48984375 0.225 0.0265625 0.0375
0 0.1515625 0.16171875 0.0265625 0.0375
0 0.1609375 0.03671875 0.0265625 0.0375
0 0.14453125 0.25234375 0.0265625 0.0375
0 0.10859375 0.30390625 0.0265625 0.0375
0 0.171875 0.56328125 0.025 0.03984375
0 0.13125 0.590625 0.025 0.03984375
0 0.309375 0.821875 0.0234375 0.03359375
0 0.3265625 0.86640625 0.0265625 0.03359375
0 0.2296875 0.93671875 0.0265625 0.03359375
0 0.2875 0.36171875 0.0265625 0.03359375
0 0.4109375 0.51796875 0.0265625 0.03359375
0 0.5 0.615625 0.0265625 0.03359375
0 0.85 0.44453125 0.028125 0.03515625
0 0.9828125 0.78203125 0.0265625 0.03359375
0 0.92890625 0.77109375 0.0265625 0.03359375
0 0.25625 0.18046875 0.0265625 0.03359375
0 0.01171875 0.22890625 0.0234375 0.03359375
0 0.43203125 0.709375 0.025 0.03515625
0 0.41171875 0.88125 0.0296875 0.05
0 0.3984375 0.79375 0.025 0.04609375
0 0.66328125 0.26484375 0.0390625 0.04140625
0 0.2609375 0.40546875 0.028125 0.03515625
0 0.14375 0.77578125 0.0375 0.04375
0 0.48671875 0.28203125 0.0421875 0.04375