0 0.26484375 0.56484375 0.0265625 0.0375
0 0.23828125 0.42265625 0.0265625 0.0375
0 0.24140625 0.14375 0.0265625 0.0375
0 0.19453125 0.15390625 0.0265625 0.0375
0 0.08359375 0.19375 0.0265625 0.0375
0 0.00625 0.203125 0.0125 0.03125
0 0.13515625 0.81015625 0.0265625 0.0375
0 0.31640625 0.77109375 0.0265625 0.04140625
0 0.240625 0.83359375 0.0265625 0.0375
0 0.27734375 0.77109375 0.0265625 0.0375
0 0.2484375 0.62890625 0.0265625 0.0375
0 0.53671875 0.02265625 0.0265625 0.0375
0 0.62890625 0.39296875 0.0265625 0.0375
0 0.48828125 0.13125 0.0265625 0.0375
0 0.84296875 0.14375 0.0265625 0.0375
0 0.83359375 0.01875 0.0265625 0.0375
0 0.8453125 0.24609375 0.0265625 0.0375
0 0.828125 0.56328125 0.025 0.03984375
0 0.86484375 0.590625 0.025 0.03984375
0 0.64453125 0.77109375 0.0265625 0.03359375
0 0.7609375 0.89921875 0.0265625 0.03359375
0 0.71015625 0.36484375 0.0265625 0.03359375
0 0.53671875 0.41640625 0.0296875 0.03359375
0 0.46875 0.571875 0.0265625 0.03359375
0 0.80625 0.59296875 0.028125 0.0375
0 0.94765625 0.06484375 0.0234375 0.03515625
0 0.58828125 0.88125 0.0296875 0.05
0 0.6015625 0.79375 0.025 0.04609375
0 0.85625 0.77578125 0.0375 0.04375
0 0.4921875 0.25 0.0421875 0.04375
0 0.9703125 0.58046875 0.028125 0.04375
0 0.4890625 0.95859375 0.025 0.02734375
0 0.50703125 0.97890625 0.0296875 0.02890625
0 0.36015625 0.94765625 0.0234375 0.02734375
1 0.57109375 0.86640625 0.0890625 0.1125
1 0.3203125 0.78984375 0.103125 0.09609375