0 0.2734375 0.58046875 0.0265625 0.0375
0 0.23828125 0.42109375 0.0265625 0.0375
0 0.24375 0.14609375 0.0265625 0.0375
0 0.19453125 0.15390625 0.0265625 0.0375
0 0.08359375 0.19375 0.0265625 0.0375
0 0.02734375 0.26953125 0.0265625 0.0375
0 0.13515625 0.81015625 0.0265625 0.0375
0 0.21953125 0.84609375 0.0265625 0.0375
0 0.29765625 0.89609375 0.0265625 0.0375
0 0.284375 0.78203125 0.0265625 0.0375
0 0.3125 0.69140625 0.0265625 0.0375
0 0.3765625 0.71328125 0.0265625 0.04140625
0 0.57578125 0.11328125 0.0265625 0.0375
0 0.64375 0.43359375 0.0265625 0.0375
0 0.48828125 0.13125 0.0265625 0.0375
0 0.71640625 0.22109375 0.0234375 0.0375
0 0.84765625 0.15859375 0.0265625 0.0375
0 0.83828125 0.03359375 0.0265625 0.0375
0 0.8546875 0.25078125 0.0265625 0.0375
0 0.98203125 0.16171875 0.0265625 0.04375
0 0.828125 0.56328125 0.025 0.03984375
0 0.86796875 0.590625 0.025 0.03984375
0 0.63203125 0.86171875 0.0234375 0.03515625
0 0.67109375 0.85859375 0.0265625 0.03359375
0 0.77109375 0.93203125 0.0265625 0.03359375
0 0.7109375 0.36328125 0.0265625 0.03359375
0 0.590625 0.51015625 0.0265625 0.03359375
0 0.4984375 0.6125 0.0265625 0.03359375
0 0.01015625 0.415625 0.0171875 0.03984375
0 0.01484375 0.76328125 0.0265625 0.03359375
0 0.18125 0.74140625 0.028125 0.0375
0 0.77265625 0.31640625 0.0265625 0.03359375
0 0.99140625 0.225 0.0171875 0.03515625
0 0.6484375 0.56015625 0.025 0.03359375
0 0.58828125 0.88125 0.0296875 0.05
0 0.6015625 0.79375 0.025 0.04609375
0 0.25703125 0.42890625 0.0359375 0.04609375
0 0.40234375 0.47109375 0.0328125 0.0375
0 0.85625 0.77578125 0.0375 0.04375
0 0.51015625 0.27734375 0.0421875 0.04375
1 0.57109375 0.86640625 0.0890625 0.1125
1 0.3203125 0.78984375 0.103125 0.09609375