0 0.73125 0.56875 0.0265625 0.0375
0 0.76171875 0.42265625 0.0265625 0.0375
0 0.7578125 0.14375 0.0265625 0.0375
0 0.80546875 0.15390625 0.0265625 0.0375
0 0.91640625 0.19375 0.0265625 0.0375
0 0.9796875 0.25234375 0.0265625 0.0375
0 0.86484375 0.81015625 0.0265625 0.0375
0 0.77265625 0.81484375 0.0265625 0.04140625
0 0.73671875 0.87265625 0.0265625 0.0375
0 0.7171875 0.78046875 0.0265625 0.0375
0 0.7078125 0.671875 0.0265625 0.0375
0 0.8109375 0.45859375 0.028125 0.04609375
0 0.45 0.059375 0.0265625 0.0375
0 0.36171875 0.421875 0.0265625 0.0375
0 0.51171875 0.13125 0.0265625 0.0375
0 0.1546875 0.15078125 0.0265625 0.0375
0 0.1640625 0.02578125 0.0265625 0.0375
0 0.14765625 0.24765625 0.0265625 0.0375
0 0.171875 0.56328125 0.025 0.03984375
0 0.1328125 0.590625 0.025 0.03984375
0 0.3359375 0.82890625 0.0265625 0.03359375
0 0.2265625 0.92265625 0.0265625 0.03359375
0 0.28984375 0.36484375 0.0265625 0.03359375
0 0.41953125 0.484375 0.0265625 0.03359375
0 0.5078125 0.59453125 0.0265625 0.03359375
0 0.9921875 0.7125 0.015625 0.03359375
0 0.5828125 0.55234375 0.028125 0.0375
0 0.23828125 0.71640625 0.0265625 0.03359375
0 0.01796875 0.17109375 0.0203125 0.03515625
0 0.18671875 0.05625 0.0328125 0.04140625
0 0.41171875 0.88125 0.0296875 0.05
0 0.3984375 0.79375 0.025 0.04609375
0 0.89140625 0.79921875 0.0359375 0.04609375
0 0.14375 0.77578125 0.0375 0.04375
0 0.4984375 0.26328125 0.0421875 0.04375
0 0.546875 0.97890625 0.0234375 0.025
0 0.50078125 0.98046875 0.025 0.02734375
0 0.6625 0.91328125 0.028125 0.0375
0 0.47734375 0.98984375 0.0296875 0.01875
0 0.63203125 0.98984375 0.0234375 0.0203125
1 0.42890625 0.86640625 0.0890625 0.1125
1 0.6796875 0.78984375 0.103125 0.09609375