0 0.725 0.58359375 0.0265625 0.0375
0 0.76171875 0.41875 0.0265625 0.0375
0 0.75546875 0.14921875 0.0265625 0.0375
0 0.80546875 0.15390625 0.0265625 0.0375
0 0.91640625 0.19375 0.0265625 0.0375
0 0.97109375 0.27109375 0.0265625 0.0375
0 0.86484375 0.81015625 0.0265625 0.0375
0 0.7953125 0.86796875 0.0265625 0.0375
0 0.69453125 0.9 0.0265625 0.0375
0 0.715625 0.78203125 0.0265625 0.0375
0 0.68671875 0.69375 0.0265625 0.0375
0 0.62265625 0.8375 0.0265625 0.04140625
0 0.41953125 0.11953125 0.0265625 0.0375
0 0.3546875 0.43515625 0.0265625 0.0375
0 0.51171875 0.13125 0.0265625 0.0375
0 0.42578125 0.18984375 0.0265625 0.0375
0 0.1515625 0.16015625 0.0265625 0.0375
0 0.1609375 0.03515625 0.0265625 0.0375
0 0.1453125 0.25078125 0.0265625 0.0375
0 0.06640625 0.27890625 0.0265625 0.0375
0 0.171875 0.56328125 0.025 0.03984375
0 0.13125 0.590625 0.025 0.03984375
0 0.31171875 0.86484375 0.0234375 0.03515625
0 0.32734375 0.86328125 0.0265625 0.03359375
0 0.2296875 0.93515625 0.0265625 0.03359375
0 0.28828125 0.3625 0.0265625 0.03359375
0 0.41015625 0.515625 0.0265625 0.03359375
0 0.50078125 0.61484375 0.0265625 0.03359375
0 0.92421875 0.475 0.0296875 0.0375
0 0.9828125 0.77734375 0.0265625 0.03359375
0 0.88515625 0.73671875 0.028125 0.0375
0 0.23046875 0.20390625 0.0265625 0.03359375
0 0.0109375 0.228125 0.021875 0.03359375
0 0.38515625 0.66328125 0.025 0.03515625
0 0.41171875 0.88125 0.0296875 0.05
0 0.3984375 0.79375 0.025 0.04609375
0 0.67734375 0.32109375 0.0390625 0.04140625
0 0.3703125 0.396875 0.028125 0.03515625
0 0.14375 0.77578125 0.0375 0.04375
0 0.4875 0.28046875 0.0421875 0.04375