0 0.72578125 0.41875 0.0265625 0.0375
0 0.76171875 0.57890625 0.0265625 0.0375
0 0.75546875 0.853125 0.0265625 0.0375
0 0.80546875 0.84609375 0.0265625 0.0375
0 0.91640625 0.80625 0.0265625 0.0375
0 0.97265625 0.72890625 0.0265625 0.0375
0 0.86484375 0.18984375 0.0265625 0.0375
0 0.79140625 0.14921875 0.0265625 0.0375
0 0.7 0.103125 0.0265625 0.0375
0 0.715625 0.21796875 0.0265625 0.0375
0 0.68671875 0.30859375 0.0265625 0.0375
0 0.6265625 0.25 0.0265625 0.04140625
0 0.42265625 0.884375 0.0265625 0.0375
0 0.35546875 0.56640625 0.0265625 0.0375
0 0.51171875 0.86875 0.0265625 0.0375
0 0.340625 0.81484375 0.0234375 0.0375
0 0.1515625 0.840625 0.0265625 0.0375
0 0.1609375 0.965625 0.0265625 0.0375
0 0.1453125 0.74921875 0.0265625 0.0375
0 0.06328125 0.796875 0.0265625 0.04375
0 0.171875 0.43671875 0.025 0.03984375
0 0.13203125 0.409375 0.025 0.03984375
0 0.3640625 0.15625 0.0234375 0.03515625
0 0.328125 0.13984375 0.0265625 0.03359375
0 0.22890625 0.06640625 0.0265625 0.03359375
0 0.28828125 0.6375 0.0265625 0.03359375
0 0.41015625 0.4875 0.0265625 0.03359375
0 0.50078125 0.3875 0.0265625 0.03359375
0 0.98515625 0.52109375 0.0296875 0.0375
0 0.984375 0.23203125 0.0265625 0.03359375
0 0.8515625 0.27265625 0.028125 0.0375
0 0.21484375 0.72421875 0.0265625 0.03359375
0 0.009375 0.77421875 0.01875 0.03515625
0 0.371875 0.428125 0.025 0.03515625
0 0.41171875 0.11875 0.0296875 0.05
0 0.3984375 0.20625 0.025 0.04609375
0 0.71640625 0.6 0.0390625 0.04140625
0 0.51328125 0.56328125 0.0296875 0.03515625
0 0.14375 0.22421875 0.0375 0.04375
0 0.4890625 0.721875 0.0421875 0.04375
1 0.42890625 0.13359375 0.0890625 0.1125
1 0.6796875 0.21015625 0.103125 0.09609375