0 0.26484375 0.56484375 0.0265625 0.0375
0 0.23828125 0.42265625 0.0265625 0.0375
0 0.23984375 0.14375 0.0265625 0.0375
0 0.19453125 0.15390625 0.0265625 0.0375
0 0.08359375 0.19375 0.0265625 0.0375
0 0.13515625 0.81015625 0.0265625 0.0375
0 0.2109375 0.75625 0.0265625 0.04140625
0 0.2078125 0.80546875 0.0265625 0.0375
0 0.26171875 0.73125 0.0265625 0.0375
0 0.21640625 0.59765625 0.0265625 0.0375
0 0.53984375 0.01875 0.0265625 0.0375
0 0.628125 0.39453125 0.0265625 0.0375
0 0.48828125 0.13125 0.0265625 0.0375
0 0.84296875 0.14375 0.0265625 0.0375
0 0.83359375 0.01875 0.0265625 0.0375
0 0.84140625 0.21953125 0.0265625 0.0375
0 0.828125 0.56328125 0.025 0.03984375
0 0.8640625 0.590625 0.025 0.03984375
0 0.628125 0.76015625 0.0265625 0.03359375
0 0.73671875 0.846875 0.0265625 0.03359375
0 0.71015625 0.36484375 0.0265625 0.03359375
0 0.4921875 0.3875 0.0296875 0.03359375
0 0.45859375 0.528125 0.0265625 0.03359375
0 0.58828125 0.88125 0.0296875 0.05
0 0.6015625 0.79375 0.025 0.04609375
0 0.85625 0.77578125 0.0375 0.04375
0 0.48515625 0.240625 0.0421875 0.04375
0 0.69140625 0.03203125 0.0296875 0.03984375
0 0.19453125 0.290625 0.025 0.03984375
0 0.48203125 0.95 0.025 0.02734375
0 0.51015625 0.97109375 0.0296875 0.03125
0 0.35703125 0.93671875 0.0234375 0.02734375
0 0.775 0.61953125 0.034375 0.03984375
0 0.97109375 0.96015625 0.025 0.0375
1 0.57109375 0.86640625 0.0890625 0.1125
1 0.3203125 0.78984375 0.103125 0.09609375