0 0.72734375 0.42265625 0.0265625 0.0375
0 0.76171875 0.57734375 0.0265625 0.0375
0 0.75703125 0.85625 0.0265625 0.0375
0 0.80546875 0.84609375 0.0265625 0.0375
0 0.91640625 0.80625 0.0265625 0.0375
0 0.97421875 0.73125 0.0265625 0.0375
0 0.86484375 0.18984375 0.0265625 0.0375
0 0.78203125 0.17890625 0.0265625 0.0375
0 0.7109375 0.109375 0.0265625 0.0375
0 0.71640625 0.21875 0.0265625 0.0375
0 0.6890625 0.31015625 0.0265625 0.0375
0 0.66640625 0.38046875 0.0265625 0.04140625
0 0.42890625 0.89296875 0.0265625 0.0375
0 0.35859375 0.56875 0.0265625 0.0375
0 0.51171875 0.86875 0.0265625 0.0375
0 0.18203125 0.81640625 0.0234375 0.0375
0 0.15234375 0.84375 0.0265625 0.0375
0 0.16171875 0.96875 0.0265625 0.0375
0 0.14609375 0.75 0.0265625 0.0375
0 0.171875 0.43671875 0.025 0.03984375
0 0.13203125 0.409375 0.025 0.03984375
0 0.396875 0.0625 0.0234375 0.02890625
0 0.33046875 0.14765625 0.0265625 0.03359375
0 0.228125 0.06953125 0.0265625 0.03359375
0 0.28984375 0.63515625 0.0265625 0.03359375
0 0.40859375 0.49375 0.0265625 0.03359375
0 0.50234375 0.390625 0.0265625 0.03359375
0 0.98671875 0.24921875 0.0265625 0.03359375
0 0.7453125 0.32109375 0.028125 0.0375
0 0.25078125 0.59765625 0.0265625 0.03359375
0 0.00625 0.778125 0.0125 0.03515625
0 0.32734375 0.58046875 0.025 0.04140625
0 0.41171875 0.11875 0.0296875 0.05
0 0.3984375 0.20625 0.025 0.04609375
0 0.76796875 0.50390625 0.0359375 0.04609375
0 0.7953125 0.42890625 0.0328125 0.0375
0 0.14375 0.22421875 0.0375 0.04375
0 0.4921875 0.72578125 0.0421875 0.04375
1 0.42890625 0.13359375 0.0890625 0.1125
1 0.6796875 0.21015625 0.103125 0.09609375