0 0.26484375 0.43515625 0.0265625 0.0375
0 0.23828125 0.57734375 0.0265625 0.0375
0 0.2421875 0.85625 0.0265625 0.0375
0 0.19453125 0.84609375 0.0265625 0.0375
0 0.08359375 0.80625 0.0265625 0.0375
0 0.0171875 0.75859375 0.0265625 0.0375
0 0.13515625 0.18984375 0.0265625 0.0375
0 0.24921875 0.20390625 0.0265625 0.04140625
0 0.253125 0.140625 0.0265625 0.0375
0 0.28203125 0.22109375 0.0265625 0.0375
0 0.28125 0.34296875 0.0265625 0.0375
0 0.11875 0.534375 0.028125 0.05
0 0.53671875 0.96640625 0.0265625 0.0375
0 0.6328125 0.590625 0.0265625 0.0375
0 0.48828125 0.86875 0.0265625 0.0375
0 0.84453125 0.85234375 0.0265625 0.0375
0 0.83515625 0.97734375 0.0265625 0.0375
0 0.8515625 0.753125 0.0265625 0.0375
0 0.828125 0.43671875 0.025 0.03984375
0 0.86640625 0.409375 0.025 0.03984375
0 0.66171875 0.18125 0.0265625 0.03359375
0 0.76953125 0.084375 0.0265625 0.03359375
0 0.71015625 0.63515625 0.0265625 0.03359375
0 0.56953125 0.53203125 0.028125 0.03359375
0 0.484375 0.40625 0.0265625 0.03359375
0 0.5484375 0.48125 0.028125 0.0375
0 0.72265625 0.09140625 0.0265625 0.03359375
0 0.97578125 0.85546875 0.0234375 0.03515625
0 0.58828125 0.11875 0.0296875 0.05
0 0.6015625 0.20625 0.025 0.04609375
0 0.0140625 0.01328125 0.015625 0.0265625
0 0.85625 0.22421875 0.0375 0.04375
0 0.975 0.275 0.025 0.03359375
0 0.49765625 0.74296875 0.0421875 0.04375
0 0.503125 0.02265625 0.025 0.02734375
0 0.1765625 0.27421875 0.028125 0.0375
0 0.51640625 0.0125 0.0296875 0.01875
0 0.36875 0.02109375 0.0234375 0.02734375
1 0.57109375 0.13359375 0.0890625 0.1125
1 0.3203125 0.21015625 0.103125 0.09609375