0 0.72734375 0.425 0.0265625 0.0375
0 0.76171875 0.57734375 0.0265625 0.0375
0 0.75703125 0.85625 0.0265625 0.0375
0 0.80546875 0.84609375 0.0265625 0.0375
0 0.91640625 0.80625 0.0265625 0.0375
0 0.975 0.73359375 0.0265625 0.0375
0 0.86484375 0.18984375 0.0265625 0.0375
0 0.7796875 0.17890625 0.0265625 0.0375
0 0.71484375 0.1125 0.0265625 0.0375
0 0.71640625 0.21875 0.0265625 0.0375
0 0.69140625 0.3125 0.0265625 0.0375
0 0.6890625 0.38515625 0.0265625 0.04140625
0 0.43125 0.89921875 0.0265625 0.0375
0 0.35859375 0.56953125 0.0265625 0.0375
0 0.51171875 0.86875 0.0265625 0.0375
0 0.13203125 0.88125 0.0234375 0.0375
0 0.153125 0.84375 0.0265625 0.0375
0 0.1625 0.96875 0.0265625 0.0375
0 0.14609375 0.75 0.0265625 0.0375
0 0.171875 0.43671875 0.025 0.03984375
0 0.13203125 0.409375 0.025 0.03984375
0 0.33125 0.15078125 0.0265625 0.03359375
0 0.22734375 0.07109375 0.0265625 0.03359375
0 0.28984375 0.63515625 0.0265625 0.03359375
0 0.41015625 0.49609375 0.0265625 0.03359375
0 0.50234375 0.39296875 0.0265625 0.03359375
0 0.98671875 0.25390625 0.0265625 0.03359375
0 0.7390625 0.37890625 0.028125 0.0375
0 0.23203125 0.57265625 0.0265625 0.03359375
0 0.00703125 0.784375 0.0125 0.03515625
0 0.31484375 0.62265625 0.0296875 0.04140625
0 0.41171875 0.11875 0.0296875 0.05
0 0.3984375 0.20625 0.025 0.04609375
0 0.75703125 0.46640625 0.0359375 0.04609375
0 0.865625 0.38046875 0.0328125 0.0375
0 0.14375 0.22421875 0.0375 0.04375
0 0.49296875 0.72734375 0.0421875 0.04375
1 0.42890625 0.13359375 0.0890625 0.1125
1 0.6796875 0.21015625 0.103125 0.09609375