0 0.73515625 0.56484375 0.0265625 0.0375
0 0.76171875 0.42265625 0.0265625 0.0375
0 0.759375 0.14375 0.0265625 0.0375
0 0.80546875 0.15390625 0.0265625 0.0375
0 0.91640625 0.19375 0.0265625 0.0375
0 0.86484375 0.81015625 0.0265625 0.0375
0 0.70234375 0.78515625 0.0265625 0.04140625
0 0.77265625 0.82734375 0.0265625 0.0375
0 0.73046875 0.75390625 0.0265625 0.0375
0 0.76640625 0.61640625 0.0265625 0.0375
0 0.46171875 0.02109375 0.0265625 0.0375
0 0.36875 0.38828125 0.0265625 0.0375
0 0.51171875 0.13125 0.0265625 0.0375
0 0.15703125 0.14375 0.0265625 0.0375
0 0.16640625 0.01875 0.0265625 0.0375
0 0.16015625 0.24609375 0.0265625 0.0375
0 0.171875 0.56328125 0.025 0.03984375
0 0.1359375 0.590625 0.025 0.03984375
0 0.36953125 0.76328125 0.0265625 0.03359375
0 0.2453125 0.88671875 0.0265625 0.03359375
0 0.28984375 0.36484375 0.0265625 0.03359375
0 0.4828125 0.39921875 0.0296875 0.03359375
0 0.53828125 0.55078125 0.0265625 0.03359375
0 0.07734375 0.01953125 0.0234375 0.03515625
0 0.41171875 0.88125 0.0296875 0.05
0 0.3984375 0.79375 0.025 0.04609375
0 0.14375 0.77578125 0.0375 0.04375
0 0.5109375 0.24609375 0.0421875 0.04375
0 0.15546875 0.28046875 0.0296875 0.03984375
0 0.82578125 0.07421875 0.025 0.03984375
0 0.86171875 0.08359375 0.03125 0.03984375
0 0.515625 0.953125 0.025 0.02734375
0 0.4921875 0.975 0.0296875 0.03125
0 0.64296875 0.93671875 0.0234375 0.02734375
0 0.2515625 0.93046875 0.0296875 0.03359375
0 0.01484375 0.98203125 0.021875 0.025
1 0.42890625 0.86640625 0.0890625 0.1125
1 0.6796875 0.78984375 0.103125 0.09609375