0 0.73046875 0.56953125 0.0265625 0.0375
0 0.76171875 0.42265625 0.0265625 0.0375
0 0.7578125 0.14375 0.0265625 0.0375
0 0.80546875 0.15390625 0.0265625 0.0375
0 0.91640625 0.19375 0.0265625 0.0375
0 0.97890625 0.25546875 0.0265625 0.0375
0 0.86484375 0.81015625 0.0265625 0.0375
0 0.77890625 0.82109375 0.0265625 0.04140625
0 0.73359375 0.87578125 0.0265625 0.0375
0 0.7171875 0.78046875 0.0265625 0.0375
0 0.7046875 0.67578125 0.0265625 0.0375
0 0.8078125 0.49140625 0.028125 0.04609375
0 0.446875 0.06640625 0.0265625 0.0375
0 0.36171875 0.42421875 0.0265625 0.0375
0 0.51171875 0.13125 0.0265625 0.0375
0 0.15390625 0.15234375 0.0265625 0.0375
0 0.16328125 0.02734375 0.0265625 0.0375
0 0.146875 0.24921875 0.0265625 0.0375
0 0.171875 0.56328125 0.025 0.03984375
0 0.1328125 0.590625 0.025 0.03984375
0 0.33515625 0.83203125 0.0265625 0.03359375
0 0.22578125 0.925 0.0265625 0.03359375
0 0.28984375 0.36484375 0.0265625 0.03359375
0 0.4171875 0.48984375 0.0265625 0.03359375
0 0.50546875 0.59609375 0.0265625 0.03359375
0 0.990625 0.71875 0.01875 0.03359375
0 0.5921875 0.525 0.028125 0.0375
0 0.21328125 0.66015625 0.0265625 0.03359375
0 0.01484375 0.178125 0.0171875 0.03515625
0 0.209375 0.115625 0.0390625 0.04140625
0 0.41171875 0.88125 0.0296875 0.05
0 0.3984375 0.79375 0.025 0.04609375
0 0.878125 0.72421875 0.0359375 0.04609375
0 0.14375 0.77578125 0.0375 0.04375
0 0.49765625 0.265625 0.0421875 0.04375
0 0.61484375 0.93046875 0.0234375 0.02890625
0 0.5015625 0.98125 0.025 0.02734375
0 0.60703125 0.96328125 0.0296875 0.04375
0 0.47578125 0.98984375 0.0296875 0.01875
1 0.42890625 0.86640625 0.0890625 0.1125
1 0.6796875 0.78984375 0.103125 0.09609375