0 0.26640625 0.56640625 0.0265625 0.0375
0 0.23828125 0.42265625 0.0265625 0.0375
0 0.2421875 0.14375 0.0265625 0.0375
0 0.19453125 0.15390625 0.0265625 0.0375
0 0.08359375 0.19375 0.0265625 0.0375
0 0.01875 0.246875 0.0265625 0.0375
0 0.13515625 0.81015625 0.0265625 0.0375
0 0.23203125 0.81484375 0.0265625 0.04140625
0 0.2578125 0.865625 0.0265625 0.0375
0 0.28203125 0.77890625 0.0265625 0.0375
0 0.28671875 0.66484375 0.0265625 0.0375
0 0.15390625 0.46875 0.028125 0.05
0 0.54375 0.04609375 0.0265625 0.0375
0 0.63671875 0.41640625 0.0265625 0.0375
0 0.48828125 0.13125 0.0265625 0.0375
0 0.84453125 0.14921875 0.0265625 0.0375
0 0.83515625 0.02421875 0.0265625 0.0375
0 0.85234375 0.24765625 0.0265625 0.0375
0 0.828125 0.56328125 0.025 0.03984375
0 0.86640625 0.590625 0.025 0.03984375
0 0.6625 0.82265625 0.0265625 0.03359375
0 0.77109375 0.91953125 0.0265625 0.03359375
0 0.71015625 0.36484375 0.0265625 0.03359375
0 0.57578125 0.47578125 0.0265625 0.03359375
0 0.48828125 0.59453125 0.0265625 0.03359375
0 0.00625 0.69921875 0.0125 0.03515625
0 0.4515625 0.53125 0.028125 0.0375
0 0.7328125 0.825 0.0265625 0.03359375
0 0.97734375 0.15625 0.0234375 0.03515625
0 0.58828125 0.88125 0.0296875 0.05
0 0.6015625 0.79375 0.025 0.04609375
0 0.05078125 0.896875 0.0296875 0.03984375
0 0.85625 0.77578125 0.0375 0.04375
0 0.49921875 0.26015625 0.0421875 0.04375
0 0.5015625 0.978125 0.025 0.02734375
0 0.2671875 0.78984375 0.028125 0.0375
0 0.51953125 0.98828125 0.0296875 0.01875
0 0.371875 0.984375 0.0234375 0.02265625
1 0.57109375 0.86640625 0.0890625 0.1125
1 0.3203125 0.78984375 0.103125 0.09609375