0 0.275 0.41484375 0.0265625 0.0375
0 0.23828125 0.58203125 0.0265625 0.0375
0 0.2453125 0.84921875 0.0265625 0.0375
0 0.19453125 0.84609375 0.0265625 0.0375
0 0.08359375 0.80625 0.0265625 0.0375
0 0.0296875 0.728125 0.0265625 0.0375
0 0.13515625 0.18984375 0.0265625 0.0375
0 0.1921875 0.125 0.0265625 0.0375
0 0.3109375 0.096875 0.0265625 0.0375
0 0.28515625 0.21640625 0.0265625 0.0375
0 0.3140625 0.30546875 0.0265625 0.0375
0 0.440625 0.140625 0.0265625 0.04140625
0 0.584375 0.87578125 0.0265625 0.0375
0 0.646875 0.56328125 0.0265625 0.0375
0 0.48828125 0.86875 0.0265625 0.0375
0 0.48515625 0.81015625 0.0265625 0.0375
0 0.84921875 0.83828125 0.0265625 0.0375
0 0.83984375 0.96328125 0.0265625 0.0375
0 0.85546875 0.74765625 0.0265625 0.0375
0 0.88984375 0.67421875 0.0265625 0.0375
0 0.828125 0.43671875 0.025 0.03984375
0 0.86875 0.409375 0.025 0.03984375
0 0.66796875 0.171875 0.0234375 0.03359375
0 0.6734375 0.13203125 0.0265625 0.03359375
0 0.77109375 0.06015625 0.0265625 0.03359375
0 0.7703125 0.06328125 0.0265625 0.03359375
0 0.7125 0.63828125 0.0265625 0.03359375
0 0.5890625 0.48125 0.0265625 0.03359375
0 0.5 0.384375 0.0265625 0.03359375
0 0.16328125 0.56796875 0.0265625 0.03359375
0 0.01640625 0.21640625 0.0265625 0.03359375
0 0.07734375 0.20859375 0.0265625 0.03359375
0 0.646875 0.99140625 0.025 0.01640625
0 0.75859375 0.85234375 0.0265625 0.03359375
0 0.9875 0.76953125 0.025 0.03359375
0 0.58671875 0.259375 0.025 0.03515625
0 0.58828125 0.11875 0.0296875 0.05
0 0.6015625 0.20625 0.025 0.04609375
0 0.35390625 0.74765625 0.0390625 0.04140625
0 0.75625 0.584375 0.028125 0.03515625
0 0.85625 0.22421875 0.0375 0.04375
0 0.5140625 0.71796875 0.0421875 0.04375