0 0.73515625 0.56484375 0.0265625 0.0375
0 0.76171875 0.42265625 0.0265625 0.0375
0 0.7578125 0.14375 0.0265625 0.0375
0 0.80546875 0.15390625 0.0265625 0.0375
0 0.91640625 0.19375 0.0265625 0.0375
0 0.98359375 0.23984375 0.0265625 0.0375
0 0.86484375 0.81015625 0.0265625 0.0375
0 0.74453125 0.79375 0.0265625 0.04140625
0 0.7484375 0.85703125 0.0265625 0.0375
0 0.71796875 0.77890625 0.0265625 0.0375
0 0.72109375 0.65390625 0.0265625 0.0375
0 0.8828125 0.475 0.028125 0.05
0 0.465625 0.02890625 0.0265625 0.0375
0 0.36796875 0.40625 0.0265625 0.0375
0 0.51171875 0.13125 0.0265625 0.0375
0 0.15625 0.146875 0.0265625 0.0375
0 0.165625 0.021875 0.0265625 0.0375
0 0.1484375 0.246875 0.0265625 0.0375
0 0.171875 0.56328125 0.025 0.03984375
0 0.13359375 0.590625 0.025 0.03984375
0 0.33828125 0.81640625 0.0265625 0.03359375
0 0.23046875 0.91484375 0.0265625 0.03359375
0 0.28984375 0.36484375 0.0265625 0.03359375
0 0.43203125 0.465625 0.028125 0.03359375
0 0.5171875 0.59375 0.0265625 0.03359375
0 0.440625 0.4625 0.028125 0.0375
0 0.31171875 0.90078125 0.0265625 0.03359375
0 0.02421875 0.140625 0.0234375 0.03515625
0 0.41171875 0.88125 0.0296875 0.05
0 0.3984375 0.79375 0.025 0.04609375
0 0.14375 0.77578125 0.0375 0.04375
0 0.05234375 0.73125 0.0328125 0.04140625
0 0.503125 0.25625 0.0421875 0.04375
0 0.49609375 0.97578125 0.025 0.02734375
0 0.85625 0.72265625 0.028125 0.0375
0 0.48515625 0.9875 0.0296875 0.01875
0 0.63203125 0.97734375 0.0234375 0.02734375
0 0.8765625 0.98828125 0.0265625 0.02265625
1 0.42890625 0.86640625 0.0890625 0.1125
1 0.6796875 0.78984375 0.103125 0.09609375