0 0.73515625 0.56484375 0.0265625 0.0375
0 0.76171875 0.42265625 0.0265625 0.0375
0 0.75859375 0.14375 0.0265625 0.0375
0 0.80546875 0.15390625 0.0265625 0.0375
0 0.91640625 0.19375 0.0265625 0.0375
0 0.99375 0.209375 0.0125 0.03125
0 0.86484375 0.81015625 0.0265625 0.0375
0 0.68203125 0.76796875 0.0265625 0.04140625
0 0.7578125 0.83671875 0.0265625 0.0375
0 0.72109375 0.775 0.0265625 0.0375
0 0.7484375 0.63125 0.0265625 0.0375
0 0.4640625 0.02421875 0.0265625 0.0375
0 0.37109375 0.39296875 0.0265625 0.0375
0 0.51171875 0.13125 0.0265625 0.0375
0 0.15703125 0.14375 0.0265625 0.0375
0 0.16640625 0.01875 0.0265625 0.0375
0 0.153125 0.24609375 0.0265625 0.0375
0 0.171875 0.56328125 0.025 0.03984375
0 0.134375 0.590625 0.025 0.03984375
0 0.35234375 0.77734375 0.0265625 0.03359375
0 0.2375 0.90078125 0.0265625 0.03359375
0 0.28984375 0.36484375 0.0265625 0.03359375
0 0.45703125 0.421875 0.0296875 0.03359375
0 0.52890625 0.57578125 0.0265625 0.03359375
0 0.2296875 0.55390625 0.028125 0.0375
0 0.04765625 0.07578125 0.0234375 0.03515625
0 0.41171875 0.88125 0.0296875 0.05
0 0.3984375 0.79375 0.025 0.04609375
0 0.14375 0.77578125 0.0375 0.04375
0 0.26171875 0.97265625 0.0296875 0.03359375
0 0.50703125 0.25078125 0.0421875 0.04375
0 0.0234375 0.63515625 0.028125 0.04375
0 0.5078125 0.96171875 0.025 0.02734375
0 0.49296875 0.98125 0.0296875 0.025
0 0.6390625 0.95234375 0.0234375 0.02734375
1 0.42890625 0.86640625 0.0890625 0.1125
1 0.6796875 0.78984375 0.103125 0.09609375