0 0.725 0.58359375 0.0265625 0.0375
0 0.76171875 0.41875 0.0265625 0.0375
0 0.75546875 0.14921875 0.0265625 0.0375
0 0.80546875 0.15390625 0.0265625 0.0375
0 0.91640625 0.19375 0.0265625 0.0375
0 0.97109375 0.27109375 0.0265625 0.0375
0 0.86484375 0.81015625 0.0265625 0.0375
0 0.796875 0.86484375 0.0265625 0.0375
0 0.6953125 0.9 0.0265625 0.0375
0 0.715625 0.78203125 0.0265625 0.0375
0 0.68671875 0.69375 0.0265625 0.0375
0 0.621875 0.825 0.0265625 0.04140625
0 0.41953125 0.11953125 0.0265625 0.0375
0 0.3546875 0.43515625 0.0265625 0.0375
0 0.51171875 0.13125 0.0265625 0.0375
0 0.41953125 0.1875 0.0265625 0.0375
0 0.1515625 0.16015625 0.0265625 0.0375
0 0.1609375 0.03515625 0.0265625 0.0375
0 0.1453125 0.25078125 0.0265625 0.0375
0 0.06171875 0.27421875 0.0265625 0.04375
0 0.171875 0.56328125 0.025 0.03984375
0 0.13125 0.590625 0.025 0.03984375
0 0.31640625 0.86484375 0.0234375 0.03515625
0 0.32734375 0.86328125 0.0265625 0.03359375
0 0.2296875 0.934375 0.0265625 0.03359375
0 0.28828125 0.3625 0.0265625 0.03359375
0 0.41015625 0.51484375 0.0265625 0.03359375
0 0.50078125 0.61484375 0.0265625 0.03359375
0 0.9125 0.49375 0.0296875 0.0375
0 0.9828125 0.77578125 0.0265625 0.03359375
0 0.884375 0.74375 0.028125 0.0375
0 0.2484375 0.22578125 0.0265625 0.03359375
0 0.0109375 0.228125 0.021875 0.03359375
0 0.38046875 0.67578125 0.025 0.03515625
0 0.41171875 0.88125 0.0296875 0.05
0 0.3984375 0.79375 0.025 0.04609375
0 0.67109375 0.32265625 0.0390625 0.04140625
0 0.39375 0.39453125 0.028125 0.03515625
0 0.14375 0.77578125 0.0375 0.04375
0 0.4875 0.28046875 0.0421875 0.04375