0 0.7296875 0.43046875 0.0265625 0.0375
0 0.76171875 0.57734375 0.0265625 0.0375
0 0.7578125 0.85625 0.0265625 0.0375
0 0.80546875 0.84609375 0.0265625 0.0375
0 0.91640625 0.80625 0.0265625 0.0375
0 0.978125 0.74375 0.0265625 0.0375
0 0.86484375 0.18984375 0.0265625 0.0375
0 0.77890625 0.17578125 0.0265625 0.04140625
0 0.73125 0.121875 0.0265625 0.0375
0 0.7171875 0.21953125 0.0265625 0.0375
0 0.703125 0.321875 0.0265625 0.0375
0 0.7765625 0.45546875 0.028125 0.04609375
0 0.44453125 0.928125 0.0265625 0.0375
0 0.36171875 0.57421875 0.0265625 0.0375
0 0.51171875 0.86875 0.0265625 0.0375
0 0.15390625 0.846875 0.0265625 0.0375
0 0.16328125 0.971875 0.0265625 0.0375
0 0.146875 0.75078125 0.0265625 0.0375
0 0.171875 0.43671875 0.025 0.03984375
0 0.1328125 0.409375 0.025 0.03984375
0 0.334375 0.16484375 0.0265625 0.03359375
0 0.22578125 0.07421875 0.0265625 0.03359375
0 0.28984375 0.63515625 0.0265625 0.03359375
0 0.41640625 0.50703125 0.0265625 0.03359375
0 0.50390625 0.40390625 0.0265625 0.03359375
0 0.9890625 0.27734375 0.021875 0.03359375
0 0.625 0.440625 0.028125 0.0375
0 0.23515625 0.375 0.0265625 0.03359375
0 0.01328125 0.81640625 0.0171875 0.03515625
0 0.23203125 0.85625 0.0296875 0.04140625
0 0.41171875 0.11875 0.0296875 0.05
0 0.3984375 0.20625 0.025 0.04609375
0 0.8484375 0.32421875 0.0359375 0.04609375
0 0.14375 0.22421875 0.0375 0.04375
0 0.496875 0.73359375 0.0421875 0.04375
0 0.65546875 0.06484375 0.0234375 0.02890625
0 0.50234375 0.01875 0.025 0.02734375
0 0.55859375 0.00859375 0.0296875 0.01640625
0 0.475 0.009375 0.0296875 0.01875
1 0.42890625 0.13359375 0.0890625 0.1125
1 0.6796875 0.21015625 0.103125 0.09609375