0 0.26484375 0.56484375 0.0265625 0.0375
0 0.23828125 0.42265625 0.0265625 0.0375
0 0.240625 0.14375 0.0265625 0.0375
0 0.19453125 0.15390625 0.0265625 0.0375
0 0.08359375 0.19375 0.0265625 0.0375
0 0.13515625 0.81015625 0.0265625 0.0375
0 0.28359375 0.8 0.0265625 0.04140625
0 0.21875 0.82265625 0.0265625 0.0375
0 0.26875 0.75 0.0265625 0.0375
0 0.228125 0.61328125 0.0265625 0.0375
0 0.5390625 0.01953125 0.0265625 0.0375
0 0.63203125 0.3875 0.0265625 0.0375
0 0.48828125 0.13125 0.0265625 0.0375
0 0.84296875 0.14375 0.0265625 0.0375
0 0.83359375 0.01875 0.0265625 0.0375
0 0.8375 0.24609375 0.0265625 0.0375
0 0.828125 0.56328125 0.025 0.03984375
0 0.8640625 0.590625 0.025 0.03984375
0 0.6296875 0.7625 0.0265625 0.03359375
0 0.75234375 0.87734375 0.0265625 0.03359375
0 0.71015625 0.36484375 0.0265625 0.03359375
0 0.5109375 0.396875 0.0296875 0.03359375
0 0.46015625 0.54296875 0.0265625 0.03359375
0 0.91171875 0.00859375 0.0265625 0.01640625
0 0.58828125 0.88125 0.0296875 0.05
0 0.6015625 0.79375 0.025 0.04609375
0 0.85625 0.77578125 0.0375 0.04375
0 0.4875 0.24375 0.0421875 0.04375
0 0.81484375 0.15703125 0.0296875 0.03984375
0 0.178125 0.15234375 0.025 0.03984375
0 0.03515625 0.16875 0.03125 0.03984375
0 0.48359375 0.95234375 0.025 0.02734375
0 0.50859375 0.97421875 0.0296875 0.03125
0 0.35703125 0.93671875 0.0234375 0.02734375
0 0.78046875 0.846875 0.0234375 0.03984375
0 0.98046875 0.975 0.021875 0.02890625
1 0.57109375 0.86640625 0.0890625 0.1125
1 0.3203125 0.78984375 0.103125 0.09609375