0 0.26484375 0.43515625 0.0265625 0.0375
0 0.23828125 0.57734375 0.0265625 0.0375
0 0.24140625 0.85625 0.0265625 0.0375
0 0.19453125 0.84609375 0.0265625 0.0375
0 0.08359375 0.80625 0.0265625 0.0375
0 0.00546875 0.80078125 0.0109375 0.03359375
0 0.13515625 0.18984375 0.0265625 0.0375
0 0.32109375 0.22734375 0.0265625 0.04140625
0 0.23984375 0.16953125 0.0265625 0.0375
0 0.27578125 0.23203125 0.0265625 0.0375
0 0.2453125 0.37265625 0.0265625 0.0375
0 0.53671875 0.97734375 0.0265625 0.0375
0 0.6296875 0.60859375 0.0265625 0.0375
0 0.48828125 0.86875 0.0265625 0.0375
0 0.84296875 0.85625 0.0265625 0.0375
0 0.83359375 0.98125 0.0265625 0.0375
0 0.84453125 0.75390625 0.0265625 0.0375
0 0.828125 0.43671875 0.025 0.03984375
0 0.86484375 0.409375 0.025 0.03984375
0 0.640625 0.23203125 0.0265625 0.03359375
0 0.759375 0.103125 0.0265625 0.03359375
0 0.71015625 0.63515625 0.0265625 0.03359375
0 0.53203125 0.58828125 0.0296875 0.03359375
0 0.4671875 0.43046875 0.0265625 0.03359375
0 0.815625 0.36015625 0.028125 0.0375
0 0.94453125 0.94375 0.0234375 0.03515625
0 0.58828125 0.11875 0.0296875 0.05
0 0.6015625 0.20625 0.025 0.04609375
0 0.85625 0.22421875 0.0375 0.04375
0 0.49140625 0.75078125 0.0421875 0.04375
0 0.95703125 0.47734375 0.028125 0.04375
0 0.4859375 0.04453125 0.025 0.02734375
0 0.50703125 0.021875 0.0296875 0.03125
0 0.359375 0.05546875 0.0234375 0.02734375
1 0.57109375 0.13359375 0.0890625 0.1125
1 0.3203125 0.21015625 0.103125 0.09609375