0 0.26484375 0.43515625 0.0265625 0.0375
0 0.23828125 0.57734375 0.0265625 0.0375
0 0.24140625 0.85625 0.0265625 0.0375
0 0.19453125 0.84609375 0.0265625 0.0375
0 0.08359375 0.80625 0.0265625 0.0375
0 0.01171875 0.77421875 0.0234375 0.03515625
0 0.13515625 0.18984375 0.0265625 0.0375
0 0.30546875 0.24765625 0.0265625 0.04140625
0 0.24453125 0.15625 0.0265625 0.0375
0 0.28125 0.221875 0.0265625 0.0375
0 0.26640625 0.36171875 0.0265625 0.0375
0 0.53515625 0.975 0.0265625 0.0375
0 0.628125 0.60546875 0.0265625 0.0375
0 0.48828125 0.86875 0.0265625 0.0375
0 0.84296875 0.85625 0.0265625 0.0375
0 0.83359375 0.98125 0.0265625 0.0375
0 0.85 0.75390625 0.0265625 0.0375
0 0.828125 0.43671875 0.025 0.03984375
0 0.865625 0.409375 0.025 0.03984375
0 0.65859375 0.203125 0.0265625 0.03359375
0 0.76484375 0.09296875 0.0265625 0.03359375
0 0.71015625 0.63515625 0.0265625 0.03359375
0 0.5546875 0.55703125 0.0296875 0.03359375
0 0.47578125 0.41640625 0.0265625 0.03359375
0 0.65546875 0.49296875 0.028125 0.0375
0 0.9625 0.88984375 0.0234375 0.03515625
0 0.58828125 0.11875 0.0296875 0.05
0 0.6015625 0.20625 0.025 0.04609375
0 0.85625 0.22421875 0.0375 0.04375
0 0.85859375 0.12578125 0.0328125 0.0375
0 0.49453125 0.746875 0.0421875 0.04375
0 0.50078125 0.03125 0.025 0.02734375
0 0.50703125 0.015625 0.0296875 0.01875
0 0.3640625 0.0375 0.0234375 0.02734375
1 0.57109375 0.13359375 0.0890625 0.1125
1 0.3203125 0.21015625 0.103125 0.09609375