0 0.27109375 0.428125 0.0265625 0.0375
0 0.23828125 0.57734375 0.0265625 0.0375
0 0.24296875 0.85625 0.0265625 0.0375
0 0.19453125 0.84609375 0.0265625 0.0375
0 0.08359375 0.80625 0.0265625 0.0375
0 0.02265625 0.740625 0.0265625 0.0375
0 0.13515625 0.18984375 0.0265625 0.0375
0 0.22109375 0.18125 0.0265625 0.04140625
0 0.275 0.11875 0.0265625 0.0375
0 0.28359375 0.21875 0.0265625 0.0375
0 0.30078125 0.31875 0.0265625 0.0375
0 0.2578125 0.43984375 0.0265625 0.03515625
0 0.559375 0.91953125 0.0265625 0.0375
0 0.6390625 0.571875 0.0265625 0.0375
0 0.48828125 0.86875 0.0265625 0.0375
0 0.84609375 0.84609375 0.0265625 0.0375
0 0.83671875 0.97109375 0.0265625 0.0375
0 0.853125 0.75078125 0.0265625 0.0375
0 0.828125 0.43671875 0.025 0.03984375
0 0.8671875 0.409375 0.025 0.03984375
0 0.66640625 0.16015625 0.0265625 0.03359375
0 0.7734375 0.07265625 0.0265625 0.03359375
0 0.71015625 0.63515625 0.0265625 0.03359375
0 0.5859375 0.503125 0.0265625 0.03359375
0 0.49765625 0.40234375 0.0265625 0.03359375
0 0.01328125 0.26875 0.0265625 0.03359375
0 0.32734375 0.45625 0.028125 0.0375
0 0.77734375 0.45234375 0.0265625 0.03359375
0 0.98984375 0.80703125 0.0140625 0.03515625
0 0.76015625 0.7625 0.0296875 0.04140625
0 0.58828125 0.11875 0.0296875 0.05
0 0.6015625 0.20625 0.025 0.04609375
0 0.16015625 0.359375 0.0359375 0.04609375
0 0.85625 0.22421875 0.0375 0.04375
0 0.5046875 0.73125 0.0421875 0.04375
1 0.57109375 0.13359375 0.0890625 0.1125
1 0.3203125 0.21015625 0.103125 0.09609375