0 0.27109375 0.57109375 0.0265625 0.0375
0 0.23828125 0.42265625 0.0265625 0.0375
0 0.24296875 0.14375 0.0265625 0.0375
0 0.19453125 0.15390625 0.0265625 0.0375
0 0.08359375 0.19375 0.0265625 0.0375
0 0.02265625 0.25859375 0.0265625 0.0375
0 0.13515625 0.81015625 0.0265625 0.0375
0 0.221875 0.81953125 0.0265625 0.04140625
0 0.271875 0.87890625 0.0265625 0.0375
0 0.2828125 0.78046875 0.0265625 0.0375
0 0.2984375 0.68046875 0.0265625 0.0375
0 0.240625 0.54609375 0.028125 0.04609375
0 0.5578125 0.07578125 0.0265625 0.0375
0 0.63828125 0.42734375 0.0265625 0.0375
0 0.48828125 0.13125 0.0265625 0.0375
0 0.84609375 0.153125 0.0265625 0.0375
0 0.83671875 0.028125 0.0265625 0.0375
0 0.853125 0.24921875 0.0265625 0.0375
0 0.828125 0.56328125 0.025 0.03984375
0 0.8671875 0.590625 0.025 0.03984375
0 0.66640625 0.8375 0.0265625 0.03359375
0 0.7734375 0.92578125 0.0265625 0.03359375
0 0.71015625 0.36484375 0.0265625 0.03359375
0 0.58515625 0.49453125 0.0265625 0.03359375
0 0.49765625 0.59609375 0.0265625 0.03359375
0 0.01171875 0.72734375 0.0234375 0.03359375
0 0.353125 0.57890625 0.028125 0.0375
0 0.75703125 0.58203125 0.0265625 0.03359375
0 0.98828125 0.1875 0.015625 0.03515625
0 0.7609375 0.18515625 0.0296875 0.04140625
0 0.58828125 0.88125 0.0296875 0.05
0 0.6015625 0.79375 0.025 0.04609375
0 0.18125 0.68359375 0.0359375 0.04609375
0 0.85625 0.77578125 0.0375 0.04375
0 0.50390625 0.26796875 0.0421875 0.04375
1 0.57109375 0.86640625 0.0890625 0.1125
1 0.3203125 0.78984375 0.103125 0.09609375