0 0.26484375 0.56484375 0.0265625 0.0375
0 0.23828125 0.42265625 0.0265625 0.0375
0 0.2421875 0.14375 0.0265625 0.0375
0 0.19453125 0.15390625 0.0265625 0.0375
0 0.08359375 0.19375 0.0265625 0.0375
0 0.01484375 0.234375 0.0265625 0.0375
0 0.13515625 0.81015625 0.0265625 0.0375
0 0.27734375 0.76484375 0.0265625 0.04140625
0 0.24609375 0.85 0.0265625 0.0375
0 0.28125 0.778125 0.0265625 0.0375
0 0.27421875 0.646875 0.0265625 0.0375
0 0.053125 0.45 0.028125 0.05
0 0.534375 0.02578125 0.0265625 0.0375
0 0.62890625 0.4 0.0265625 0.0375
0 0.48828125 0.13125 0.0265625 0.0375
0 0.84375 0.14453125 0.0265625 0.0375
0 0.834375 0.01953125 0.0265625 0.0375
0 0.85078125 0.24609375 0.0265625 0.0375
0 0.828125 0.56328125 0.025 0.03984375
0 0.86640625 0.590625 0.025 0.03984375
0 0.6609375 0.8125 0.0265625 0.03359375
0 0.7671875 0.91171875 0.0265625 0.03359375
0 0.71015625 0.36484375 0.0265625 0.03359375
0 0.5625 0.45703125 0.0296875 0.03359375
0 0.4796875 0.58984375 0.0265625 0.03359375
0 0.6421875 0.40625 0.028125 0.0375
0 0.63046875 0.95859375 0.0265625 0.03359375
0 0.97421875 0.13203125 0.0234375 0.03515625
0 0.58828125 0.88125 0.0296875 0.05
0 0.6015625 0.79375 0.025 0.04609375
0 0.85625 0.77578125 0.0375 0.04375
0 0.89375 0.775 0.0328125 0.04375
0 0.4953125 0.25390625 0.0421875 0.04375
0 0.50625 0.97421875 0.025 0.02734375
0 0.04375 0.703125 0.0296875 0.03984375
0 0.51171875 0.98671875 0.0296875 0.01875
0 0.36640625 0.97109375 0.0234375 0.02734375
1 0.57109375 0.86640625 0.0890625 0.1125
1 0.3203125 0.78984375 0.103125 0.09609375