0 0.26484375 0.43515625 0.0265625 0.0375
0 0.23828125 0.57734375 0.0265625 0.0375
0 0.240625 0.85625 0.0265625 0.0375
0 0.19453125 0.84609375 0.0265625 0.0375
0 0.08359375 0.80625 0.0265625 0.0375
0 0.13515625 0.18984375 0.0265625 0.0375
0 0.28359375 0.20546875 0.0265625 0.04140625
0 0.21796875 0.17734375 0.0265625 0.0375
0 0.26796875 0.25078125 0.0265625 0.0375
0 0.228125 0.3875 0.0265625 0.0375
0 0.53984375 0.98125 0.0265625 0.0375
0 0.63203125 0.61171875 0.0265625 0.0375
0 0.48828125 0.86875 0.0265625 0.0375
0 0.84296875 0.85625 0.0265625 0.0375
0 0.83359375 0.98125 0.0265625 0.0375
0 0.83671875 0.75390625 0.0265625 0.0375
0 0.828125 0.43671875 0.025 0.03984375
0 0.8640625 0.409375 0.025 0.03984375
0 0.6296875 0.2375 0.0265625 0.03359375
0 0.7515625 0.12421875 0.0265625 0.03359375
0 0.71015625 0.63515625 0.0265625 0.03359375
0 0.51015625 0.603125 0.0296875 0.03359375
0 0.46015625 0.45703125 0.0265625 0.03359375
0 0.9109375 0.99140625 0.0265625 0.01640625
0 0.58828125 0.11875 0.0296875 0.05
0 0.6015625 0.20625 0.025 0.04609375
0 0.85625 0.22421875 0.0375 0.04375
0 0.4875 0.75625 0.0421875 0.04375
0 0.81171875 0.85234375 0.0296875 0.03984375
0 0.18046875 0.85 0.025 0.03984375
0 0.0359375 0.85078125 0.03125 0.03984375
0 0.48359375 0.04765625 0.025 0.02734375
0 0.50859375 0.02578125 0.0296875 0.03125
0 0.35703125 0.06328125 0.0234375 0.02734375
0 0.7828125 0.17109375 0.0234375 0.03984375
0 0.9796875 0.02578125 0.021875 0.02890625
1 0.57109375 0.13359375 0.0890625 0.1125
1 0.3203125 0.21015625 0.103125 0.09609375