0 0.73515625 0.43515625 0.0265625 0.0375
0 0.76171875 0.57734375 0.0265625 0.0375
0 0.7578125 0.85625 0.0265625 0.0375
0 0.80546875 0.84609375 0.0265625 0.0375
0 0.91640625 0.80625 0.0265625 0.0375
0 0.984375 0.76328125 0.0265625 0.0375
0 0.86484375 0.18984375 0.0265625 0.0375
0 0.73046875 0.228125 0.0265625 0.04140625
0 0.7515625 0.146875 0.0265625 0.0375
0 0.71875 0.221875 0.0265625 0.0375
0 0.72421875 0.35 0.0265625 0.0375
0 0.93125 0.54375 0.028125 0.05
0 0.46640625 0.97265625 0.0265625 0.0375
0 0.36953125 0.59765625 0.0265625 0.0375
0 0.51171875 0.86875 0.0265625 0.0375
0 0.15625 0.85390625 0.0265625 0.0375
0 0.165625 0.97890625 0.0265625 0.0375
0 0.1484375 0.753125 0.0265625 0.0375
0 0.171875 0.43671875 0.025 0.03984375
0 0.13359375 0.409375 0.025 0.03984375
0 0.3390625 0.18515625 0.0265625 0.03359375
0 0.23203125 0.0875 0.0265625 0.03359375
0 0.28984375 0.63515625 0.0265625 0.03359375
0 0.4359375 0.53984375 0.028125 0.03359375
0 0.51953125 0.40859375 0.0265625 0.03359375
0 0.3890625 0.57109375 0.028125 0.0375
0 0.34453125 0.08359375 0.0265625 0.03359375
0 0.025 0.86484375 0.0234375 0.03515625
0 0.41171875 0.11875 0.0296875 0.05
0 0.3984375 0.20625 0.025 0.04609375
0 0.14375 0.22421875 0.0375 0.04375
0 0.06640625 0.21484375 0.0328125 0.04140625
0 0.50390625 0.74453125 0.0421875 0.04375
0 0.49453125 0.025 0.025 0.02734375
0 0.9171875 0.2875 0.0296875 0.03984375
0 0.48671875 0.01328125 0.0296875 0.01875
0 0.63359375 0.02578125 0.0234375 0.02734375
0 0.9640625 0.08828125 0.0296875 0.03359375
1 0.42890625 0.13359375 0.0890625 0.1125
1 0.6796875 0.21015625 0.103125 0.09609375