0 0.26484375 0.56484375 0.0265625 0.0375
0 0.23828125 0.42265625 0.0265625 0.0375
0 0.24140625 0.14375 0.0265625 0.0375
0 0.19453125 0.15390625 0.0265625 0.0375
0 0.08359375 0.19375 0.0265625 0.0375
0 0.00625 0.21171875 0.0125 0.03125
0 0.13515625 0.81015625 0.0265625 0.0375
0 0.31015625 0.76484375 0.0265625 0.04140625
0 0.2421875 0.8375 0.0265625 0.0375
0 0.2796875 0.77578125 0.0265625 0.0375
0 0.253125 0.63203125 0.0265625 0.0375
0 0.5359375 0.02421875 0.0265625 0.0375
0 0.62890625 0.39375 0.0265625 0.0375
0 0.48828125 0.13125 0.0265625 0.0375
0 0.84296875 0.14375 0.0265625 0.0375
0 0.83359375 0.01875 0.0265625 0.0375
0 0.84765625 0.24609375 0.0265625 0.0375
0 0.828125 0.56328125 0.025 0.03984375
0 0.865625 0.590625 0.025 0.03984375
0 0.6484375 0.77890625 0.0265625 0.03359375
0 0.7625 0.90234375 0.0265625 0.03359375
0 0.71015625 0.36484375 0.0265625 0.03359375
0 0.54609375 0.42421875 0.0296875 0.03359375
0 0.471875 0.57734375 0.0265625 0.03359375
0 0.728125 0.575 0.028125 0.0375
0 0.95390625 0.08125 0.0234375 0.03515625
0 0.58828125 0.88125 0.0296875 0.05
0 0.6015625 0.79375 0.025 0.04609375
0 0.85625 0.77578125 0.0375 0.04375
0 0.77890625 0.971875 0.0296875 0.03359375
0 0.49296875 0.25078125 0.0421875 0.04375
0 0.971875 0.6875 0.025 0.0375
0 0.49375 0.9625 0.025 0.02734375
0 0.50703125 0.98125 0.0296875 0.025
0 0.36171875 0.95390625 0.0234375 0.02734375
1 0.57109375 0.86640625 0.0890625 0.1125
1 0.3203125 0.78984375 0.103125 0.09609375